Date,Open,High,Low,Close,Volume,Dividends,Stock_Splits,Index,Ticker
2001-01-16 00:00:00-05:00,3.468726396560669,3.468726396560669,3.468726396560669,3.468726396560669,3200,0.0,0.0,SandP500,GPN
2001-01-17 00:00:00-05:00,3.468726396560669,3.468726396560669,3.468726396560669,3.468726396560669,122800,0.0,0.0,SandP500,GPN
2001-01-18 00:00:00-05:00,3.5843480789300166,3.815596342086792,3.5843480789300166,3.815596342086792,167200,0.0,0.0,SandP500,GPN
2001-01-19 00:00:00-05:00,3.8734115684119454,3.960129737854004,3.8734115684119454,3.960129737854004,59600,0.0,0.0,SandP500,GPN
2001-01-22 00:00:00-05:00,3.931222105679447,4.2780946444158685,3.931222105679447,4.220282554626465,146800,0.0,0.0,SandP500,GPN
2001-01-23 00:00:00-05:00,4.1624702453613285,4.422624635696411,4.1624702453613285,4.335906505584717,76000,0.0,0.0,SandP500,GPN
2001-01-24 00:00:00-05:00,4.2780946444158685,4.2780946444158685,4.220282554626465,4.220282554626465,560000,0.0,0.0,SandP500,GPN
2001-01-25 00:00:00-05:00,4.307000462214152,4.335906505584717,4.278094418843588,4.335906505584717,143200,0.0,0.0,SandP500,GPN
2001-01-26 00:00:00-05:00,4.278092861175537,4.292545877598427,4.278092861175537,4.278092861175537,82000,0.0,0.0,SandP500,GPN
2001-01-29 00:00:00-05:00,4.282719858419935,4.335906876919716,4.254969860336296,4.324344635009766,262000,0.0,0.0,SandP500,GPN
2001-01-30 00:00:00-05:00,4.324344386912818,4.324344386912818,4.2434073749729295,4.301219463348389,339200,0.0,0.0,SandP500,GPN
2001-01-31 00:00:00-05:00,4.324344264664979,4.405280833245585,4.324344264664979,4.335906505584717,326000,0.0,0.0,SandP500,GPN
2001-02-01 00:00:00-05:00,4.39371940656086,4.902466040591164,4.338219845932858,4.8330912590026855,2556800,0.0,0.0,SandP500,GPN
2001-02-02 00:00:00-05:00,4.798405163979331,4.856217274388721,4.763717985947977,4.8169050216674805,795600,0.0,0.0,SandP500,GPN
2001-02-05 00:00:00-05:00,4.821530887645547,4.960280063613259,4.606469731056315,4.618031978607178,644800,0.0,0.0,SandP500,GPN
2001-02-06 00:00:00-05:00,4.601841567951552,4.6295915609545215,4.567154407501221,4.567154407501221,1338800,0.0,0.0,SandP500,GPN
2001-02-07 00:00:00-05:00,4.555594177244893,4.624968528747559,4.544031491280202,4.624968528747559,1350400,0.0,0.0,SandP500,GPN
2001-02-08 00:00:00-05:00,4.624967819605118,4.661967526876254,4.50934362411499,4.50934362411499,578800,0.0,0.0,SandP500,GPN
2001-02-09 00:00:00-05:00,4.50934232639361,4.567154407501221,4.50934232639361,4.567154407501221,441600,0.0,0.0,SandP500,GPN
2001-02-12 00:00:00-05:00,4.567157173587905,4.567157173587905,4.463095188140869,4.463095188140869,327200,0.0,0.0,SandP500,GPN
2001-02-13 00:00:00-05:00,4.4630950872631185,4.518595105628052,4.45153284072876,4.45153284072876,648800,0.0,0.0,SandP500,GPN
2001-02-14 00:00:00-05:00,4.451531289564613,4.451531289564613,4.409906510831046,4.412219047546387,135600,0.0,0.0,SandP500,GPN
2001-02-15 00:00:00-05:00,4.416845351683758,4.428407597410876,4.231846332550049,4.231846332550049,454400,0.0,0.0,SandP500,GPN
2001-02-16 00:00:00-05:00,4.185596573773944,4.185596573773944,4.023722500113808,4.178658962249756,427200,0.0,0.0,SandP500,GPN
2001-02-20 00:00:00-05:00,4.17865873175283,4.197158587058839,4.118534091740467,4.183283805847168,1000400,0.0,0.0,SandP500,GPN
2001-02-21 00:00:00-05:00,4.1832827284071215,4.1832827284071215,4.139345417970026,4.180970191955566,443600,0.0,0.0,SandP500,GPN
2001-02-22 00:00:00-05:00,4.180968650956984,4.194843423481201,4.139343892313271,4.169406414031982,623600,0.0,0.0,SandP500,GPN
2001-02-23 00:00:00-05:00,4.18559447126399,4.324343544551691,4.162469552204182,4.266531467437744,1222800,0.0,0.0,SandP500,GPN
2001-02-26 00:00:00-05:00,4.278094078365125,4.421468236143817,4.278094078365125,4.393718242645264,1182400,0.0,0.0,SandP500,GPN
2001-02-27 00:00:00-05:00,4.393720866888962,4.393720866888962,4.370595932006836,4.370595932006836,690000,0.0,0.0,SandP500,GPN
2001-02-28 00:00:00-05:00,4.370593321574999,4.393718242645264,4.359031081575458,4.393718242645264,326000,0.0,0.0,SandP500,GPN
2001-03-01 00:00:00-05:00,4.370594043720822,4.370594043720822,4.324344635009766,4.324344635009766,155200,0.0,0.0,SandP500,GPN
2001-03-02 00:00:00-05:00,4.335908059086732,4.349782841375824,4.324345814024385,4.338220596313477,836800,0.0,0.0,SandP500,GPN
2001-03-05 00:00:00-05:00,4.335905342181451,4.405279651227914,4.335905342181451,4.396029949188232,402800,0.0,0.0,SandP500,GPN
2001-03-06 00:00:00-05:00,4.3960302720788444,4.416842654535683,4.34746789932251,4.34746789932251,610000,0.0,0.0,SandP500,GPN
2001-03-07 00:00:00-05:00,4.347470166007331,4.391407489776611,4.347470166007331,4.391407489776611,89600,0.0,0.0,SandP500,GPN
2001-03-08 00:00:00-05:00,4.389092664236188,4.389092664236188,4.34746789932251,4.34746789932251,211600,0.0,0.0,SandP500,GPN
2001-03-09 00:00:00-05:00,4.347469595702232,4.349782132552134,4.324345109345813,4.3428449630737305,269600,0.0,0.0,SandP500,GPN
2001-03-12 00:00:00-05:00,4.342844486708439,4.370594043720822,4.312781952028559,4.324344635009766,106400,0.0,0.0,SandP500,GPN
2001-03-13 00:00:00-05:00,4.35903070260583,4.35903070260583,4.266531467437744,4.266531467437744,671600,0.0,0.0,SandP500,GPN
2001-03-14 00:00:00-05:00,4.2665325113163055,4.28965699496276,4.132408477239106,4.139345645904541,455600,0.0,0.0,SandP500,GPN
2001-03-15 00:00:00-05:00,4.116221336450179,4.116221336450179,3.9659099649244904,4.0306596755981445,1160400,0.0,0.0,SandP500,GPN
2001-03-16 00:00:00-05:00,4.05841165135329,4.116223785652179,4.012162208557129,4.012162208557129,402800,0.0,0.0,SandP500,GPN
2001-03-19 00:00:00-05:00,3.9659093839503257,4.104658491598906,3.9659093839503257,3.9774720668792725,1173600,0.0,0.0,SandP500,GPN
2001-03-20 00:00:00-05:00,3.9890347812265587,4.060721659592113,3.931222682947913,3.954347610473633,222000,0.0,0.0,SandP500,GPN
2001-03-21 00:00:00-05:00,3.9543457659501913,3.9774706826891832,3.7577846352754114,3.8502838611602783,135200,0.0,0.0,SandP500,GPN
2001-03-22 00:00:00-05:00,3.989032812379622,4.127781867980957,3.9312207426349897,4.127781867980957,2125600,0.0,0.0,SandP500,GPN
2001-03-23 00:00:00-05:00,4.139347043518895,4.231846332550049,4.139347043518895,4.231846332550049,757600,0.0,0.0,SandP500,GPN
2001-03-26 00:00:00-05:00,4.266530624465648,4.278092861175537,4.227218402152544,4.278092861175537,207600,0.0,0.0,SandP500,GPN
2001-03-27 00:00:00-05:00,4.254969490355266,4.266532172331066,4.192532330899599,4.243407249450684,435200,0.0,0.0,SandP500,GPN
2001-03-28 00:00:00-05:00,4.231843328878642,4.254968244990712,4.127781867980957,4.127781867980957,420800,0.0,0.0,SandP500,GPN
2001-03-29 00:00:00-05:00,4.116219233501815,4.116219233501815,4.0005950927734375,4.0005950927734375,535200,0.0,0.0,SandP500,GPN
2001-03-30 00:00:00-05:00,4.00059476942762,4.278092861175537,4.00059476942762,4.278092861175537,1308800,0.0,0.0,SandP500,GPN
2001-04-02 00:00:00-04:00,4.254971544795533,4.254971544795533,4.093097888617367,4.116222381591797,685600,0.0,0.0,SandP500,GPN
2001-04-03 00:00:00-04:00,4.116221436925621,4.162471294403076,4.03528484794707,4.162471294403076,192800,0.0,0.0,SandP500,GPN
2001-04-04 00:00:00-04:00,4.127782580174265,4.1624697397916295,4.104657660072301,4.160157203674316,606000,0.0,0.0,SandP500,GPN
2001-04-05 00:00:00-04:00,4.162469885840137,4.190219879150391,4.146282573522147,4.190219879150391,629200,0.0,0.0,SandP500,GPN
2001-04-06 00:00:00-04:00,4.178659625958784,4.379845981401621,4.162472304235963,4.359033584594727,476000,0.0,0.0,SandP500,GPN
2001-04-09 00:00:00-04:00,4.361344696846411,4.384469182566808,4.266532893964644,4.303532600402832,113600,0.0,0.0,SandP500,GPN
2001-04-10 00:00:00-04:00,4.326658462777481,4.4168456618536664,4.326658462777481,4.405282974243164,954400,0.0,0.0,SandP500,GPN
2001-04-11 00:00:00-04:00,4.5093436014703565,4.8330912590026855,4.5093436014703565,4.8330912590026855,1570000,0.0,0.0,SandP500,GPN
2001-04-12 00:00:00-04:00,4.7799047848366625,5.168402194976807,4.7799047848366625,5.168402194976807,689200,0.0,0.0,SandP500,GPN
2001-04-16 00:00:00-04:00,5.156839411648032,5.156839411648032,4.962590710264373,4.971840858459473,368000,0.0,0.0,SandP500,GPN
2001-04-17 00:00:00-04:00,4.9487159290430665,5.029652961464815,4.870091433670093,4.971840858459473,581200,0.0,0.0,SandP500,GPN
2001-04-18 00:00:00-04:00,4.856217378222112,4.951029206035022,4.856217378222112,4.920967102050781,285200,0.0,0.0,SandP500,GPN
2001-04-19 00:00:00-04:00,4.897839301823669,4.92096422115807,4.775277538101147,4.91171407699585,121600,0.0,0.0,SandP500,GPN
2001-04-20 00:00:00-04:00,4.948712301595541,5.041211510387126,4.844650857106639,4.856213092803955,1139600,0.0,0.0,SandP500,GPN
2001-04-23 00:00:00-04:00,4.879341113395005,4.879341113395005,4.821529015940256,4.8330912590026855,946400,0.0,0.0,SandP500,GPN
2001-04-24 00:00:00-04:00,4.8284661853491935,4.840028869482923,4.798404088744097,4.8330912590026855,626000,0.0,0.0,SandP500,GPN
2001-04-25 00:00:00-04:00,4.83309018501414,4.890902269622136,4.83309018501414,4.867777347564697,326000,0.0,0.0,SandP500,GPN
2001-04-26 00:00:00-04:00,4.870090963763329,4.890903354122807,4.835403793521298,4.851591110229492,469200,0.0,0.0,SandP500,GPN
2001-04-27 00:00:00-04:00,4.853900557450288,4.858525628157622,4.8377132510456375,4.856213092803955,549200,0.0,0.0,SandP500,GPN
2001-04-30 00:00:00-04:00,4.809965508430075,4.994964453259677,4.7984032673468855,4.890902519226074,946800,0.0,0.0,SandP500,GPN
2001-05-01 00:00:00-04:00,4.890904611945084,5.637836996939706,4.890904611945084,5.517588138580322,889200,0.0,0.0,SandP500,GPN
2001-05-02 00:00:00-04:00,5.549961307177963,5.76964745201561,5.364962773367217,5.656335353851318,547600,0.0,0.0,SandP500,GPN
2001-05-03 00:00:00-04:00,5.619335427285478,5.6424603533751,5.503711237908647,5.549961090087891,289200,0.0,0.0,SandP500,GPN
2001-05-04 00:00:00-04:00,5.515272727321439,5.5962097305749845,5.503710046244541,5.545334815979004,521600,0.0,0.0,SandP500,GPN
2001-05-07 00:00:00-04:00,5.57308635824416,5.665585627208817,5.57308635824416,5.640148162841797,176000,0.0,0.0,SandP500,GPN
2001-05-08 00:00:00-04:00,5.665583540316401,5.820519924163818,5.665583540316401,5.820519924163818,920000,0.0,0.0,SandP500,GPN
2001-05-09 00:00:00-04:00,5.804334024767891,5.804334024767891,5.6077728271484375,5.6077728271484375,213200,0.0,0.0,SandP500,GPN
2001-05-10 00:00:00-04:00,5.561522011534655,5.584646932131274,5.478272914886475,5.478272914886475,161600,0.0,0.0,SandP500,GPN
2001-05-11 00:00:00-04:00,5.501397790948085,5.501397790948085,5.318711404891981,5.321023941040039,71600,0.0,0.0,SandP500,GPN
2001-05-14 00:00:00-04:00,5.353398383941648,5.573084458795513,5.210024676179653,5.5661468505859375,136400,0.0,0.0,SandP500,GPN
2001-05-15 00:00:00-04:00,5.593943053848209,5.788515024573832,5.593943053848209,5.721341609954834,244800,0.01,0.0,SandP500,GPN
2001-05-16 00:00:00-04:00,5.70976070955482,5.837159288587535,5.6750158032024265,5.8024139404296875,309600,0.0,0.0,SandP500,GPN
2001-05-17 00:00:00-04:00,5.818626668086041,6.068790527467453,5.818626668086041,6.045627117156982,278800,0.0,0.0,SandP500,GPN
2001-05-18 00:00:00-04:00,6.022466659545898,6.068793502879998,6.015517500504127,6.022466659545898,119600,0.0,0.0,SandP500,GPN
2001-05-21 00:00:00-04:00,5.999303368566972,6.091956615447998,5.952976966029223,6.091956615447998,113600,0.0,0.0,SandP500,GPN
2001-05-22 00:00:00-04:00,6.138282775878906,6.416242927357879,6.075741675525315,6.138282775878906,606800,0.0,0.0,SandP500,GPN
2001-05-23 00:00:00-04:00,6.126700967439715,6.138282455728339,5.987720898948925,5.999302387237549,323200,0.0,0.0,SandP500,GPN
2001-05-24 00:00:00-04:00,5.999303774992482,5.999303774992482,5.709762082745687,5.813997268676758,375200,0.0,0.0,SandP500,GPN
2001-05-25 00:00:00-04:00,5.813995508846986,5.883485317230225,5.813995508846986,5.883485317230225,251600,0.0,0.0,SandP500,GPN
2001-05-29 00:00:00-04:00,5.871907123104857,5.964560400183466,5.860325187341484,5.895070552825928,271200,0.0,0.0,SandP500,GPN
2001-05-30 00:00:00-04:00,5.895065818428879,6.022463916871337,5.895065818428879,6.013198375701904,334000,0.0,0.0,SandP500,GPN
2001-05-31 00:00:00-04:00,6.022466790738611,6.184610304134555,6.022466790738611,6.091956615447998,350400,0.0,0.0,SandP500,GPN
2001-06-01 00:00:00-04:00,6.091957375873363,6.1151208009363645,6.024783929176803,6.034049034118652,77200,0.0,0.0,SandP500,GPN
2001-06-04 00:00:00-04:00,6.057211163779153,6.207772731781006,6.057211163779153,6.207772731781006,92800,0.0,0.0,SandP500,GPN
2001-06-05 00:00:00-04:00,6.300425628072292,6.300425628072292,6.161445566519658,6.277262210845947,513600,0.0,0.0,SandP500,GPN
2001-06-06 00:00:00-04:00,6.265680370144424,6.3096908193177725,6.233251850651137,6.279578685760498,279200,0.0,0.0,SandP500,GPN
2001-06-07 00:00:00-04:00,6.256415868803932,6.416242979288188,6.254099482645554,6.37454891204834,400000,0.0,0.0,SandP500,GPN
2001-06-08 00:00:00-04:00,6.346750800822533,6.358332728112283,6.323587388048384,6.335169315338135,111600,0.0,0.0,SandP500,GPN
2001-06-11 00:00:00-04:00,6.330540830303104,6.335173604355469,6.230938397205514,6.242520332336426,267200,0.0,0.0,SandP500,GPN
2001-06-12 00:00:00-04:00,6.230937860435755,6.369917977394577,6.219356368108191,6.346754550933838,351600,0.0,0.0,SandP500,GPN
2001-06-13 00:00:00-04:00,6.358335622744874,6.555223616445031,6.3537028497199035,6.427825450897217,111600,0.0,0.0,SandP500,GPN
2001-06-14 00:00:00-04:00,6.430139779328457,6.462568296512817,6.323588242885629,6.358333587646484,155600,0.0,0.0,SandP500,GPN
2001-06-15 00:00:00-04:00,6.3235886034932,6.369915437945891,6.251782407716424,6.277262210845947,436000,0.0,0.0,SandP500,GPN
2001-06-18 00:00:00-04:00,6.323591124473098,6.416244830316055,6.277264713357233,6.346754550933838,177600,0.0,0.0,SandP500,GPN
2001-06-19 00:00:00-04:00,6.346752020719546,6.358333950235436,6.265680281330056,6.277262210845947,145200,0.0,0.0,SandP500,GPN
2001-06-20 00:00:00-04:00,6.277263565212977,6.3977130073335,6.277263565212977,6.393080234527588,306400,0.0,0.0,SandP500,GPN
2001-06-21 00:00:00-04:00,6.390763852220294,6.624713577402403,6.390763852220294,6.43245792388916,946400,0.0,0.0,SandP500,GPN
2001-06-22 00:00:00-04:00,6.5019478418051,6.5019478418051,6.439406733407204,6.474152088165283,276800,0.0,0.0,SandP500,GPN
2001-06-25 00:00:00-04:00,6.488048317872946,6.638609863648119,6.488048317872946,6.624711990356445,233600,0.0,0.0,SandP500,GPN
2001-06-26 00:00:00-04:00,6.601551035113793,6.7405311452667815,6.601551035113793,6.705786228179932,731200,0.0,0.0,SandP500,GPN
2001-06-27 00:00:00-04:00,6.728947162628174,6.770641227158116,6.664090121630891,6.728947162628174,396400,0.0,0.0,SandP500,GPN
2001-06-28 00:00:00-04:00,6.786855138649452,6.94899861642146,6.786855138649452,6.9142537117004395,433600,0.0,0.0,SandP500,GPN
2001-06-29 00:00:00-04:00,6.937417340920625,6.972162246704102,6.914253923129825,6.972162246704102,523200,0.0,0.0,SandP500,GPN
2001-07-02 00:00:00-04:00,6.97216306436516,7.0995612144470215,6.937418154506971,7.0995612144470215,410000,0.0,0.0,SandP500,GPN
2001-07-03 00:00:00-04:00,7.076397727680263,7.23854122790759,7.041652818147405,7.2153778076171875,197200,0.0,0.0,SandP500,GPN
2001-07-05 00:00:00-04:00,7.215378010114739,7.479440301947378,7.215378010114739,7.377521514892578,460400,0.0,0.0,SandP500,GPN
2001-07-06 00:00:00-04:00,7.365937392864968,7.389100806916569,7.134304135959713,7.13662052154541,181200,0.0,0.0,SandP500,GPN
2001-07-09 00:00:00-04:00,7.136622754845939,7.145888300088245,6.925836460444134,6.948999881744385,556400,0.0,0.0,SandP500,GPN
2001-07-10 00:00:00-04:00,6.949001224262631,6.949001224262631,6.57838773727417,6.57838773727417,346800,0.0,0.0,SandP500,GPN
2001-07-11 00:00:00-04:00,6.57838773727417,6.624714588824827,6.508897901753784,6.57838773727417,250800,0.0,0.0,SandP500,GPN
2001-07-12 00:00:00-04:00,6.578384476190958,6.740527934433758,6.508894675118546,6.710415363311768,349600,0.0,0.0,SandP500,GPN
2001-07-13 00:00:00-04:00,6.710418208091328,6.786857198398279,6.694203943754334,6.775275707244873,151200,0.0,0.0,SandP500,GPN
2001-07-16 00:00:00-04:00,6.763693924832762,6.775275415487445,6.624713827948834,6.636295318603516,93200,0.0,0.0,SandP500,GPN
2001-07-17 00:00:00-04:00,6.659458938809285,6.72894876840507,6.636295515008836,6.694203853607178,190000,0.0,0.0,SandP500,GPN
2001-07-18 00:00:00-04:00,6.694203398023362,6.694203398023362,6.369916812303559,6.393080234527588,139200,0.0,0.0,SandP500,GPN
2001-07-19 00:00:00-04:00,7.064816205872849,7.261704614725486,6.9513159329590914,7.226959705352783,2679600,0.0,0.0,SandP500,GPN
2001-07-20 00:00:00-04:00,7.261708035995234,8.165078314325417,7.261708035995234,8.130332946777344,3266800,0.0,0.0,SandP500,GPN
2001-07-23 00:00:00-04:00,7.875534868683795,8.049259902551821,7.620738505788512,7.898697853088379,1524000,0.0,0.0,SandP500,GPN
2001-07-24 00:00:00-04:00,8.002933625825927,8.002933625825927,7.840790072496326,7.8732194900512695,934800,0.0,0.0,SandP500,GPN
2001-07-25 00:00:00-04:00,7.873216061777783,7.873216061777783,7.690225547220398,7.806042194366455,184800,0.0,0.0,SandP500,GPN
2001-07-26 00:00:00-04:00,7.806044525609643,7.875534357927952,7.678646352424217,7.870901584625244,294000,0.0,0.0,SandP500,GPN
2001-07-27 00:00:00-04:00,7.859318200288799,7.8732165168495705,7.792144328994822,7.845419883728027,732000,0.0,0.0,SandP500,GPN
2001-07-30 00:00:00-04:00,7.845422209317519,7.861636474972614,7.597574567319682,7.632319927215576,501200,0.0,0.0,SandP500,GPN
2001-07-31 00:00:00-04:00,7.632321143409097,7.690229496722351,7.470177577409717,7.481759071350098,347200,0.0,0.0,SandP500,GPN
2001-08-01 00:00:00-04:00,7.477122833846504,7.64389909689796,7.477122833846504,7.609153747558594,368400,0.0,0.0,SandP500,GPN
2001-08-02 00:00:00-04:00,7.6091525144496845,7.671693602958822,7.574408054351807,7.574408054351807,421200,0.0,0.0,SandP500,GPN
2001-08-03 00:00:00-04:00,7.516501979121854,7.516501979121854,7.377521888251047,7.4006853103637695,507600,0.0,0.0,SandP500,GPN
2001-08-06 00:00:00-04:00,7.3891011908901385,7.4933358968308195,7.354356288909912,7.354356288909912,564800,0.0,0.0,SandP500,GPN
2001-08-07 00:00:00-04:00,7.354358466138324,7.412266800517366,7.284868641605685,7.4006853103637695,190400,0.0,0.0,SandP500,GPN
2001-08-08 00:00:00-04:00,7.400684247904678,7.41226573639561,7.319612503051758,7.319612503051758,264800,0.0,0.0,SandP500,GPN
2001-08-09 00:00:00-04:00,7.308032964026495,7.412268161773682,7.226961634451584,7.412268161773682,348400,0.0,0.0,SandP500,GPN
2001-08-10 00:00:00-04:00,7.412266533627068,7.632318373066327,7.412266533627068,7.630001544952393,366400,0.0,0.0,SandP500,GPN
2001-08-13 00:00:00-04:00,7.632315668680749,8.107163648514453,7.632315668680749,7.9450201988220215,1308000,0.0,0.0,SandP500,GPN
2001-08-14 00:00:00-04:00,7.898693528521567,8.304051718945034,7.898693528521567,8.234561920166016,746000,0.0,0.0,SandP500,GPN
2001-08-15 00:00:00-04:00,8.267030771653005,8.64965577214827,8.104704611773313,8.139488220214844,1165600,0.01,0.0,SandP500,GPN
2001-08-16 00:00:00-04:00,8.13948487728464,8.151080293275923,8.028175783695458,8.11629581451416,306800,0.0,0.0,SandP500,GPN
2001-08-17 00:00:00-04:00,8.13948918831286,8.162679147971796,8.086153608007072,8.093111038208008,667600,0.0,0.0,SandP500,GPN
2001-08-20 00:00:00-04:00,8.093110612462798,8.292538947399484,8.093110612462798,8.162678718566895,315200,0.0,0.0,SandP500,GPN
2001-08-21 00:00:00-04:00,8.093109418488824,8.093109418488824,7.91686929877887,7.930783271789551,638800,0.0,0.0,SandP500,GPN
2001-08-22 00:00:00-04:00,7.958611507335945,8.185867792399439,7.958611507335945,8.162678718566895,309200,0.0,0.0,SandP500,GPN
2001-08-23 00:00:00-04:00,8.151085908412352,8.232248568626572,7.930786121908056,7.953975200653076,356800,0.0,0.0,SandP500,GPN
2001-08-24 00:00:00-04:00,7.953975535623346,8.0583281635839,7.937743002896892,8.035139083862305,189200,0.0,0.0,SandP500,GPN
2001-08-27 00:00:00-04:00,8.035135916723194,8.069919522595237,8.023540496826172,8.023540496826172,161200,0.0,0.0,SandP500,GPN
2001-08-28 00:00:00-04:00,8.021224351142303,8.058327405972587,7.710485935211182,7.710485935211182,242000,0.0,0.0,SandP500,GPN
2001-08-29 00:00:00-04:00,7.710480147557467,7.895995282457211,7.464672040936595,7.81483268737793,306000,0.0,0.0,SandP500,GPN
2001-08-30 00:00:00-04:00,7.803241379808973,7.977162056464985,7.703526787757687,7.94237756729126,229600,0.0,0.0,SandP500,GPN
2001-08-31 00:00:00-04:00,7.930783341261542,8.29021924342587,7.930783341261542,8.243840217590332,451600,0.0,0.0,SandP500,GPN
2001-09-04 00:00:00-04:00,8.290221700779226,8.580089592414863,8.248480653615164,8.267032623291016,513600,0.0,0.0,SandP500,GPN
2001-09-05 00:00:00-04:00,8.278625073142384,8.278625073142384,7.861215591430664,7.861215591430664,286400,0.0,0.0,SandP500,GPN
2001-09-06 00:00:00-04:00,7.849620948239106,7.988758045657315,6.8872602263105485,7.188722610473633,1967200,0.0,0.0,SandP500,GPN
2001-09-07 00:00:00-04:00,6.956827640533447,7.072774767875671,6.780587953896884,6.956827640533447,1041200,0.0,0.0,SandP500,GPN
2001-09-10 00:00:00-04:00,6.817689548436872,6.831603076912204,6.6205793854401005,6.713337421417236,315600,0.0,0.0,SandP500,GPN
2001-09-17 00:00:00-04:00,6.261144845127515,6.261144845127515,5.611841112183715,5.762572288513184,782400,0.0,0.0,SandP500,GPN
2001-09-18 00:00:00-04:00,5.716193004218881,6.040844856113271,5.623435395435222,5.971276760101318,2638400,0.0,0.0,SandP500,GPN
2001-09-19 00:00:00-04:00,6.02925128426201,6.168387940821011,5.6002467774981035,5.704599380493164,559600,0.0,0.0,SandP500,GPN
2001-09-20 00:00:00-04:00,5.704596448349671,5.704596448349671,5.356755206893021,5.428642272949219,423600,0.0,0.0,SandP500,GPN
2001-09-21 00:00:00-04:00,5.229215264361429,5.739382801407847,5.124863115172291,5.345162391662598,972000,0.0,0.0,SandP500,GPN
2001-09-24 00:00:00-04:00,5.4727053062954605,5.750978187583074,5.391542216722852,5.669815540313721,926400,0.0,0.0,SandP500,GPN
2001-09-25 00:00:00-04:00,5.658219500749908,6.249550092053404,5.658219500749908,6.040844917297363,1120400,0.0,0.0,SandP500,GPN
2001-09-26 00:00:00-04:00,6.029249736338211,6.156791380762577,5.820545026233282,5.878518581390381,1187600,0.0,0.0,SandP500,GPN
2001-09-27 00:00:00-04:00,5.87851973139906,6.282015701151584,5.87851973139906,6.268102169036865,281600,0.0,0.0,SandP500,GPN
2001-09-28 00:00:00-04:00,6.307524206757148,6.945233437714818,6.295929228085082,6.817691326141357,975600,0.0,0.0,SandP500,GPN
2001-10-01 00:00:00-04:00,6.806095015091278,6.817689548436872,6.585795343100222,6.713337421417236,441200,0.0,0.0,SandP500,GPN
2001-10-02 00:00:00-04:00,6.7133366325021795,6.945230810587878,6.711017637644957,6.868705749511719,298400,0.0,0.0,SandP500,GPN
2001-10-03 00:00:00-04:00,6.840880792291922,7.397426937780454,6.759717711380359,7.2582902908325195,298000,0.0,0.0,SandP500,GPN
2001-10-04 00:00:00-04:00,7.235099504686258,7.23741805755176,6.922042233774267,6.924361228942871,559200,0.0,0.0,SandP500,GPN
2001-10-05 00:00:00-04:00,6.9058108924151025,7.07277459241678,6.6089860945533845,6.97537899017334,409200,0.0,0.0,SandP500,GPN
2001-10-08 00:00:00-04:00,6.956826270695464,6.959145265862068,6.785224609094681,6.806095123291016,155200,0.0,0.0,SandP500,GPN
2001-10-09 00:00:00-04:00,6.817691146078981,6.991611840837645,6.815372150405815,6.875664710998535,444400,0.0,0.0,SandP500,GPN
2001-10-10 00:00:00-04:00,6.875663520080038,7.061179161071777,6.875663520080038,7.061179161071777,288000,0.0,0.0,SandP500,GPN
2001-10-11 00:00:00-04:00,7.061178418900485,7.2119095572801495,7.061178418900485,7.128427505493164,255200,0.0,0.0,SandP500,GPN
2001-10-12 00:00:00-04:00,7.142341432847852,7.200314984875198,6.922042200525795,6.940593719482422,170400,0.0,0.0,SandP500,GPN
2001-10-15 00:00:00-04:00,6.910448368619967,7.072774518087508,6.887259297813039,7.02407693862915,240800,0.0,0.0,SandP500,GPN
2001-10-16 00:00:00-04:00,7.024077440752171,7.119154053227377,6.945233355923482,7.070456027984619,638800,0.0,0.0,SandP500,GPN
2001-10-17 00:00:00-04:00,7.079732456781682,7.093645989597541,6.882622232293532,6.922044277191162,334000,0.0,0.0,SandP500,GPN
2001-10-18 00:00:00-04:00,6.910448386248106,6.98233592130312,6.448978887622908,6.86638879776001,349600,0.0,0.0,SandP500,GPN
2001-10-19 00:00:00-04:00,6.919726275497761,6.991613388061523,6.82928763574647,6.991613388061523,266800,0.0,0.0,SandP500,GPN
2001-10-22 00:00:00-04:00,6.991611628055888,6.991611628055888,6.692468272172738,6.9104485511779785,294800,0.0,0.0,SandP500,GPN
2001-10-23 00:00:00-04:00,6.9336388425554905,6.991612412212816,6.889578805771017,6.9452338218688965,224400,0.0,0.0,SandP500,GPN
2001-10-24 00:00:00-04:00,6.942912413923586,7.000885963439941,6.942912413923586,7.000885963439941,141600,0.0,0.0,SandP500,GPN
2001-10-25 00:00:00-04:00,6.919723339683996,6.986972431343448,6.748121675428539,6.898852825164795,349600,0.0,0.0,SandP500,GPN
2001-10-26 00:00:00-04:00,6.887257891566815,6.9916100158008065,6.840878874816318,6.984653472900391,185200,0.0,0.0,SandP500,GPN
2001-10-29 00:00:00-05:00,6.945234175074613,6.945234175074613,6.551013704435091,6.562608242034912,514000,0.0,0.0,SandP500,GPN
2001-10-30 00:00:00-05:00,6.539416352943719,6.632173940738743,6.400279750099648,6.585794925689697,482400,0.0,0.0,SandP500,GPN
2001-10-31 00:00:00-05:00,6.588116420474218,6.966104342329793,6.588116420474218,6.9452338218688965,409200,0.0,0.0,SandP500,GPN
2001-11-01 00:00:00-05:00,6.933636761332525,6.956826270695464,6.701742552309343,6.806095123291016,482000,0.0,0.0,SandP500,GPN
2001-11-02 00:00:00-05:00,6.70174566355439,6.78058976660942,6.59739348643095,6.660004615783691,235200,0.0,0.0,SandP500,GPN
2001-11-05 00:00:00-05:00,6.435066203271788,6.713339513307536,6.435066203271788,6.655365943908691,353600,0.0,0.0,SandP500,GPN
2001-11-06 00:00:00-05:00,6.666958409674872,6.840879063840303,6.643768900658862,6.815370559692383,316800,0.0,0.0,SandP500,GPN
2001-11-07 00:00:00-05:00,6.7829060204115885,6.910447666096367,6.7829060204115885,6.8779826164245605,226400,0.0,0.0,SandP500,GPN
2001-11-08 00:00:00-05:00,6.854793688710778,6.945232744108079,6.789863583844494,6.813052654266357,315600,0.0,0.0,SandP500,GPN
2001-11-09 00:00:00-05:00,6.829285621643066,6.840880156852057,6.72493303554948,6.829285621643066,408400,0.0,0.0,SandP500,GPN
2001-11-12 00:00:00-05:00,6.817687965011684,6.980014047967935,6.796817455994366,6.968419075012207,149200,0.0,0.0,SandP500,GPN
2001-11-13 00:00:00-05:00,6.9800163951479455,7.211910624605996,6.9800163951479455,7.158575057983398,478400,0.0,0.0,SandP500,GPN
2001-11-14 00:00:00-05:00,7.186441665267654,7.221270856925413,7.05873403868627,7.065700054168701,132800,0.01,0.0,SandP500,GPN
2001-11-15 00:00:00-05:00,7.054086273107917,7.10284746977242,6.872974395751953,6.872974395751953,233600,0.0,0.0,SandP500,GPN
2001-11-16 00:00:00-05:00,6.965852564171017,7.256096421011477,6.965852564171017,7.174828052520752,390800,0.0,0.0,SandP500,GPN
2001-11-19 00:00:00-05:00,7.209655970372599,7.77853400779493,7.200368398868236,7.662436485290527,818000,0.0,0.0,SandP500,GPN
2001-11-20 00:00:00-05:00,7.616000112248338,7.648507288836089,7.321112632751465,7.321112632751465,1246800,0.0,0.0,SandP500,GPN
2001-11-21 00:00:00-05:00,7.344333387347288,7.395416610658634,7.093562609337104,7.105172634124756,261600,0.0,0.0,SandP500,GPN
2001-11-23 00:00:00-05:00,7.10516948027184,7.290925365649066,6.91941315201765,7.242164611816406,232400,0.0,0.0,SandP500,GPN
2001-11-26 00:00:00-05:00,7.239844221239371,7.6206440925598145,7.1167806429549785,7.6206440925598145,735200,0.0,0.0,SandP500,GPN
2001-11-27 00:00:00-05:00,7.639216281069215,7.927137601132017,7.639216281069215,7.848191261291504,364400,0.0,0.0,SandP500,GPN
2001-11-28 00:00:00-05:00,7.836585495415635,7.8714151185857935,7.2862828524272105,7.372195243835449,364400,0.0,0.0,SandP500,GPN
2001-11-29 00:00:00-05:00,7.397734332469409,7.76692449229663,7.365226724762429,7.750670909881592,284800,0.0,0.0,SandP500,GPN
2001-11-30 00:00:00-05:00,7.773887580004421,7.9875074154884675,7.639214956425079,7.755312442779541,615600,0.0,0.0,SandP500,GPN
2001-12-03 00:00:00-05:00,7.732099605669358,8.124510041409986,7.488294834713284,8.068782806396484,518800,0.0,0.0,SandP500,GPN
2001-12-04 00:00:00-05:00,8.068782302292622,8.124509533824519,7.975903878324226,8.080391883850098,513200,0.0,0.0,SandP500,GPN
2001-12-05 00:00:00-05:00,8.080392388679279,8.177914828514318,8.05717322411369,8.068782806396484,633200,0.0,0.0,SandP500,GPN
2001-12-06 00:00:00-05:00,8.122184235214467,8.300974562858828,8.006086688880776,8.033949851989746,385200,0.0,0.0,SandP500,GPN
2001-12-07 00:00:00-05:00,8.022341471316794,8.103610297326824,7.824975967407227,7.824975967407227,426000,0.0,0.0,SandP500,GPN
2001-12-10 00:00:00-05:00,7.63922013746088,7.743707237441822,7.499902527896077,7.6856584548950195,789600,0.0,0.0,SandP500,GPN
2001-12-11 00:00:00-05:00,7.715842868999608,7.715842868999608,7.430243009608269,7.541696548461914,571200,0.0,0.0,SandP500,GPN
2001-12-12 00:00:00-05:00,7.541693859723718,7.681011397937269,7.541693859723718,7.66011381149292,290400,0.0,0.0,SandP500,GPN
2001-12-13 00:00:00-05:00,7.639218952462711,7.6624381075780175,7.383803817424383,7.4650726318359375,366400,0.0,0.0,SandP500,GPN
2001-12-14 00:00:00-05:00,7.453462978077816,7.60439015998215,7.070341562538801,7.081951141357422,476000,0.0,0.0,SandP500,GPN
2001-12-17 00:00:00-05:00,7.081949743595158,7.0935593201224005,6.849754670034661,7.047120571136475,581200,0.0,0.0,SandP500,GPN
2001-12-18 00:00:00-05:00,7.081950152920823,7.244486890958322,7.061052559662373,7.116779327392578,821600,0.0,0.0,SandP500,GPN
2001-12-19 00:00:00-05:00,7.128390195477893,7.4070240672758585,7.072662978241266,7.232877731323242,614400,0.0,0.0,SandP500,GPN
2001-12-20 00:00:00-05:00,7.267706909938359,7.453462824470336,7.221268152743882,7.232877731323242,366400,0.0,0.0,SandP500,GPN
2001-12-21 00:00:00-05:00,7.232878151267364,7.309502525820279,7.163219789992736,7.290926933288574,930800,0.0,0.0,SandP500,GPN
2001-12-24 00:00:00-05:00,7.3095013825708035,7.411667346954346,7.293247797007352,7.411667346954346,76800,0.0,0.0,SandP500,GPN
2001-12-26 00:00:00-05:00,7.441856070168396,7.952685693313112,7.43256804947836,7.915534496307373,322000,0.0,0.0,SandP500,GPN
2001-12-27 00:00:00-05:00,7.917852799172326,8.075745542887848,7.859804022387326,8.022340774536133,609600,0.0,0.0,SandP500,GPN
2001-12-28 00:00:00-05:00,8.040919129403822,8.161660726261019,7.917855084782553,8.080391883850098,439200,0.0,0.0,SandP500,GPN
2001-12-31 00:00:00-05:00,8.080389141519904,8.21970673019076,7.98751163482666,7.98751163482666,320800,0.0,0.0,SandP500,GPN
2002-01-02 00:00:00-05:00,7.929464316059578,7.941073895807367,7.752995515178215,7.8412299156188965,439600,0.0,0.0,SandP500,GPN
2002-01-03 00:00:00-05:00,7.848194444181135,8.033950352742325,7.836584865974943,8.022340774536133,582800,0.0,0.0,SandP500,GPN
2002-01-04 00:00:00-05:00,8.033952782223578,8.103612044033891,7.7204896470944,7.9759039878845215,672000,0.0,0.0,SandP500,GPN
2002-01-07 00:00:00-05:00,7.952680291551532,7.952680291551532,7.662436485290527,7.662436485290527,330000,0.0,0.0,SandP500,GPN
2002-01-08 00:00:00-05:00,7.639219008401788,7.720486937654447,7.4882918417851405,7.694945335388184,318800,0.0,0.0,SandP500,GPN
2002-01-09 00:00:00-05:00,7.720489062342303,7.915533031979015,7.609035491943359,7.609035491943359,304800,0.0,0.0,SandP500,GPN
2002-01-10 00:00:00-05:00,7.65546995510491,7.766923456409208,7.546338014227212,7.708874702453613,904800,0.0,0.0,SandP500,GPN
2002-01-11 00:00:00-05:00,7.755313787555047,7.892308880638477,7.755313787555047,7.848191261291504,272000,0.0,0.0,SandP500,GPN
2002-01-14 00:00:00-05:00,7.859802195256034,7.999119758605957,7.831939036887582,7.999119758605957,222400,0.0,0.0,SandP500,GPN
2002-01-15 00:00:00-05:00,7.999124235879023,7.999124235879023,7.778538634757424,7.9898362159729,203600,0.0,0.0,SandP500,GPN
2002-01-16 00:00:00-05:00,8.022339776928774,8.205774101339612,7.999120623403777,8.115218162536621,337600,0.0,0.0,SandP500,GPN
2002-01-17 00:00:00-05:00,8.126828008227879,8.463511060005253,7.941072116619176,8.359023094177246,503200,0.0,0.0,SandP500,GPN
2002-01-18 00:00:00-05:00,8.317223758280923,8.32418932394293,7.999116897248818,8.04555606842041,336800,0.0,0.0,SandP500,GPN
2002-01-22 00:00:00-05:00,8.022337976331837,8.103606766936577,7.8598012808760895,7.906240463256836,227200,0.0,0.0,SandP500,GPN
2002-01-23 00:00:00-05:00,7.906240537073505,8.033947625497598,7.906240537073505,8.029304504394531,337200,0.0,0.0,SandP500,GPN
2002-01-24 00:00:00-05:00,8.029306729599906,8.08038904767402,7.917852305656057,8.033949851989746,282400,0.0,0.0,SandP500,GPN
2002-01-25 00:00:00-05:00,8.033948541208968,8.242924444815692,7.824973523356086,7.894631862640381,310800,0.0,0.0,SandP500,GPN
2002-01-28 00:00:00-05:00,7.790142603689969,7.790142603689969,7.627605915463567,7.708874702453613,338400,0.0,0.0,SandP500,GPN
2002-01-29 00:00:00-05:00,7.732099433353935,7.732099433353935,7.616001841604613,7.6485090255737305,825600,0.0,0.0,SandP500,GPN
2002-01-30 00:00:00-05:00,7.646185380376588,8.05717084949258,7.627609345595393,7.892312526702881,470400,0.0,0.0,SandP500,GPN
2002-01-31 00:00:00-05:00,7.945716471118447,8.347413881037246,7.929462885253536,8.340447425842285,602000,0.0,0.0,SandP500,GPN
2002-02-01 00:00:00-05:00,8.266149618467223,8.300979256362146,7.883028030395508,7.883028030395508,534400,0.0,0.0,SandP500,GPN
2002-02-04 00:00:00-05:00,7.848189900410995,7.859799471895736,7.62760449918681,7.755312442779541,392000,0.0,0.0,SandP500,GPN
2002-02-05 00:00:00-05:00,7.801757762374593,7.9294658211022195,7.66244100744996,7.759962558746338,181600,0.0,0.0,SandP500,GPN
2002-02-06 00:00:00-05:00,7.748350907484732,7.748350907484732,7.627609338777164,7.657794952392578,301600,0.0,0.0,SandP500,GPN
2002-02-07 00:00:00-05:00,7.639221912540524,7.674050658709072,7.546343484582391,7.5486650466918945,318800,0.0,0.0,SandP500,GPN
2002-02-08 00:00:00-05:00,7.546342068824342,7.678693228094158,7.546342068824342,7.671727657318115,315200,0.0,0.0,SandP500,GPN
2002-02-11 00:00:00-05:00,7.678692006071423,7.757638376734629,7.604389643771233,7.615999221801758,361600,0.0,0.0,SandP500,GPN
2002-02-12 00:00:00-05:00,7.627618041359356,7.834523713932948,7.627618041359356,7.706660747528076,376000,0.01,0.0,SandP500,GPN
2002-02-13 00:00:00-05:00,7.7299147205797505,7.7764106255894605,7.662495702657452,7.699692249298096,806400,0.0,0.0,SandP500,GPN
2002-02-14 00:00:00-05:00,7.753161094409183,7.799656992610725,7.6717939376831055,7.6717939376831055,242400,0.0,0.0,SandP500,GPN
2002-02-15 00:00:00-05:00,7.671795199027298,7.7415386143786,7.613675538428607,7.643898010253906,734000,0.0,0.0,SandP500,GPN
2002-02-19 00:00:00-05:00,7.660168920389798,7.669468275862176,7.439314105515244,7.46256160736084,412400,0.0,0.0,SandP500,GPN
2002-02-20 00:00:00-05:00,7.457914366342523,7.5206828117370605,7.323076344477438,7.5206828117370605,525200,0.0,0.0,SandP500,GPN
2002-02-21 00:00:00-05:00,7.534633489636631,7.539283169352266,7.183590652627778,7.206838607788086,324800,0.0,0.0,SandP500,GPN
2002-02-22 00:00:00-05:00,7.230085705888431,7.290530204772949,7.148718094181663,7.290530204772949,466400,0.0,0.0,SandP500,GPN
2002-02-25 00:00:00-05:00,7.295179810921201,7.346325397491455,7.218461874483656,7.346325397491455,435200,0.0,0.0,SandP500,GPN
2002-02-26 00:00:00-05:00,7.3579464363438545,7.37654470366251,7.285878205911277,7.332374095916748,142400,0.0,0.0,SandP500,GPN
2002-02-27 00:00:00-05:00,7.332376826675552,7.381197130287285,6.94646186010825,7.0673508644104,377600,0.0,0.0,SandP500,GPN
2002-02-28 00:00:00-05:00,7.067350694508606,7.385846632144465,7.020855231722511,7.106872081756592,1262000,0.0,0.0,SandP500,GPN
2002-03-01 00:00:00-05:00,7.130118740172502,7.311452209339894,7.130118740172502,7.304477691650391,442800,0.0,0.0,SandP500,GPN
2002-03-04 00:00:00-05:00,7.350975358691509,7.369573633588794,7.276581815684524,7.36492395401001,606000,0.0,0.0,SandP500,GPN
2002-03-05 00:00:00-05:00,7.416067588739789,7.497435191125478,7.276580333709717,7.276580333709717,545600,0.0,0.0,SandP500,GPN
2002-03-06 00:00:00-05:00,7.288205641268026,7.288205641268026,7.1138466567564365,7.19521427154541,408400,0.0,0.0,SandP500,GPN
2002-03-07 00:00:00-05:00,7.230083566303582,7.464886973610047,7.230083566303582,7.267280101776123,588800,0.0,0.0,SandP500,GPN
2002-03-08 00:00:00-05:00,7.288205474782824,7.834530369122952,7.288205474782824,7.808957576751709,1193200,0.0,0.0,SandP500,GPN
2002-03-11 00:00:00-05:00,7.867074623316415,7.939143297253004,7.6369204552730325,7.760134696960449,718000,0.0,0.0,SandP500,GPN
2002-03-12 00:00:00-05:00,7.736886308512191,7.869399018743571,7.676442272217401,7.760134696960449,404000,0.0,0.0,SandP500,GPN
2002-03-13 00:00:00-05:00,7.788034253227722,7.801983290554024,7.574154335238084,7.595076560974121,210400,0.0,0.0,SandP500,GPN
2002-03-14 00:00:00-05:00,7.567175681439763,7.578799430123121,7.471859523299935,7.539278507232666,222400,0.0,0.0,SandP500,GPN
2002-03-15 00:00:00-05:00,7.381197134496172,7.555556121925216,7.381197134496172,7.481163024902344,414000,0.0,0.0,SandP500,GPN
2002-03-18 00:00:00-05:00,7.520681563753692,8.171622284713994,7.427690665641782,8.146049499511719,1752000,0.0,0.0,SandP500,GPN
2002-03-19 00:00:00-05:00,8.136752307989068,8.252991626674627,7.997265480300649,8.211145401000977,643200,0.0,0.0,SandP500,GPN
2002-03-20 00:00:00-05:00,8.252995379882838,8.450601956779426,8.034465680634234,8.287867546081543,1170800,0.0,0.0,SandP500,GPN
2002-03-21 00:00:00-05:00,8.311108030973982,8.648202100506415,8.306458353627331,8.60403060913086,1342000,0.0,0.0,SandP500,GPN
2002-03-22 00:00:00-05:00,8.613331972556031,8.845810573093766,8.29948621656428,8.34133243560791,1010400,0.0,0.0,SandP500,GPN
2002-03-25 00:00:00-05:00,8.36923124002179,8.48547056279987,8.090256687987265,8.462223052978516,538400,0.0,0.0,SandP500,GPN
2002-03-26 00:00:00-05:00,8.497087214971387,8.729565666198155,8.497087214971387,8.627275466918945,622800,0.0,0.0,SandP500,GPN
2002-03-27 00:00:00-05:00,8.63658071636794,8.64587918677309,8.580785459759447,8.583109855651855,474800,0.0,0.0,SandP500,GPN
2002-03-28 00:00:00-05:00,8.583113202956513,8.92020749629131,8.487796971156344,8.520344734191895,435600,0.0,0.0,SandP500,GPN
2002-04-01 00:00:00-05:00,8.497091556065378,8.776066017430233,8.408749451152177,8.613330841064453,359200,0.0,0.0,SandP500,GPN
2002-04-02 00:00:00-05:00,8.578461878720017,8.773743965145963,8.555213483410022,8.694701194763184,332400,0.0,0.0,SandP500,GPN
2002-04-03 00:00:00-05:00,8.729575731827042,8.776071653051455,8.65750789642334,8.65750789642334,273200,0.0,0.0,SandP500,GPN
2002-04-04 00:00:00-05:00,8.659830777906368,9.229403717847232,8.624958621381829,8.931830406188965,1028800,0.0,0.0,SandP500,GPN
2002-04-05 00:00:00-05:00,8.938797396902626,9.148027488926003,8.648199307840999,8.671446800231934,530000,0.0,0.0,SandP500,GPN
2002-04-08 00:00:00-04:00,8.63890342345324,8.973672237154151,8.497091357180002,8.827211380004883,689200,0.0,0.0,SandP500,GPN
2002-04-09 00:00:00-04:00,8.834181907473441,8.938797396902626,8.671446800231934,8.671446800231934,435200,0.0,0.0,SandP500,GPN
2002-04-10 00:00:00-04:00,8.671457695860086,8.717953625898767,8.56684207498208,8.701680183410645,478400,0.0,0.0,SandP500,GPN
2002-04-11 00:00:00-04:00,8.701673539243304,8.701673539243304,8.067007106298089,8.176271438598633,900000,0.0,0.0,SandP500,GPN
2002-04-12 00:00:00-04:00,8.229740326379332,8.752817019492378,8.06467989589112,8.64355182647705,754400,0.0,0.0,SandP500,GPN
2002-04-15 00:00:00-04:00,8.601705408420694,8.673774070292454,8.387825591513828,8.543585777282715,618800,0.0,0.0,SandP500,GPN
2002-04-16 00:00:00-04:00,8.54358910104961,8.727247419735832,8.462221940535734,8.497093200683594,536400,0.0,0.0,SandP500,GPN
2002-04-17 00:00:00-04:00,8.497093401854972,8.52731587083374,8.225093841552734,8.225093841552734,314800,0.0,0.0,SandP500,GPN
2002-04-18 00:00:00-04:00,8.227416508816793,8.462220362811586,7.985638581459806,8.392476081848145,915200,0.0,0.0,SandP500,GPN
2002-04-19 00:00:00-04:00,8.420371787999876,8.520337616727234,8.292507899975265,8.345978736877441,199600,0.0,0.0,SandP500,GPN
2002-04-22 00:00:00-04:00,8.334357977839078,8.41572602504223,8.194871163827296,8.362256050109863,274800,0.0,0.0,SandP500,GPN
2002-04-23 00:00:00-04:00,8.36225216138328,8.366901837932822,8.264610727513132,8.345978736877441,280800,0.0,0.0,SandP500,GPN
2002-04-24 00:00:00-04:00,8.369227042849792,8.459893527253698,8.366902647767603,8.380850791931152,315200,0.0,0.0,SandP500,GPN
2002-04-25 00:00:00-04:00,8.40410324738971,8.601709737987601,8.36923109642037,8.590085983276367,343600,0.0,0.0,SandP500,GPN
2002-04-26 00:00:00-04:00,8.531968241943169,8.690053824713242,8.43200233263751,8.47152328491211,359200,0.0,0.0,SandP500,GPN
2002-04-29 00:00:00-04:00,8.47152045310311,8.7644440060751,8.327383959406479,8.724922180175781,374000,0.0,0.0,SandP500,GPN
2002-04-30 00:00:00-04:00,8.717950447556747,9.159660291633934,8.717950447556747,8.931830406188965,1017200,0.0,0.0,SandP500,GPN
2002-05-01 00:00:00-04:00,8.920208043975173,8.964379567388965,8.566840290844421,8.759798049926758,481200,0.0,0.0,SandP500,GPN
2002-05-02 00:00:00-04:00,8.764441549669947,8.88068082516468,8.690048484300142,8.831860542297363,360800,0.0,0.0,SandP500,GPN
2002-05-03 00:00:00-04:00,8.852790531471891,8.86441429069318,8.35761058448833,8.4087553024292,533200,0.0,0.0,SandP500,GPN
2002-05-06 00:00:00-04:00,8.432000780597132,8.56683793706107,8.257641792297363,8.257641792297363,272400,0.0,0.0,SandP500,GPN
2002-05-07 00:00:00-04:00,8.287860364763151,8.415723385306787,8.194868593366731,8.241364479064941,300800,0.0,0.0,SandP500,GPN
2002-05-08 00:00:00-04:00,8.299489553231943,8.834190372068948,8.299489553231943,8.741198539733887,431600,0.0,0.0,SandP500,GPN
2002-05-09 00:00:00-04:00,8.706324807413905,8.706324807413905,8.241367550802595,8.264615058898926,518400,0.0,0.0,SandP500,GPN
2002-05-10 00:00:00-04:00,8.241364192036635,8.41804748733404,8.125124925257092,8.21811580657959,284400,0.0,0.0,SandP500,GPN
2002-05-13 00:00:00-04:00,8.236715325316233,8.590082837512409,8.19486911421173,8.566834449768066,276800,0.0,0.0,SandP500,GPN
2002-05-14 00:00:00-04:00,8.64820698026434,8.717950406146356,8.450599572290225,8.578463554382324,458400,0.0,0.0,SandP500,GPN
2002-05-15 00:00:00-04:00,8.536566904466907,8.727406113798146,8.506311648022395,8.599404335021973,403600,0.01,0.0,SandP500,GPN
2002-05-16 00:00:00-04:00,8.587776213468526,8.587776213468526,8.410900115966797,8.410900115966797,260400,0.0,0.0,SandP500,GPN
2002-05-17 00:00:00-04:00,8.436493384562223,8.490021373983716,8.145579819577318,8.306163787841797,335200,0.0,0.0,SandP500,GPN
2002-05-20 00:00:00-04:00,8.308492512526064,8.308492512526064,7.99430529491165,8.071106910705566,420800,0.0,0.0,SandP500,GPN
2002-05-21 00:00:00-04:00,8.017582694579264,8.145584560107007,7.901217200863449,7.982672691345215,490000,0.0,0.0,SandP500,GPN
2002-05-22 00:00:00-04:00,7.989648211576554,8.13161324354629,7.901210265397429,8.087394714355469,528400,0.0,0.0,SandP500,GPN
2002-05-23 00:00:00-04:00,8.064123364664473,8.436492326003506,7.95939431685111,8.389945983886719,446000,0.0,0.0,SandP500,GPN
2002-05-24 00:00:00-04:00,8.355038790033934,8.44813060760498,8.168853379296172,8.44813060760498,311600,0.0,0.0,SandP500,GPN
2002-05-28 00:00:00-04:00,8.424855702165898,8.452783151454192,8.087395841990928,8.150233268737793,219600,0.0,0.0,SandP500,GPN
2002-05-29 00:00:00-04:00,8.164196298936744,8.24797863511975,8.022230379169526,8.087394714355469,276400,0.0,0.0,SandP500,GPN
2002-05-30 00:00:00-04:00,8.103692074135344,8.331768311719495,8.022236592068923,8.192130088806152,340400,0.0,0.0,SandP500,GPN
2002-05-31 00:00:00-04:00,8.217727537903643,8.564496045417165,8.217727537903643,8.44813060760498,457200,0.0,0.0,SandP500,GPN
2002-06-03 00:00:00-04:00,8.44813382939322,8.541226570264035,8.413224717415293,8.487698554992676,592400,0.0,0.0,SandP500,GPN
2002-06-04 00:00:00-04:00,8.464423080291086,8.471405611402737,8.033871245187076,8.168854713439941,649600,0.0,0.0,SandP500,GPN
2002-06-05 00:00:00-04:00,8.14558072682817,8.215399812641413,7.933795663442551,7.954741477966309,618400,0.0,0.0,SandP500,GPN
2002-06-06 00:00:00-04:00,7.954742747308167,7.968706921818223,7.633573835960765,7.936123847961426,613600,0.0,0.0,SandP500,GPN
2002-06-07 00:00:00-04:00,7.938449598860231,8.029214490179841,7.691754573177948,8.017578125,508400,0.0,0.0,SandP500,GPN
2002-06-10 00:00:00-04:00,8.001286921568221,8.052487105185612,7.866302601582046,7.912848949432373,332400,0.0,0.0,SandP500,GPN
2002-06-11 00:00:00-04:00,7.943105059255338,8.024560510867383,7.866303443908691,7.866303443908691,243600,0.0,0.0,SandP500,GPN
2002-06-12 00:00:00-04:00,7.8546662365688995,7.947758932269554,7.787174076575813,7.912848949432373,512000,0.0,0.0,SandP500,GPN
2002-06-13 00:00:00-04:00,7.912843822417856,7.912843822417856,7.749932154396878,7.773205757141113,424800,0.0,0.0,SandP500,GPN
2002-06-14 00:00:00-04:00,7.749939293483941,7.982670208530293,7.694084371039688,7.936123847961426,466800,0.0,0.0,SandP500,GPN
2002-06-17 00:00:00-04:00,7.97103218925333,8.178162518692849,7.97103218925333,8.08972454071045,512800,0.0,0.0,SandP500,GPN
2002-06-18 00:00:00-04:00,8.089720704863014,8.308488184151273,8.04550218073751,8.145576477050781,396800,0.0,0.0,SandP500,GPN
2002-06-19 00:00:00-04:00,8.122310775816707,8.280567898017473,8.110673517697535,8.157219886779785,484800,0.0,0.0,SandP500,GPN
2002-06-20 00:00:00-04:00,8.157210880550739,8.215393555715576,7.773205757141113,7.773205757141113,353600,0.0,0.0,SandP500,GPN
2002-06-21 00:00:00-04:00,7.808118772907656,7.808118772907656,7.510223609712343,7.575387954711914,748800,0.0,0.0,SandP500,GPN
2002-06-24 00:00:00-04:00,7.568406375064244,7.587024379014716,7.319384468618019,7.331020832061768,852800,0.0,0.0,SandP500,GPN
2002-06-25 00:00:00-04:00,7.35429646819519,7.424115560060436,6.807378768920898,6.807378768920898,1016000,0.0,0.0,SandP500,GPN
2002-06-26 00:00:00-04:00,6.8073799531578,7.270514467643215,6.69334184652663,7.00520133972168,1466400,0.0,0.0,SandP500,GPN
2002-06-27 00:00:00-04:00,7.075018837280207,7.284476545653511,6.656103420533597,7.000545024871826,1668400,0.0,0.0,SandP500,GPN
2002-06-28 00:00:00-04:00,7.0051991396831,7.424114519984869,6.84228735628858,6.92374324798584,3058800,0.0,0.0,SandP500,GPN
2002-07-01 00:00:00-04:00,6.981926248981021,7.517207083843333,6.981926248981021,7.179747581481934,996800,0.0,0.0,SandP500,GPN
2002-07-02 00:00:00-04:00,7.182076026155865,7.249567759242567,7.005200481250845,7.198367118835449,726000,0.0,0.0,SandP500,GPN
2002-07-03 00:00:00-04:00,7.179746991769451,7.191383357002427,6.967961948457354,7.075017929077148,312800,0.0,0.0,SandP500,GPN
2002-07-05 00:00:00-04:00,7.075019323352269,7.372915037350931,7.075019323352269,7.307750225067139,115600,0.0,0.0,SandP500,GPN
2002-07-08 00:00:00-04:00,7.28913369755236,7.377571712165827,7.214659860340442,7.249569416046143,423600,0.0,0.0,SandP500,GPN
2002-07-09 00:00:00-04:00,7.2495643815617195,7.319383888385815,7.028470386365692,7.140181064605713,955600,0.0,0.0,SandP500,GPN
2002-07-10 00:00:00-04:00,7.144840848470633,7.249569517046812,6.895818341462668,7.016838550567627,522800,0.0,0.0,SandP500,GPN
2002-07-11 00:00:00-04:00,7.028473308147458,7.203021481920335,6.7491960525512695,6.7491960525512695,791600,0.0,0.0,SandP500,GPN
2002-07-12 00:00:00-04:00,6.772467200922729,6.99123430409462,6.702647686004639,6.702647686004639,535600,0.0,0.0,SandP500,GPN
2002-07-15 00:00:00-04:00,6.702650099557411,6.702650099557411,6.202278726677433,6.439664363861084,779600,0.0,0.0,SandP500,GPN
2002-07-16 00:00:00-04:00,6.334935728680483,6.737560573283911,6.334935728680483,6.58628511428833,677200,0.0,0.0,SandP500,GPN
2002-07-17 00:00:00-04:00,6.67937530590396,6.935378875564631,6.656102133053303,6.742212295532227,937200,0.0,0.0,SandP500,GPN
2002-07-18 00:00:00-04:00,6.574648800239003,6.574648800239003,5.5878697061435805,5.736817359924316,4363600,0.0,0.0,SandP500,GPN
2002-07-19 00:00:00-04:00,5.701905941734954,5.748452290247443,5.1200788048232235,5.229462146759033,1128400,0.0,0.0,SandP500,GPN
2002-07-22 00:00:00-04:00,5.248080597384253,5.317900120152988,5.1200788048232235,5.229462146759033,1453200,0.0,0.0,SandP500,GPN
2002-07-23 00:00:00-04:00,5.24808280823708,5.352811914559832,5.24808280823708,5.296956539154053,1330000,0.0,0.0,SandP500,GPN
2002-07-24 00:00:00-04:00,5.2713555008576884,5.466849518501862,5.16895376687764,5.457540512084961,740800,0.0,0.0,SandP500,GPN
2002-07-25 00:00:00-04:00,5.452885510844464,5.72285334175132,5.452885510844464,5.713543891906738,2378400,0.0,0.0,SandP500,GPN
2002-07-26 00:00:00-04:00,5.713542945783244,5.853181563035766,5.527358418712499,5.6693243980407715,605600,0.0,0.0,SandP500,GPN
2002-07-29 00:00:00-04:00,5.725181908856556,6.051005175690861,5.725181908856556,5.941621780395508,355600,0.0,0.0,SandP500,GPN
2002-07-30 00:00:00-04:00,5.941619968133401,6.269770497828887,5.9113647028996565,6.179005146026611,794000,0.0,0.0,SandP500,GPN
2002-07-31 00:00:00-04:00,6.179004300895031,6.179004300895031,5.911363894374517,6.051002502441406,737200,0.0,0.0,SandP500,GPN
2002-08-01 00:00:00-04:00,6.053333056033551,6.053333056033551,5.615798549656903,5.632090091705322,409600,0.0,0.0,SandP500,GPN
2002-08-02 00:00:00-04:00,5.632088286422186,5.7019073829394,5.410993740952695,5.504086017608643,336800,0.0,0.0,SandP500,GPN
2002-08-05 00:00:00-04:00,5.527359711622064,5.64372517923516,5.341175141000723,5.387721061706543,250000,0.0,0.0,SandP500,GPN
2002-08-06 00:00:00-04:00,5.401684268218501,5.643724630387026,5.401684268218501,5.6204514503479,571600,0.0,0.0,SandP500,GPN
2002-08-07 00:00:00-04:00,5.627430842673985,5.888089091371407,5.606485035059166,5.755432605743408,833200,0.0,0.0,SandP500,GPN
2002-08-08 00:00:00-04:00,5.934637281398395,6.085912260575825,5.776380216203944,5.955583095550537,437200,0.0,0.0,SandP500,GPN
2002-08-09 00:00:00-04:00,5.957913370565086,5.99282292992072,5.725182382995349,5.750782489776611,534800,0.0,0.0,SandP500,GPN
2002-08-12 00:00:00-04:00,5.767072505544885,6.085913625551651,5.767072505544885,6.011439800262451,706000,0.0,0.0,SandP500,GPN
2002-08-13 00:00:00-04:00,6.011440089027128,6.0742775485954725,5.927656809602669,5.932311534881592,466800,0.0,0.0,SandP500,GPN
2002-08-14 00:00:00-04:00,5.943963733986314,6.0255476388622915,5.834408484042096,5.846063137054443,411200,0.01,0.0,SandP500,GPN
2002-08-15 00:00:00-04:00,5.857719800399622,6.097809558381314,5.857719800399622,5.995246887207031,273200,0.0,0.0,SandP500,GPN
2002-08-16 00:00:00-04:00,5.995246598632851,6.158414456529104,5.9672752453113835,6.121119022369385,583600,0.0,0.0,SandP500,GPN
2002-08-19 00:00:00-04:00,6.15375126019128,6.533699035644531,6.15375126019128,6.533699035644531,586800,0.0,0.0,SandP500,GPN
2002-08-20 00:00:00-04:00,6.5733280653305535,6.5733280653305535,6.351885990572807,6.3635406494140625,574400,0.0,0.0,SandP500,GPN
2002-08-21 00:00:00-04:00,6.410159010211407,6.573326871946359,6.410159010211407,6.456778526306152,564400,0.0,0.0,SandP500,GPN
2002-08-22 00:00:00-04:00,6.503397514860678,6.503397514860678,6.2469910688030685,6.480087757110596,340000,0.0,0.0,SandP500,GPN
2002-08-23 00:00:00-04:00,6.456780084445462,6.4730967856371455,6.305266842872948,6.319252967834473,339200,0.0,0.0,SandP500,GPN
2002-08-26 00:00:00-04:00,6.323914740883824,6.45211822235175,6.270302594162926,6.421815395355225,236000,0.0,0.0,SandP500,GPN
2002-08-27 00:00:00-04:00,6.480088708079356,6.708523834037597,6.398505210876465,6.398505210876465,452800,0.0,0.0,SandP500,GPN
2002-08-28 00:00:00-04:00,6.382184657588805,6.382184657588805,6.058180528641137,6.0838212966918945,336400,0.0,0.0,SandP500,GPN
2002-08-29 00:00:00-04:00,6.083824736320125,6.456779592896224,6.083824736320125,6.405498027801514,480400,0.0,0.0,SandP500,GPN
2002-08-30 00:00:00-04:00,6.421814517494896,6.526708220302733,6.410159859225899,6.494074821472168,299200,0.0,0.0,SandP500,GPN
2002-09-03 00:00:00-04:00,6.475425708685189,6.477756728756953,6.130442296206698,6.270300388336182,228000,0.0,0.0,SandP500,GPN
2002-09-04 00:00:00-04:00,6.270301659235755,6.435800561102256,6.270301659235755,6.340230941772461,435200,0.0,0.0,SandP500,GPN
2002-09-05 00:00:00-04:00,5.990586153281409,6.048860335921903,5.888023467347057,5.941635608673096,600400,0.0,0.0,SandP500,GPN
2002-09-06 00:00:00-04:00,5.988254454052166,6.060514307851011,5.929980278015137,5.929980278015137,350800,0.0,0.0,SandP500,GPN
2002-09-09 00:00:00-04:00,5.929980471761899,5.929980471761899,5.3728790283203125,5.3728790283203125,1310800,0.0,0.0,SandP500,GPN
2002-09-10 00:00:00-04:00,5.186400430978369,5.349568262825307,4.895029620249247,5.286632061004639,3163200,0.0,0.0,SandP500,GPN
2002-09-11 00:00:00-04:00,5.3146060715642305,5.594322367792579,5.186403028474369,5.533717155456543,888000,0.0,0.0,SandP500,GPN
2002-09-12 00:00:00-04:00,5.524390697479248,5.622291306750413,5.361222867161783,5.524390697479248,658400,0.0,0.0,SandP500,GPN
2002-09-13 00:00:00-04:00,5.512736219557317,5.547700631537422,5.407842983617002,5.454462051391602,1352400,0.0,0.0,SandP500,GPN
2002-09-16 00:00:00-04:00,5.45446261893021,5.524391894763204,5.347238351754952,5.4218292236328125,1165200,0.0,0.0,SandP500,GPN
2002-09-17 00:00:00-04:00,5.454462252405515,5.659587580882445,5.396188082092215,5.566348552703857,1048000,0.0,0.0,SandP500,GPN
2002-09-18 00:00:00-04:00,5.536045178111268,5.536045178111268,5.267984132090454,5.384532451629639,608000,0.0,0.0,SandP500,GPN
2002-09-19 00:00:00-04:00,6.06051295715346,6.13044177497429,5.818092225460963,5.983591079711914,3760400,0.0,0.0,SandP500,GPN
2002-09-20 00:00:00-04:00,6.025549750599095,6.123450381841588,5.925318099017891,5.981261253356934,1194800,0.0,0.0,SandP500,GPN
2002-09-23 00:00:00-04:00,5.981260443689578,6.0558513060444685,5.969605788170355,6.025548934936523,822800,0.0,0.0,SandP500,GPN
2002-09-24 00:00:00-04:00,6.013894068874231,6.055851541730944,5.911331851442963,5.9229865074157715,674800,0.0,0.0,SandP500,GPN
2002-09-25 00:00:00-04:00,5.967274764942468,6.013893831590933,5.8973454980748565,5.9159932136535645,437200,0.0,0.0,SandP500,GPN
2002-09-26 00:00:00-04:00,5.920655631892553,5.990584903227054,5.899676894951867,5.962613105773926,576400,0.0,0.0,SandP500,GPN
2002-09-27 00:00:00-04:00,5.9789290895068445,6.095477416571683,5.897345171642142,5.9556193351745605,800000,0.0,0.0,SandP500,GPN
2002-09-30 00:00:00-04:00,5.943965385571638,5.971937183008613,5.815762388427375,5.967275142669678,670000,0.0,0.0,SandP500,GPN
2002-10-01 00:00:00-04:00,5.990585378270394,6.363539743242502,5.990585378270394,6.3448920249938965,1747200,0.0,0.0,SandP500,GPN
2002-10-02 00:00:00-04:00,6.293609999820048,6.2982720398564345,6.177061666490047,6.226011753082275,1017200,0.0,0.0,SandP500,GPN
2002-10-03 00:00:00-04:00,6.246989575259408,6.265637288081809,5.617628934055966,5.888020992279053,1875200,0.0,0.0,SandP500,GPN
2002-10-04 00:00:00-04:00,5.8414023741472265,5.897345521101787,5.734178120300137,5.815762042999268,1268800,0.0,0.0,SandP500,GPN
2002-10-07 00:00:00-04:00,5.804107143627709,5.897345725110746,5.780797387107794,5.822754859924316,623200,0.0,0.0,SandP500,GPN
2002-10-08 00:00:00-04:00,5.804108624206745,5.897347229474161,5.72019410176444,5.7994465827941895,790800,0.0,0.0,SandP500,GPN
2002-10-09 00:00:00-04:00,5.801777319844163,5.820425039985936,5.685228957808906,5.729517459869385,491600,0.0,0.0,SandP500,GPN
2002-10-10 00:00:00-04:00,5.710868342371059,6.083823098547266,5.710868342371059,6.030210971832275,775200,0.0,0.0,SandP500,GPN
2002-10-11 00:00:00-04:00,6.032541537538338,6.368200862015791,6.032541537538338,6.226011753082275,676400,0.0,0.0,SandP500,GPN
2002-10-14 00:00:00-04:00,6.228343895154162,6.4101594879583335,6.191048457337412,6.361209392547607,398000,0.0,0.0,SandP500,GPN
2002-10-15 00:00:00-04:00,6.491742990619528,6.8180782719831505,6.491742990619528,6.729501724243164,783200,0.0,0.0,SandP500,GPN
2002-10-16 00:00:00-04:00,6.584983176351927,6.584983176351927,6.172401822847185,6.295943260192871,1066000,0.0,0.0,SandP500,GPN
2002-10-17 00:00:00-04:00,6.538360049284202,6.885674406247964,6.538360049284202,6.80409049987793,1315600,0.0,0.0,SandP500,GPN
2002-10-18 00:00:00-04:00,6.790107071125902,6.829733530219322,6.540693658724785,6.582651138305664,527200,0.0,0.0,SandP500,GPN
2002-10-21 00:00:00-04:00,6.573325881346398,6.876351356506348,6.410158044200832,6.876351356506348,453600,0.0,0.0,SandP500,GPN
2002-10-22 00:00:00-04:00,6.876354463189233,6.876354463189233,6.6479197436577016,6.696869850158691,496400,0.0,0.0,SandP500,GPN
2002-10-23 00:00:00-04:00,6.680550864854505,6.7248393588837905,6.6199456742345975,6.654910087585449,700800,0.0,0.0,SandP500,GPN
2002-10-24 00:00:00-04:00,6.67821979182049,6.794768131798497,6.573326552598264,6.682881832122803,528800,0.0,0.0,SandP500,GPN
2002-10-25 00:00:00-04:00,6.671228079666363,6.745818956221109,6.666566038732518,6.701530456542969,310800,0.0,0.0,SandP500,GPN
2002-10-28 00:00:00-05:00,6.724840814131773,6.75281217302677,6.564003944396973,6.564003944396973,194800,0.0,0.0,SandP500,GPN
2002-10-29 00:00:00-05:00,6.5103920434653615,6.5103920434653615,6.200373395900189,6.293612003326416,1215600,0.0,0.0,SandP500,GPN
2002-10-30 00:00:00-05:00,6.295943107235854,6.384519674311394,6.2260138172950805,6.35188627243042,636800,0.0,0.0,SandP500,GPN
2002-10-31 00:00:00-05:00,6.375192664458412,6.661901401188999,6.375192664458412,6.58497953414917,794000,0.0,0.0,SandP500,GPN
2002-11-01 00:00:00-05:00,6.584981545134618,6.946281239683873,6.536031453249747,6.929964542388916,763200,0.0,0.0,SandP500,GPN
2002-11-04 00:00:00-05:00,6.981245425554588,7.062828904157785,6.88800640212817,6.908985137939453,1488400,0.0,0.0,SandP500,GPN
2002-11-05 00:00:00-05:00,6.908984924718989,6.908984924718989,6.689874382380143,6.801760673522949,406800,0.0,0.0,SandP500,GPN
2002-11-06 00:00:00-05:00,6.799429136559434,6.876351011445983,6.79010505737485,6.815745830535889,746800,0.0,0.0,SandP500,GPN
2002-11-07 00:00:00-05:00,6.818080000066695,6.853044423968195,6.759805812031937,6.799432277679443,352400,0.0,0.0,SandP500,GPN
2002-11-08 00:00:00-05:00,6.818078037501472,6.853042451338561,6.608291109882294,6.61761474609375,540800,0.0,0.0,SandP500,GPN
2002-11-11 00:00:00-05:00,6.643257489510967,6.645588510402759,6.391513012955476,6.421815395355225,634800,0.0,0.0,SandP500,GPN
2002-11-12 00:00:00-05:00,6.4264772582922545,6.526708930866037,6.293612183335107,6.319252967834473,667200,0.0,0.0,SandP500,GPN
2002-11-13 00:00:00-05:00,6.162846548522325,6.571368579422055,6.162846548522325,6.5246806144714355,1162000,0.01,0.0,SandP500,GPN
2002-11-14 00:00:00-05:00,6.536352374962661,6.685754572480633,6.524680495251696,6.531683444976807,558400,0.0,0.0,SandP500,GPN
2002-11-15 00:00:00-05:00,6.5316814115316735,6.727771957353876,6.5316814115316735,6.599379539489746,448800,0.0,0.0,SandP500,GPN
2002-11-18 00:00:00-05:00,6.606385287929178,6.664745583565491,6.454648608325507,6.53635311126709,409200,0.0,0.0,SandP500,GPN
2002-11-19 00:00:00-05:00,6.501335279557644,6.620390304160734,6.4383060703112545,6.5830397605896,525600,0.0,0.0,SandP500,GPN
2002-11-20 00:00:00-05:00,6.583038167450406,6.830485570038646,6.583038167450406,6.79080057144165,757600,0.0,0.0,SandP500,GPN
2002-11-21 00:00:00-05:00,6.779130187411171,6.991561566255671,6.769792329097589,6.888847351074219,679200,0.0,0.0,SandP500,GPN
2002-11-22 00:00:00-05:00,6.884179867596336,7.000900449505911,6.884179867596336,6.933202743530273,303600,0.0,0.0,SandP500,GPN
2002-11-25 00:00:00-05:00,6.944872597231565,6.947207061619045,6.781463652136459,6.825817584991455,484000,0.0,0.0,SandP500,GPN
2002-11-26 00:00:00-05:00,6.825818432200885,6.905188450212235,6.746448414189534,6.867837905883789,385200,0.0,0.0,SandP500,GPN
2002-11-27 00:00:00-05:00,6.8865116386026015,7.0195729786841925,6.828151370478851,6.839823246002197,604800,0.0,0.0,SandP500,GPN
2002-11-29 00:00:00-05:00,6.874841968394598,6.923864395622303,6.730108261108398,6.730108261108398,96000,0.0,0.0,SandP500,GPN
2002-12-02 00:00:00-05:00,6.769793183319061,6.88417929057229,6.758121304207901,6.816481590270996,286000,0.0,0.0,SandP500,GPN
2002-12-03 00:00:00-05:00,6.809478759765625,6.884179860874221,6.781465624223059,6.809478759765625,467600,0.0,0.0,SandP500,GPN
2002-12-04 00:00:00-05:00,6.797804199680795,7.0382482184233,6.776794467620293,7.014904022216797,1338400,0.0,0.0,SandP500,GPN
2002-12-05 00:00:00-05:00,7.049921337860504,7.131625365959501,6.993895082516108,7.0382490158081055,354800,0.0,0.0,SandP500,GPN
2002-12-06 00:00:00-05:00,7.0149049580382385,7.138628902760606,6.944872805329619,7.119953632354736,476400,0.0,0.0,SandP500,GPN
2002-12-09 00:00:00-05:00,7.1152859294849105,7.1409645976877965,6.979890084398712,7.054591178894043,424800,0.0,0.0,SandP500,GPN
2002-12-10 00:00:00-05:00,7.059260108613413,7.073266452517876,6.898185595324327,7.054591178894043,740000,0.0,0.0,SandP500,GPN
2002-12-11 00:00:00-05:00,7.07326598582992,7.208661821982818,6.947208008499657,7.089607238769531,274800,0.0,0.0,SandP500,GPN
2002-12-12 00:00:00-05:00,7.003233868771641,7.152636048824278,6.909857506238742,7.07326602935791,817200,0.0,0.0,SandP500,GPN
2002-12-13 00:00:00-05:00,7.070930271213807,7.0732642901063,6.921527682644295,7.014904022216797,530800,0.0,0.0,SandP500,GPN
2002-12-16 00:00:00-05:00,7.003233221356461,7.131625652313232,6.944872944511824,7.131625652313232,523600,0.0,0.0,SandP500,GPN
2002-12-17 00:00:00-05:00,7.1316266069205865,7.1876528720140085,7.0219094320577105,7.0522565841674805,357200,0.0,0.0,SandP500,GPN
2002-12-18 00:00:00-05:00,7.052256015318568,7.052256015318568,6.886513033985062,6.979889392852783,923600,0.0,0.0,SandP500,GPN
2002-12-19 00:00:00-05:00,6.968215580785528,7.33004903793335,6.940202458274059,7.33004903793335,1518000,0.0,0.0,SandP500,GPN
2002-12-20 00:00:00-05:00,7.327715845375288,7.470115056113591,7.290365305715005,7.353394508361816,1540400,0.0,0.0,SandP500,GPN
2002-12-23 00:00:00-05:00,7.348726965218553,7.4351003827524345,7.234340860284348,7.423428058624268,706000,0.0,0.0,SandP500,GPN
2002-12-24 00:00:00-05:00,7.395414993960991,7.451440811157227,7.334720247351664,7.451440811157227,262800,0.0,0.0,SandP500,GPN
2002-12-26 00:00:00-05:00,7.470114577456093,7.526140828610116,7.3277153758422084,7.467780113220215,313600,0.0,0.0,SandP500,GPN
2002-12-27 00:00:00-05:00,7.458444653023595,7.458444653023595,7.260019593591526,7.318379878997803,301200,0.0,0.0,SandP500,GPN
2002-12-30 00:00:00-05:00,7.339387834913107,7.40241658945189,7.206326487742794,7.365066051483154,630400,0.0,0.0,SandP500,GPN
2002-12-31 00:00:00-05:00,7.365065199240829,7.481785728200293,7.341721449651722,7.472447872161865,653600,0.0,0.0,SandP500,GPN
2003-01-02 00:00:00-05:00,7.505131883209954,7.505131883209954,7.379073472767124,7.411755084991455,1044000,0.0,0.0,SandP500,GPN
2003-01-03 00:00:00-05:00,7.353396736902591,7.41175702846531,7.353396736902591,7.386078357696533,428800,0.0,0.0,SandP500,GPN
2003-01-06 00:00:00-05:00,7.411756774929863,7.47011706449624,7.36273434541587,7.416425704956055,841600,0.0,0.0,SandP500,GPN
2003-01-07 00:00:00-05:00,7.411754550098496,7.453774017213637,7.3207126681847186,7.3930792808532715,479600,0.0,0.0,SandP500,GPN
2003-01-08 00:00:00-05:00,7.388409478597667,7.390743942633978,7.178312613118079,7.236672878265381,322000,0.0,0.0,SandP500,GPN
2003-01-09 00:00:00-05:00,7.236674805099576,7.2530156124511596,7.157304787745937,7.201658725738525,501600,0.0,0.0,SandP500,GPN
2003-01-10 00:00:00-05:00,7.20165930818525,7.4000843676173185,7.1759806401253226,7.318379878997803,667200,0.0,0.0,SandP500,GPN
2003-01-13 00:00:00-05:00,7.353395961190841,7.4351004498103554,7.292701210937875,7.318379878997803,466800,0.0,0.0,SandP500,GPN
2003-01-14 00:00:00-05:00,7.318376778775586,7.381405967174715,7.253013126518697,7.288029193878174,374400,0.0,0.0,SandP500,GPN
2003-01-15 00:00:00-05:00,7.166640999580307,7.225001266856194,7.017238412581653,7.136293411254883,542400,0.0,0.0,SandP500,GPN
2003-01-16 00:00:00-05:00,7.159639672969882,7.159639672969882,6.991562215011597,7.0242438316345215,407200,0.0,0.0,SandP500,GPN
2003-01-17 00:00:00-05:00,7.007903844711812,7.054591810323432,6.921530418187105,6.933202743530273,370800,0.0,0.0,SandP500,GPN
2003-01-21 00:00:00-05:00,6.898184857320322,6.898184857320322,6.6880879402160645,6.6880879402160645,306400,0.0,0.0,SandP500,GPN
2003-01-22 00:00:00-05:00,6.690422958116054,6.716101625695298,6.5713679246854255,6.592377662658691,544000,0.0,0.0,SandP500,GPN
2003-01-23 00:00:00-05:00,6.618055603987434,6.641399804201949,6.583039526292454,6.622724533081055,1068000,0.0,0.0,SandP500,GPN
2003-01-24 00:00:00-05:00,6.653071771699355,6.909857087026189,6.653071771699355,6.888847351074219,505200,0.0,0.0,SandP500,GPN
2003-01-27 00:00:00-05:00,6.886510662837481,6.898182536707013,6.4849922353293845,6.515339374542236,602800,0.0,0.0,SandP500,GPN
2003-01-28 00:00:00-05:00,6.536351403825851,6.583039806240334,6.424299772335416,6.442975044250488,631600,0.0,0.0,SandP500,GPN
2003-01-29 00:00:00-05:00,6.377612660425305,6.653073310852051,6.340262109037307,6.653073310852051,638400,0.0,0.0,SandP500,GPN
2003-01-30 00:00:00-05:00,6.653070475604083,6.688086546951298,6.435970209896442,6.477989673614502,311200,0.0,0.0,SandP500,GPN
2003-01-31 00:00:00-05:00,6.477991884843478,6.660076141357422,6.466320005494772,6.660076141357422,449200,0.0,0.0,SandP500,GPN
2003-02-03 00:00:00-05:00,6.7067614764272285,6.748780938026012,6.622722998483143,6.699758529663086,280800,0.0,0.0,SandP500,GPN
2003-02-04 00:00:00-05:00,6.704428796427134,6.865503293665542,6.699760312426612,6.776795864105225,698800,0.0,0.0,SandP500,GPN
2003-02-05 00:00:00-05:00,6.769794024168993,6.874842730231717,6.711433730857191,6.744115352630615,550800,0.0,0.0,SandP500,GPN
2003-02-06 00:00:00-05:00,6.70909953292013,6.711433998176029,6.520012299729517,6.53635311126709,388000,0.0,0.0,SandP500,GPN
2003-02-07 00:00:00-05:00,6.564366817474365,6.613389256331799,6.513009467905139,6.564366817474365,400800,0.0,0.0,SandP500,GPN
2003-02-10 00:00:00-05:00,6.583037266726586,6.583037266726586,6.48032308819055,6.555024147033691,413600,0.0,0.0,SandP500,GPN
2003-02-11 00:00:00-05:00,6.571370441756067,6.667081309071138,6.517679066482502,6.648406028747559,485200,0.0,0.0,SandP500,GPN
2003-02-12 00:00:00-05:00,6.648403307557276,6.690481880054449,6.51047929587425,6.545544624328613,480800,0.01,0.0,SandP500,GPN
2003-02-13 00:00:00-05:00,6.545544080838505,6.550219576478829,6.286059869238013,6.470737934112549,1259200,0.0,0.0,SandP500,GPN
2003-02-14 00:00:00-05:00,6.452035609613807,6.561907068466871,6.377229472021954,6.5221662521362305,710400,0.0,0.0,SandP500,GPN
2003-02-18 00:00:00-05:00,6.522167543548643,6.660091554247973,6.522167543548643,6.625026226043701,224000,0.0,0.0,SandP500,GPN
2003-02-19 00:00:00-05:00,6.618012890540807,6.741910857421206,6.582947562821398,6.734897613525391,286800,0.0,0.0,SandP500,GPN
2003-02-20 00:00:00-05:00,6.720872952604495,6.730223946387005,6.592299909254466,6.660092830657959,280400,0.0,0.0,SandP500,GPN
2003-02-21 00:00:00-05:00,6.685804834517304,6.795676290445019,6.599309961554824,6.783987998962402,226800,0.0,0.0,SandP500,GPN
2003-02-24 00:00:00-05:00,6.786327980848557,6.809704571510586,6.592299335546468,6.615675926208496,384000,0.0,0.0,SandP500,GPN
2003-02-25 00:00:00-05:00,6.615675343780469,6.615675343780469,6.4052829251854435,6.533856391906738,800000,0.0,0.0,SandP500,GPN
2003-02-26 00:00:00-05:00,6.498791254631667,6.53385703273657,6.433336086712947,6.449699878692627,281200,0.0,0.0,SandP500,GPN
2003-02-27 00:00:00-05:00,6.44969842243761,6.61567449890479,6.321125418015986,6.4987897872924805,1477200,0.0,0.0,SandP500,GPN
2003-02-28 00:00:00-05:00,6.498791856958961,6.545545934845546,6.459051024519344,6.531519889831543,332800,0.0,0.0,SandP500,GPN
2003-03-03 00:00:00-05:00,6.557233810424805,6.601650136977687,6.484765395644768,6.557233810424805,746000,0.0,0.0,SandP500,GPN
2003-03-04 00:00:00-05:00,6.592299401738221,6.603987697186595,6.428660590181641,6.449699878692627,287200,0.0,0.0,SandP500,GPN
2003-03-05 00:00:00-05:00,6.45437616597614,6.57593596952365,6.45437616597614,6.5525593757629395,273600,0.0,0.0,SandP500,GPN
2003-03-06 00:00:00-05:00,6.561908822667237,6.564246570826903,6.440348593643807,6.452037334442139,264000,0.0,0.0,SandP500,GPN
2003-03-07 00:00:00-05:00,6.452036017336107,6.660090656395974,6.430996734073899,6.496452331542969,624000,0.0,0.0,SandP500,GPN
2003-03-10 00:00:00-05:00,6.49645511960792,6.501130171099406,6.241646309303186,6.279049396514893,587600,0.0,0.0,SandP500,GPN
2003-03-11 00:00:00-05:00,6.302423074956731,6.309436317768303,6.1364470080007125,6.192551612854004,227600,0.0,0.0,SandP500,GPN
2003-03-12 00:00:00-05:00,6.171512845310224,6.215929161730522,6.078005162751545,6.113070487976074,846800,0.0,0.0,SandP500,GPN
2003-03-13 00:00:00-05:00,6.136446952819824,6.173850022385678,6.089692892922626,6.136446952819824,634800,0.0,0.0,SandP500,GPN
2003-03-14 00:00:00-05:00,6.1411227753225655,6.183201342296984,6.113070248713026,6.171512603759766,379200,0.0,0.0,SandP500,GPN
2003-03-17 00:00:00-05:00,6.171515186371257,6.288399945377834,6.1177483042394245,6.279049396514893,1266000,0.0,0.0,SandP500,GPN
2003-03-18 00:00:00-05:00,6.290736278464121,6.498790959995856,6.2837230339851216,6.452037334442139,1111600,0.0,0.0,SandP500,GPN
2003-03-19 00:00:00-05:00,6.463725288455165,6.599311553405723,6.381905890701586,6.533856391906738,283600,0.0,0.0,SandP500,GPN
2003-03-20 00:00:00-05:00,6.603987726743539,6.755937797651926,6.522168320599057,6.709184169769287,1016000,0.0,0.0,SandP500,GPN
2003-03-21 00:00:00-05:00,6.809703709754647,7.3029573794371245,6.765287836413633,7.202436447143555,1146000,0.0,0.0,SandP500,GPN
2003-03-24 00:00:00-05:00,7.165032554195567,7.16737030187516,6.942951875191527,7.0317840576171875,528000,0.0,0.0,SandP500,GPN
2003-03-25 00:00:00-05:00,7.031784843295254,7.155682808878453,6.987368524179794,7.097240447998047,410000,0.0,0.0,SandP500,GPN
2003-03-26 00:00:00-05:00,7.083213187403348,7.083213187403348,6.886846840603116,6.933600902557373,1011200,0.0,0.0,SandP500,GPN
2003-03-27 00:00:00-05:00,6.933601901366566,7.043473383142721,6.863471244212398,6.989706516265869,374800,0.0,0.0,SandP500,GPN
2003-03-28 00:00:00-05:00,7.0013945936490485,7.055161455436505,6.919575204127379,6.987368106842041,490000,0.0,0.0,SandP500,GPN
2003-03-31 00:00:00-05:00,6.978019408111293,7.134644985198975,6.842433120921951,7.134644985198975,504800,0.0,0.0,SandP500,GPN
2003-04-01 00:00:00-05:00,7.106590977049057,7.129968010521815,6.875159282016387,7.029447078704834,714800,0.0,0.0,SandP500,GPN
2003-04-02 00:00:00-05:00,7.087887733355581,7.284254053852639,7.087887733355581,7.265552520751953,646000,0.0,0.0,SandP500,GPN
2003-04-03 00:00:00-05:00,7.267891076752503,7.270228824385152,7.031783916412162,7.115941047668457,540400,0.0,0.0,SandP500,GPN
2003-04-04 00:00:00-05:00,7.129967998619373,7.2234756864744805,7.059837344197998,7.195423603057861,410400,0.0,0.0,SandP500,GPN
2003-04-07 00:00:00-04:00,7.312309352788867,7.338023691890732,7.197762363320882,7.221138954162598,646000,0.0,0.0,SandP500,GPN
2003-04-08 00:00:00-04:00,7.221136809127791,7.242176091339539,7.059836240010733,7.0949015617370605,443200,0.0,0.0,SandP500,GPN
2003-04-09 00:00:00-04:00,7.083212354642755,7.153343439328954,6.9546393682043135,6.996717929840088,533200,0.0,0.0,SandP500,GPN
2003-04-10 00:00:00-04:00,6.992044110846259,7.099578288119944,6.945290043182947,7.073863506317139,911200,0.0,0.0,SandP500,GPN
2003-04-11 00:00:00-04:00,7.165033709514359,7.223476073288341,7.094903051337519,7.169709205627441,690000,0.0,0.0,SandP500,GPN
2003-04-14 00:00:00-04:00,7.211787037906476,7.4736085510202095,7.211787037906476,7.41282844543457,715200,0.0,0.0,SandP500,GPN
2003-04-15 00:00:00-04:00,7.412834149394629,7.606863354533112,7.281923292105669,7.592836856842041,1262000,0.0,0.0,SandP500,GPN
2003-04-16 00:00:00-04:00,7.644262252738799,7.644262252738799,7.373089688828496,7.433869361877441,813200,0.0,0.0,SandP500,GPN
2003-04-17 00:00:00-04:00,7.410491126767336,7.445556452173783,7.384776346725366,7.394126892089844,350000,0.0,0.0,SandP500,GPN
2003-04-21 00:00:00-04:00,7.417503669143141,7.417503669143141,7.258540390497461,7.316982746124268,624800,0.0,0.0,SandP500,GPN
2003-04-22 00:00:00-04:00,7.316982585449414,7.422179001619556,7.305294292932634,7.3824381828308105,698000,0.0,0.0,SandP500,GPN
2003-04-23 00:00:00-04:00,7.396464040320221,7.5460763210622455,7.338021687420397,7.496984958648682,590400,0.0,0.0,SandP500,GPN
2003-04-24 00:00:00-04:00,7.403479352726582,7.415167648221943,7.338023738664838,7.34503698348999,470800,0.0,0.0,SandP500,GPN
2003-04-25 00:00:00-04:00,7.316982567772357,7.335684103281892,7.013082504272461,7.013082504272461,1356000,0.0,0.0,SandP500,GPN
2003-04-28 00:00:00-04:00,7.0130833079194845,7.249190499458353,7.0130833079194845,7.2328267097473145,503200,0.0,0.0,SandP500,GPN
2003-04-29 00:00:00-04:00,7.2328294878569155,7.246855535013768,7.11828247000262,7.2071146965026855,642800,0.0,0.0,SandP500,GPN
2003-04-30 00:00:00-04:00,7.207112708436414,7.375426565529634,7.158021333989178,7.2491912841796875,508000,0.0,0.0,SandP500,GPN
2003-05-01 00:00:00-04:00,7.235165901464792,7.235165901464792,7.071527079940645,7.078540325164795,865600,0.0,0.0,SandP500,GPN
2003-05-02 00:00:00-04:00,7.078538558385265,7.122954429412406,7.024771250180095,7.111266136169434,960000,0.0,0.0,SandP500,GPN
2003-05-05 00:00:00-04:00,7.158022189830699,7.258542698938412,7.1136058605822186,7.223477363586426,572800,0.0,0.0,SandP500,GPN
2003-05-06 00:00:00-04:00,7.235165861173625,7.345037360460609,7.235165861173625,7.300621032714844,498000,0.0,0.0,SandP500,GPN
2003-05-07 00:00:00-04:00,7.2234782901624275,7.258543630012345,7.162698159678577,7.1673736572265625,582000,0.0,0.0,SandP500,GPN
2003-05-08 00:00:00-04:00,7.167372327621091,7.246853987672407,7.148670786778423,7.211788654327393,636000,0.0,0.0,SandP500,GPN
2003-05-09 00:00:00-04:00,7.20009691184626,7.302955566552555,7.153343302165013,7.246850967407227,312400,0.0,0.0,SandP500,GPN
2003-05-12 00:00:00-04:00,7.235164031098246,7.298281438279402,7.2047737555297235,7.288930892944336,830800,0.0,0.0,SandP500,GPN
2003-05-13 00:00:00-04:00,7.288932034896506,7.2936075312364474,7.211788128806961,7.242177963256836,321200,0.0,0.0,SandP500,GPN
2003-05-14 00:00:00-04:00,7.2562208412004034,7.303035347790637,7.221110184485839,7.258561611175537,231200,0.01,0.0,SandP500,GPN
2003-05-15 00:00:00-04:00,7.256223247468213,7.3264445841837444,7.183661140001314,7.260904788970947,362800,0.0,0.0,SandP500,GPN
2003-05-16 00:00:00-04:00,7.209408828545043,7.333467001404976,7.139187490824403,7.216431140899658,666800,0.0,0.0,SandP500,GPN
2003-05-19 00:00:00-04:00,7.216428574179048,7.246857690646675,7.1391849515776045,7.195362091064453,448000,0.0,0.0,SandP500,GPN
2003-05-20 00:00:00-04:00,7.193022297808087,7.253880985463184,7.141526691233594,7.197703838348389,412800,0.0,0.0,SandP500,GPN
2003-05-21 00:00:00-04:00,7.185999190173306,7.305375328103292,7.14620699537791,7.274946212768555,384800,0.0,0.0,SandP500,GPN
2003-05-22 00:00:00-04:00,7.298354078221445,7.375597704437609,7.265584190267994,7.291331768035889,475600,0.0,0.0,SandP500,GPN
2003-05-23 00:00:00-04:00,7.3030369658175465,7.3404884008048095,7.260903989842794,7.279629707336426,121600,0.0,0.0,SandP500,GPN
2003-05-27 00:00:00-04:00,7.25622201370141,7.558174692441555,7.237496297330755,7.455183029174805,982400,0.0,0.0,SandP500,GPN
2003-05-28 00:00:00-04:00,7.478589192731063,7.537107103639894,7.476248422719962,7.494974136352539,304000,0.0,0.0,SandP500,GPN
2003-05-29 00:00:00-04:00,7.494972906508693,7.665845071174712,7.483269058373663,7.628393650054932,755600,0.0,0.0,SandP500,GPN
2003-05-30 00:00:00-04:00,7.654144883625658,7.958437919616699,7.654144883625658,7.958437919616699,1051200,0.0,0.0,SandP500,GPN
2003-06-02 00:00:00-04:00,7.981840557388226,8.073129224052547,7.9467303559747675,8.028655052185059,596000,0.0,0.0,SandP500,GPN
2003-06-03 00:00:00-04:00,8.005248175104521,8.005248175104521,7.86480469204979,7.911619186401367,481600,0.0,0.0,SandP500,GPN
2003-06-04 00:00:00-04:00,7.923328276056432,7.977165563611203,7.911624867293032,7.963120937347412,254400,0.0,0.0,SandP500,GPN
2003-06-05 00:00:00-04:00,7.965458135498961,8.1082419879433,7.953754731329139,8.103560447692871,462800,0.0,0.0,SandP500,GPN
2003-06-06 00:00:00-04:00,8.101212295554953,8.227611081435722,8.075464295514985,8.082486152648926,725600,0.0,0.0,SandP500,GPN
2003-06-09 00:00:00-04:00,8.05206586872096,8.063769273730825,7.759476278911515,7.832037925720215,361600,0.0,0.0,SandP500,GPN
2003-06-10 00:00:00-04:00,7.810972099543337,7.853105075469024,7.747772635654806,7.850764751434326,324000,0.0,0.0,SandP500,GPN
2003-06-11 00:00:00-04:00,7.841397891330107,7.972478296932081,7.817991090610424,7.911619186401367,175200,0.0,0.0,SandP500,GPN
2003-06-12 00:00:00-04:00,7.902261868156362,8.042705453567079,7.888218134654295,8.031002044677734,256400,0.0,0.0,SandP500,GPN
2003-06-13 00:00:00-04:00,7.99354801308838,7.99354801308838,7.8296976629349615,7.895237445831299,334800,0.0,0.0,SandP500,GPN
2003-06-16 00:00:00-04:00,7.8718316466335025,7.956097602844238,7.817995261923907,7.956097602844238,373600,0.0,0.0,SandP500,GPN
2003-06-17 00:00:00-04:00,7.96779790476931,8.005249327057378,7.829695617660997,7.932686805725098,352000,0.0,0.0,SandP500,GPN
2003-06-18 00:00:00-04:00,7.9350307523618335,7.958437564504139,7.857786665049458,7.916304588317871,252000,0.0,0.0,SandP500,GPN
2003-06-19 00:00:00-04:00,7.923323997065418,7.923323997065418,7.675208650789772,7.6892523765563965,357200,0.0,0.0,SandP500,GPN
2003-06-20 00:00:00-04:00,7.73606777191162,7.754793932311107,7.654143052445054,7.736067771911621,316400,0.0,0.0,SandP500,GPN
2003-06-23 00:00:00-04:00,7.724365126652603,7.724365126652603,7.389642566397985,7.485611915588379,1045200,0.0,0.0,SandP500,GPN
2003-06-24 00:00:00-04:00,7.480929858421426,7.5090190998392785,7.431775025308934,7.4785895347595215,696800,0.0,0.0,SandP500,GPN
2003-06-25 00:00:00-04:00,7.782881053735602,8.262727676962399,7.69627480781475,8.145691871643066,2260400,0.0,0.0,SandP500,GPN
2003-06-26 00:00:00-04:00,8.148035228878177,8.206553146914874,8.047384338422054,8.16910171508789,651600,0.0,0.0,SandP500,GPN
2003-06-27 00:00:00-04:00,8.19250872437383,8.35167753673753,8.187827183667535,8.309544563293457,699200,0.0,0.0,SandP500,GPN
2003-06-30 00:00:00-04:00,8.31188488719031,8.379765888062716,8.281456211968273,8.309544563293457,1026000,0.0,0.0,SandP500,GPN
2003-07-01 00:00:00-04:00,8.332954070399177,8.379768599698407,8.12463035257613,8.288480758666992,740400,0.0,0.0,SandP500,GPN
2003-07-02 00:00:00-04:00,8.26507485521839,8.351681163613826,8.26273363739223,8.28145980834961,706400,0.0,0.0,SandP500,GPN
2003-07-03 00:00:00-04:00,8.276779377150548,8.449992017203222,8.276779377150548,8.3048677444458,409600,0.0,0.0,SandP500,GPN
2003-07-07 00:00:00-04:00,8.34465540368216,8.618518829345703,8.34465540368216,8.618518829345703,561600,0.0,0.0,SandP500,GPN
2003-07-08 00:00:00-04:00,8.637247341328946,8.883022483433974,8.625543040299293,8.787053108215332,1586800,0.0,0.0,SandP500,GPN
2003-07-09 00:00:00-04:00,8.763643364866283,8.840887447750758,8.702785121037305,8.770666122436523,398000,0.0,0.0,SandP500,GPN
2003-07-10 00:00:00-04:00,8.742575376468407,8.742575376468407,8.578725943180066,8.597451210021973,256000,0.0,0.0,SandP500,GPN
2003-07-11 00:00:00-04:00,8.61383902685381,8.808118981009322,8.61383902685381,8.714489936828613,409200,0.0,0.0,SandP500,GPN
2003-07-14 00:00:00-04:00,8.737893035812318,8.780025101268432,8.550635046214044,8.620857238769531,647600,0.0,0.0,SandP500,GPN
2003-07-15 00:00:00-04:00,8.590431278835931,8.592771602875416,8.389129480759609,8.485098838806152,722000,0.0,0.0,SandP500,GPN
2003-07-16 00:00:00-04:00,8.489779072829553,8.489779072829553,8.239322472267029,8.330610275268555,1041200,0.0,0.0,SandP500,GPN
2003-07-17 00:00:00-04:00,8.321251250692526,8.321251250692526,8.04270616564787,8.12463092803955,562000,0.0,0.0,SandP500,GPN
2003-07-18 00:00:00-04:00,8.358700697759431,8.461692823446645,8.180806587892098,8.236983299255371,1062400,0.0,0.0,SandP500,GPN
2003-07-21 00:00:00-04:00,8.248687245664662,8.248687245664662,8.091858739597377,8.194849967956543,397200,0.0,0.0,SandP500,GPN
2003-07-22 00:00:00-04:00,8.197192017654311,8.227621592294836,8.009934813929506,8.176125526428223,446000,0.0,0.0,SandP500,GPN
2003-07-23 00:00:00-04:00,8.211234946286977,8.229960216334318,8.119946241226181,8.204212188720703,296400,0.0,0.0,SandP500,GPN
2003-07-24 00:00:00-04:00,8.229961074274152,8.248687239186214,8.07547378540039,8.07547378540039,275200,0.0,0.0,SandP500,GPN
2003-07-25 00:00:00-04:00,8.105902740877083,8.286138046350692,8.075473171663974,8.227620124816895,318000,0.0,0.0,SandP500,GPN
2003-07-28 00:00:00-04:00,8.251026936265365,8.272093423734036,8.159739121538662,8.227620124816895,245600,0.0,0.0,SandP500,GPN
2003-07-29 00:00:00-04:00,8.211236642775965,8.274435223541452,8.138674085683261,8.176125526428223,281600,0.0,0.0,SandP500,GPN
2003-07-30 00:00:00-04:00,8.187830783340834,8.30252634878802,8.133994380918843,8.286141395568848,393600,0.0,0.0,SandP500,GPN
2003-07-31 00:00:00-04:00,8.297845371587227,8.300185696672486,8.169106061984996,8.241667747497559,261600,0.0,0.0,SandP500,GPN
2003-08-01 00:00:00-04:00,8.220597984302376,8.220597984302376,8.077814102172852,8.077814102172852,329200,0.0,0.0,SandP500,GPN
2003-08-04 00:00:00-04:00,8.077816468046173,8.084839228394982,7.998232029758936,8.009936332702637,345600,0.0,0.0,SandP500,GPN
2003-08-05 00:00:00-04:00,8.040361324852777,8.110583538589076,8.005251110897165,8.026317596435547,475200,0.0,0.0,SandP500,GPN
2003-08-06 00:00:00-04:00,8.016958210397222,8.049728115690439,7.951418399810791,7.951418399810791,182400,0.0,0.0,SandP500,GPN
2003-08-07 00:00:00-04:00,7.970140017459752,7.970140017459752,7.881192534713079,7.913963317871094,153600,0.0,0.0,SandP500,GPN
2003-08-08 00:00:00-04:00,7.946737546428201,8.009937037651941,7.935034135367441,7.977167129516602,205200,0.0,0.0,SandP500,GPN
2003-08-11 00:00:00-04:00,7.958433772006634,7.9865221117747645,7.923322677612305,7.923322677612305,203200,0.0,0.0,SandP500,GPN
2003-08-12 00:00:00-04:00,8.18080618164957,8.503825381142446,8.18080618164957,8.417218208312988,2005600,0.0,0.0,SandP500,GPN
2003-08-13 00:00:00-04:00,8.47111151573979,8.62577077083821,8.47111151573979,8.562500953674316,1357200,0.01,0.0,SandP500,GPN
2003-08-14 00:00:00-04:00,8.581253751893193,8.705450553664953,8.581253751893193,8.677330017089844,584000,0.0,0.0,SandP500,GPN
2003-08-15 00:00:00-04:00,8.72419379471685,8.728880549260465,8.588281488580154,8.628117561340332,596000,0.0,0.0,SandP500,GPN
2003-08-18 00:00:00-04:00,8.663266929156421,8.831985606748349,8.656236351072675,8.77574634552002,427200,0.0,0.0,SandP500,GPN
2003-08-19 00:00:00-04:00,8.799178460395952,8.939778389110412,8.764029148647483,8.867135047912598,448400,0.0,0.0,SandP500,GPN
2003-08-20 00:00:00-04:00,8.834328145239258,8.951494298640558,8.733565181801596,8.928060531616211,424400,0.0,0.0,SandP500,GPN
2003-08-21 00:00:00-04:00,8.95149370343353,9.005390023145608,8.84370106400937,8.857760429382324,324000,0.0,0.0,SandP500,GPN
2003-08-22 00:00:00-04:00,8.89291290952761,8.916345787091949,8.731223015049938,8.738253593444824,300800,0.0,0.0,SandP500,GPN
2003-08-25 00:00:00-04:00,8.745282551888378,8.745282551888378,8.642176647695496,8.691386222839355,134000,0.0,0.0,SandP500,GPN
2003-08-26 00:00:00-04:00,8.670293052463045,8.674979804625057,8.482827435515429,8.607023239135742,294000,0.0,0.0,SandP500,GPN
2003-08-27 00:00:00-04:00,8.623426424749498,8.644516362525264,8.557813682294475,8.607023239135742,131200,0.0,0.0,SandP500,GPN
2003-08-28 00:00:00-04:00,8.623428702319655,8.726535489302744,8.588279392680993,8.724191665649414,253200,0.0,0.0,SandP500,GPN
2003-08-29 00:00:00-04:00,8.728877446509355,8.848386516216438,8.679667882153893,8.846043586730957,262000,0.0,0.0,SandP500,GPN
2003-09-02 00:00:00-04:00,8.874164670761349,8.963211202280538,8.81323866113676,8.939778327941895,485200,0.0,0.0,SandP500,GPN
2003-09-03 00:00:00-04:00,8.916345366420133,9.005391905995982,8.904628928190743,8.963212013244629,298400,0.0,0.0,SandP500,GPN
2003-09-04 00:00:00-04:00,8.963212867769224,8.967899622289188,8.775747156505783,8.815583229064941,356000,0.0,0.0,SandP500,GPN
2003-09-05 00:00:00-04:00,8.815580139979462,8.857760021971776,8.738250952264695,8.846043586730957,474400,0.0,0.0,SandP500,GPN
2003-09-08 00:00:00-04:00,8.787463500007917,8.881196801570807,8.766373551851618,8.8062105178833,865200,0.0,0.0,SandP500,GPN
2003-09-09 00:00:00-04:00,8.810892980771932,8.89290981148873,8.787460111370944,8.83432674407959,813600,0.0,0.0,SandP500,GPN
2003-09-10 00:00:00-04:00,8.834328478415669,8.836671408253059,8.787461836506266,8.79214859008789,1025200,0.0,0.0,SandP500,GPN
2003-09-11 00:00:00-04:00,8.82261571583916,8.82261571583916,8.705449509221944,8.799181938171387,1328400,0.0,0.0,SandP500,GPN
2003-09-12 00:00:00-04:00,8.764027467602022,8.820266713174956,8.705444398684646,8.803863525390625,856800,0.0,0.0,SandP500,GPN
2003-09-15 00:00:00-04:00,8.787469448741803,8.836679063116929,8.757005971025364,8.824962615966797,372800,0.0,0.0,SandP500,GPN
2003-09-16 00:00:00-04:00,8.824955736158829,8.937435150146484,8.75465621415491,8.937435150146484,769600,0.0,0.0,SandP500,GPN
2003-09-17 00:00:00-04:00,8.904629044448225,9.270187821763653,8.899942290313891,9.12724494934082,1449600,0.0,0.0,SandP500,GPN
2003-09-18 00:00:00-04:00,9.068659634831764,9.174109342171835,8.904626856070179,8.921030044555664,1647600,0.0,0.0,SandP500,GPN
2003-09-19 00:00:00-04:00,8.90463001846041,9.101469244098448,8.90463001846041,8.92337703704834,612800,0.0,0.0,SandP500,GPN
2003-09-22 00:00:00-04:00,8.928064012091536,9.04757403573791,8.904631129839032,8.981961250305176,591600,0.0,0.0,SandP500,GPN
2003-09-23 00:00:00-04:00,9.035858743620437,9.080381583124625,8.869482040405273,8.869482040405273,901600,0.0,0.0,SandP500,GPN
2003-09-24 00:00:00-04:00,8.834330479285603,8.906972941486321,8.752313613891602,8.752313613891602,1244000,0.0,0.0,SandP500,GPN
2003-09-25 00:00:00-04:00,8.773406841278605,8.815586754921412,8.68201732635498,8.68201732635498,1846400,0.0,0.0,SandP500,GPN
2003-09-26 00:00:00-04:00,8.717160681729514,8.731220045924319,8.517977714538574,8.517977714538574,943200,0.0,0.0,SandP500,GPN
2003-09-29 00:00:00-04:00,8.588276322233764,8.740591730693042,8.494543075561523,8.494543075561523,1072400,0.0,0.0,SandP500,GPN
2003-09-30 00:00:00-04:00,8.529696917468755,8.623429310354368,8.43596363067627,8.43596363067627,792400,0.0,0.0,SandP500,GPN
2003-10-01 00:00:00-04:00,8.670298502343162,8.808554649353027,8.567192571689434,8.808554649353027,1606400,0.0,0.0,SandP500,GPN
2003-10-02 00:00:00-04:00,8.803864948071844,9.021794071173783,8.787461757636802,9.019451141357422,1389200,0.0,0.0,SandP500,GPN
2003-10-03 00:00:00-04:00,9.056944546746902,9.12724406412996,9.021794341101941,9.071003913879395,548800,0.0,0.0,SandP500,GPN
2003-10-06 00:00:00-04:00,9.082720963023675,9.31236743927002,9.082720963023675,9.31236743927002,800400,0.0,0.0,SandP500,GPN
2003-10-07 00:00:00-04:00,9.3193968087099,9.352203191664222,9.2373799574172,9.293620109558105,486800,0.0,0.0,SandP500,GPN
2003-10-08 00:00:00-04:00,9.307680185048962,9.31236693879261,9.157707640879723,9.218633651733398,491200,0.0,0.0,SandP500,GPN
2003-10-09 00:00:00-04:00,9.256130866242327,9.34752036974462,9.153024920171813,9.171771049499512,671600,0.0,0.0,SandP500,GPN
2003-10-10 00:00:00-04:00,9.206919919566747,9.267845948322119,9.176456458235494,9.225666046142578,253200,0.0,0.0,SandP500,GPN
2003-10-13 00:00:00-04:00,9.249097679456083,9.288933747894793,9.197544278975936,9.272530555725098,273200,0.0,0.0,SandP500,GPN
2003-10-14 00:00:00-04:00,9.272528501246937,9.272528501246937,9.080376097913309,9.124898910522461,492800,0.0,0.0,SandP500,GPN
2003-10-15 00:00:00-04:00,9.138954649907996,9.138954649907996,8.99366895448527,9.078028678894043,452000,0.0,0.0,SandP500,GPN
2003-10-16 00:00:00-04:00,9.04288556769419,9.155364990234375,9.026482374442933,9.155364990234375,482800,0.0,0.0,SandP500,GPN
2003-10-17 00:00:00-04:00,9.110840637015995,9.110840637015995,8.857761308309543,8.897598266601562,796000,0.0,0.0,SandP500,GPN
2003-10-20 00:00:00-04:00,8.958524448631438,8.958524448631438,8.871821740890226,8.939778327941895,538000,0.0,0.0,SandP500,GPN
2003-10-21 00:00:00-04:00,8.986647202772064,8.986647202772064,8.892914778904267,8.958527565002441,514400,0.0,0.0,SandP500,GPN
2003-10-22 00:00:00-04:00,8.935091250650082,8.935091250650082,8.817925095387086,8.904627799987793,664000,0.0,0.0,SandP500,GPN
2003-10-23 00:00:00-04:00,8.881195306335824,9.106154119524355,8.864792115410006,9.071003913879395,1059200,0.0,0.0,SandP500,GPN
2003-10-24 00:00:00-04:00,9.04757151561589,9.181140873846324,9.0053916241845,9.115528106689453,1072800,0.0,0.0,SandP500,GPN
2003-10-27 00:00:00-05:00,9.162392040589834,9.174109370035108,9.040540038300922,9.124898910522461,491200,0.0,0.0,SandP500,GPN
2003-10-28 00:00:00-05:00,9.138960988279491,9.373293321312298,9.122557796479747,9.368606567382812,650400,0.0,0.0,SandP500,GPN
2003-10-29 00:00:00-05:00,9.349859794061171,9.584192110765391,9.340486286855358,9.558415412902832,743200,0.0,0.0,SandP500,GPN
2003-10-30 00:00:00-05:00,9.55841712386531,9.759943095329307,9.549043614981635,9.736509323120117,746000,0.0,0.0,SandP500,GPN
2003-10-31 00:00:00-05:00,9.736510187806854,9.769316577906206,9.677927092941703,9.759943962097168,648800,0.0,0.0,SandP500,GPN
2003-11-03 00:00:00-05:00,9.759944615126123,9.870080232984863,9.748227280243427,9.80681037902832,621600,0.0,0.0,SandP500,GPN
2003-11-04 00:00:00-05:00,9.783376858347939,9.874766343460665,9.759943977926707,9.841959953308105,502400,0.0,0.0,SandP500,GPN
2003-11-05 00:00:00-05:00,9.841957838285438,9.970840440719702,9.713075235851175,9.938034057617188,474400,0.0,0.0,SandP500,GPN
2003-11-06 00:00:00-05:00,9.94037617557018,9.94037617557018,9.83024059756677,9.914600372314453,682400,0.0,0.0,SandP500,GPN
2003-11-07 00:00:00-05:00,9.92631993251115,10.076292515295055,9.92631993251115,9.982559204101562,340000,0.0,0.0,SandP500,GPN
2003-11-10 00:00:00-05:00,10.001306026891326,10.001306026891326,9.713077307423628,9.759943962097168,641600,0.0,0.0,SandP500,GPN
2003-11-11 00:00:00-05:00,9.77166040228878,9.834930252011995,9.717764062281692,9.759943962097168,286800,0.0,0.0,SandP500,GPN
2003-11-12 00:00:00-05:00,9.783399647784657,10.189184286568869,9.783399647784657,10.18683910369873,512000,0.01,0.0,SandP500,GPN
2003-11-13 00:00:00-05:00,10.555092689045315,10.613732092873345,10.358064256392483,10.496453285217285,1938000,0.0,0.0,SandP500,GPN
2003-11-14 00:00:00-05:00,10.531636947823772,10.735701816069351,10.510526727331728,10.602004051208496,1002800,0.0,0.0,SandP500,GPN
2003-11-17 00:00:00-05:00,10.602006580950636,10.602006580950636,10.426088333129883,10.426088333129883,609600,0.0,0.0,SandP500,GPN
2003-11-18 00:00:00-05:00,10.461271083172704,10.620770360582135,10.29473536241965,10.31350040435791,440800,0.0,0.0,SandP500,GPN
2003-11-19 00:00:00-05:00,10.278316217646843,10.278316217646843,9.945244781988588,10.069560050964355,1303600,0.0,0.0,SandP500,GPN
2003-11-20 00:00:00-05:00,10.116467616390432,10.343987836720208,10.055482150908672,10.23843765258789,1207600,0.0,0.0,SandP500,GPN
2003-11-21 00:00:00-05:00,10.280659720868552,10.290041344557281,10.186836325851589,10.214982986450195,424800,0.0,0.0,SandP500,GPN
2003-11-24 00:00:00-05:00,10.250169033245221,10.400285779481841,10.23375007004849,10.367447853088379,648000,0.0,0.0,SandP500,GPN
2003-11-25 00:00:00-05:00,10.39089863134239,10.49175844306875,10.39089863134239,10.489413261413574,535600,0.0,0.0,SandP500,GPN
2003-11-26 00:00:00-05:00,10.531642565973208,10.594972366466624,10.482384762037476,10.57386302947998,480400,0.0,0.0,SandP500,GPN
2003-11-28 00:00:00-05:00,10.576204954935044,10.672373560014849,10.564477250855354,10.648918151855469,325600,0.0,0.0,SandP500,GPN
2003-12-01 00:00:00-05:00,10.672369272812553,10.813103454767376,10.672369272812553,10.789648056030273,356800,0.0,0.0,SandP500,GPN
2003-12-02 00:00:00-05:00,10.78964832574129,10.935073770031982,10.775574549287558,10.780265808105469,667200,0.0,0.0,SandP500,GPN
2003-12-03 00:00:00-05:00,10.815449765119409,10.906927074842606,10.719281196594238,10.719281196594238,488400,0.0,0.0,SandP500,GPN
2003-12-04 00:00:00-05:00,10.695826025691108,10.817796083051448,10.695826025691108,10.808414459228516,636400,0.0,0.0,SandP500,GPN
2003-12-05 00:00:00-05:00,10.777921865027745,10.890509405301406,10.738046607874816,10.740392684936523,340000,0.0,0.0,SandP500,GPN
2003-12-08 00:00:00-05:00,10.740390866629193,10.831868171691895,10.740390866629193,10.831868171691895,342400,0.0,0.0,SandP500,GPN
2003-12-09 00:00:00-05:00,10.817795210772118,10.939765258297557,10.791993734115525,10.899890899658203,612800,0.0,0.0,SandP500,GPN
2003-12-10 00:00:00-05:00,10.899892368765336,11.059391614352647,10.803723784934716,10.82014274597168,627600,0.0,0.0,SandP500,GPN
2003-12-11 00:00:00-05:00,10.820141756543808,11.113338740773413,10.791994201826112,11.10395622253418,753200,0.0,0.0,SandP500,GPN
2003-12-12 00:00:00-05:00,11.082846998620054,11.181360764675535,11.071119297151489,11.13444995880127,1082800,0.0,0.0,SandP500,GPN
2003-12-15 00:00:00-05:00,11.22358429148112,11.315062535525142,11.094577750326518,11.096923828125,603200,0.0,0.0,SandP500,GPN
2003-12-16 00:00:00-05:00,11.073469308463922,11.075815386640475,10.913969993591309,10.913969993591309,710800,0.0,0.0,SandP500,GPN
2003-12-17 00:00:00-05:00,10.942115451346254,11.012482572029226,10.913967887259878,10.951497077941895,762800,0.0,0.0,SandP500,GPN
2003-12-18 00:00:00-05:00,10.918656937272823,10.986678861226308,10.874091311975526,10.963223457336426,527200,0.0,0.0,SandP500,GPN
2003-12-19 00:00:00-05:00,10.960878235109929,11.024208904272395,10.813106673730841,10.841254234313965,822000,0.0,0.0,SandP500,GPN
2003-12-22 00:00:00-05:00,10.841256757716833,10.843601940928101,10.613735511260636,10.695830345153809,858000,0.0,0.0,SandP500,GPN
2003-12-23 00:00:00-05:00,10.723976361742192,11.075812847156133,10.721630284103552,11.059393882751465,999200,0.0,0.0,SandP500,GPN
2003-12-24 00:00:00-05:00,11.059392247112044,11.1016126906988,10.981987802280884,11.050009727478027,166000,0.0,0.0,SandP500,GPN
2003-12-26 00:00:00-05:00,11.02420566060328,11.02420566060328,10.90223561826297,10.977293968200684,162000,0.0,0.0,SandP500,GPN
2003-12-29 00:00:00-05:00,10.942114054592325,11.235311098983692,10.942114054592325,11.216546058654785,667200,0.0,0.0,SandP500,GPN
2003-12-30 00:00:00-05:00,11.200123110770852,11.28456397267431,11.12037350728048,11.160248756408691,676400,0.0,0.0,SandP500,GPN
2003-12-31 00:00:00-05:00,11.18371126207535,11.200130229574023,11.026557137030956,11.052358627319336,343200,0.0,0.0,SandP500,GPN
2004-01-02 00:00:00-05:00,11.024209022140493,11.169634507642654,11.019517761993148,11.148524284362793,988800,0.0,0.0,SandP500,GPN
2004-01-05 00:00:00-05:00,11.18370771594307,11.418265342712402,11.153214973928483,11.418265342712402,806000,0.0,0.0,SandP500,GPN
2004-01-06 00:00:00-05:00,11.516782960821617,11.748995482534028,11.505055254521658,11.634061813354492,974800,0.0,0.0,SandP500,GPN
2004-01-07 00:00:00-05:00,11.598872100457239,11.603563359263555,11.498012273036784,11.507394790649414,352000,0.0,0.0,SandP500,GPN
2004-01-08 00:00:00-05:00,11.498011084198536,11.535540256002596,11.40887896562663,11.451099395751953,270800,0.0,0.0,SandP500,GPN
2004-01-09 00:00:00-05:00,11.45344764372048,11.624674578461784,11.427646165444934,11.505049705505371,566000,0.0,0.0,SandP500,GPN
2004-01-12 00:00:00-05:00,11.481592996959344,11.519122171605492,11.35258651503609,11.422953605651855,562000,0.0,0.0,SandP500,GPN
2004-01-13 00:00:00-05:00,11.45344783071061,11.509741152625216,11.329131696513938,11.467520713806152,429600,0.0,0.0,SandP500,GPN
2004-01-14 00:00:00-05:00,11.521470185941547,11.800594329833984,11.516778926111739,11.800594329833984,706000,0.0,0.0,SandP500,GPN
2004-01-15 00:00:00-05:00,11.770099379940621,11.772444562032344,11.582453495787286,11.589489936828613,500000,0.0,0.0,SandP500,GPN
2004-01-16 00:00:00-05:00,11.587145269580992,11.622328371117048,11.446410179138184,11.446410179138184,540800,0.0,0.0,SandP500,GPN
2004-01-20 00:00:00-05:00,11.458139080329367,11.481595378577547,11.2916033892156,11.376044273376465,785600,0.0,0.0,SandP500,GPN
2004-01-21 00:00:00-05:00,11.282218304359844,11.286909562942697,11.108646210624755,11.146175384521484,699200,0.0,0.0,SandP500,GPN
2004-01-22 00:00:00-05:00,11.22358217211513,11.317405581474304,11.14148736000061,11.258766174316406,671200,0.0,0.0,SandP500,GPN
2004-01-23 00:00:00-05:00,11.28222305733759,11.317407064148265,11.235312241278644,11.303333282470703,413200,0.0,0.0,SandP500,GPN
2004-01-26 00:00:00-05:00,11.291605860518802,11.392465728144636,11.146180358617137,11.387774467468262,311600,0.0,0.0,SandP500,GPN
2004-01-27 00:00:00-05:00,11.404186528688527,11.404186528688527,11.14148235321045,11.14148235321045,376400,0.0,0.0,SandP500,GPN
2004-01-28 00:00:00-05:00,11.106307235446124,11.186056892815248,10.99606571994076,11.007793426513672,494800,0.0,0.0,SandP500,GPN
2004-01-29 00:00:00-05:00,11.007791994496518,11.066431414499263,10.94446131352157,10.960880279541016,848400,0.0,0.0,SandP500,GPN
2004-01-30 00:00:00-05:00,10.930381552356149,10.965565543020924,10.860014465792647,10.906926155090332,743600,0.0,0.0,SandP500,GPN
2004-02-02 00:00:00-05:00,10.88346832306737,10.89284994301529,10.662983701123016,10.79668140411377,743600,0.0,0.0,SandP500,GPN
2004-02-03 00:00:00-05:00,10.801377413028744,10.813105114197082,10.667679651223947,10.672370910644531,665600,0.0,0.0,SandP500,GPN
2004-02-04 00:00:00-05:00,10.672367852560932,10.672367852560932,10.489413261413574,10.489413261413574,672800,0.0,0.0,SandP500,GPN
2004-02-05 00:00:00-05:00,10.515219863565614,10.583240901943366,10.498800004904584,10.508182525634766,561600,0.0,0.0,SandP500,GPN
2004-02-06 00:00:00-05:00,10.538675961877578,10.61138916015625,10.524602179859178,10.61138916015625,463200,0.0,0.0,SandP500,GPN
2004-02-09 00:00:00-05:00,10.644223478318708,10.777921230444706,10.644223478318708,10.698171615600586,674000,0.0,0.0,SandP500,GPN
2004-02-10 00:00:00-05:00,10.695827814414976,10.698173891837722,10.602005297131626,10.653607368469238,591200,0.0,0.0,SandP500,GPN
2004-02-11 00:00:00-05:00,10.653604102441927,10.71933781935653,10.592564883402884,10.599608421325684,1275200,0.01,0.0,SandP500,GPN
2004-02-12 00:00:00-05:00,10.634822578930375,10.634822578930375,10.54091739654541,10.54091739654541,874000,0.0,0.0,SandP500,GPN
2004-02-13 00:00:00-05:00,10.564394824501628,10.576132861862327,10.416493046203248,10.439970016479492,739200,0.0,0.0,SandP500,GPN
2004-02-17 00:00:00-05:00,10.435274880031281,10.517442039139416,10.188772507152011,10.378931045532227,1178400,0.0,0.0,SandP500,GPN
2004-02-18 00:00:00-05:00,10.39067114510987,10.442319595686895,10.324937404779144,10.33902359008789,876400,0.0,0.0,SandP500,GPN
2004-02-19 00:00:00-05:00,10.385974894220796,10.425884402533244,10.181729271682716,10.231030464172363,816400,0.0,0.0,SandP500,GPN
2004-02-20 00:00:00-05:00,10.353104671860882,10.353104671860882,10.04556402983655,10.071388244628906,1288000,0.0,0.0,SandP500,GPN
2004-02-23 00:00:00-05:00,10.125388281095924,10.23572693421586,10.078435224496664,10.094868659973145,1356800,0.0,0.0,SandP500,GPN
2004-02-24 00:00:00-05:00,10.10660531461972,10.141820326129958,10.083129237316191,10.118343353271484,778400,0.0,0.0,SandP500,GPN
2004-02-25 00:00:00-05:00,10.141820216186575,10.141820216186575,10.059652155405086,10.080780982971191,420000,0.0,0.0,SandP500,GPN
2004-02-26 00:00:00-05:00,10.080777054123281,10.207549970111863,10.069039020173506,10.179378509521484,731600,0.0,0.0,SandP500,GPN
2004-02-27 00:00:00-05:00,10.169991907438435,10.263898008772907,10.155905723571777,10.155905723571777,617600,0.0,0.0,SandP500,GPN
2004-03-01 00:00:00-05:00,10.188776904629119,10.317897165622306,10.169995319838344,10.26624870300293,699600,0.0,0.0,SandP500,GPN
2004-03-02 00:00:00-05:00,10.282675897655345,10.50570215605688,10.282675897655345,10.465792655944824,695600,0.0,0.0,SandP500,GPN
2004-03-03 00:00:00-05:00,10.458752309271357,10.458752309271357,10.324936692512212,10.346065521240234,542800,0.0,0.0,SandP500,GPN
2004-03-04 00:00:00-05:00,10.364845657513383,10.435274778284345,10.2920683919023,10.428231239318848,558800,0.0,0.0,SandP500,GPN
2004-03-05 00:00:00-05:00,10.388321296423047,10.616042976391107,10.364845222336676,10.57848072052002,489200,0.0,0.0,SandP500,GPN
2004-03-08 00:00:00-05:00,10.56439902587699,10.620742881392623,10.439974168372103,10.484579086303711,644000,0.0,0.0,SandP500,GPN
2004-03-09 00:00:00-05:00,10.46344919339804,10.529182938550534,10.369543075561523,10.369543075561523,408800,0.0,0.0,SandP500,GPN
2004-03-10 00:00:00-05:00,10.400062931240537,10.461102177868597,10.270942687988281,10.270942687988281,378800,0.0,0.0,SandP500,GPN
2004-03-11 00:00:00-05:00,10.21694452187864,10.35310737788951,10.146515396662334,10.238073348999023,533200,0.0,0.0,SandP500,GPN
2004-03-12 00:00:00-05:00,10.219290143529795,10.36014926708054,10.214594749855959,10.322587013244629,383600,0.0,0.0,SandP500,GPN
2004-03-15 00:00:00-05:00,10.341373889483924,10.341373889483924,10.07374255857985,10.144171714782715,530800,0.0,0.0,SandP500,GPN
2004-03-16 00:00:00-05:00,10.223987165733796,10.385975138841706,10.16999147321613,10.238073348999023,721200,0.0,0.0,SandP500,GPN
2004-03-17 00:00:00-05:00,10.240418996172316,10.381278120120417,10.240418996172316,10.341367721557617,461200,0.0,0.0,SandP500,GPN
2004-03-18 00:00:00-05:00,10.341367681356566,10.432925619011783,10.165294448771988,10.167642593383789,1183600,0.0,0.0,SandP500,GPN
2004-03-19 00:00:00-05:00,10.193469017732937,10.376585844331913,10.193469017732937,10.261550903320312,586000,0.0,0.0,SandP500,GPN
2004-03-22 00:00:00-05:00,10.294416077896987,10.294416077896987,10.0009606492733,10.008004188537598,616000,0.0,0.0,SandP500,GPN
2004-03-23 00:00:00-05:00,10.094870344704232,10.226338746011885,9.961054693174663,10.184081077575684,582000,0.0,0.0,SandP500,GPN
2004-03-24 00:00:00-05:00,10.39536282942638,10.470487333146078,10.275633431483966,10.308500289916992,993600,0.0,0.0,SandP500,GPN
2004-03-25 00:00:00-05:00,10.355458616278419,10.599613825814002,10.355458616278419,10.573789596557617,711600,0.0,0.0,SandP500,GPN
2004-03-26 00:00:00-05:00,10.538570273777339,10.585523317299378,10.411797324934277,10.414145469665527,388400,0.0,0.0,SandP500,GPN
2004-03-29 00:00:00-05:00,10.435278772449534,10.545617442186712,10.435278772449534,10.484579086303711,357600,0.0,0.0,SandP500,GPN
2004-03-30 00:00:00-05:00,10.48457458717118,10.517441448970162,10.33667281352094,10.414145469665527,631600,0.0,0.0,SandP500,GPN
2004-03-31 00:00:00-05:00,10.428231292589572,10.646562194983263,10.411797860844228,10.583176612854004,938400,0.0,0.0,SandP500,GPN
2004-04-01 00:00:00-05:00,10.623095792487716,10.909508827503876,10.620748541053212,10.869598388671875,795200,0.0,0.0,SandP500,GPN
2004-04-02 00:00:00-05:00,10.916545818467883,11.210001351222395,10.916545818467883,11.167743682861328,1511200,0.0,0.0,SandP500,GPN
2004-04-05 00:00:00-04:00,11.151306525857047,11.280426738098091,11.109048871588353,11.273384094238281,668800,0.0,0.0,SandP500,GPN
2004-04-06 00:00:00-04:00,11.261648221839533,11.261648221839533,11.059750700516004,11.106703758239746,376400,0.0,0.0,SandP500,GPN
2004-04-07 00:00:00-04:00,11.080876167621012,11.21938715329958,11.052704699761504,11.170086860656738,752800,0.0,0.0,SandP500,GPN
2004-04-08 00:00:00-04:00,11.193564676442158,11.263993804827798,11.033924841138733,11.045662879943848,773200,0.0,0.0,SandP500,GPN
2004-04-12 00:00:00-04:00,11.033918923366198,11.320331573486328,11.033918923366198,11.320331573486328,458400,0.0,0.0,SandP500,GPN
2004-04-13 00:00:00-04:00,11.320336702931916,11.411894651770432,11.207649927780292,11.209997177124023,1560800,0.0,0.0,SandP500,GPN
2004-04-14 00:00:00-04:00,11.198258739733381,11.317988154199048,11.186520702323783,11.310945510864258,854400,0.0,0.0,SandP500,GPN
2004-04-15 00:00:00-04:00,11.362591607247111,11.503449818228038,11.360243462916452,11.470582962036133,1852400,0.0,0.0,SandP500,GPN
2004-04-16 00:00:00-04:00,11.42832529005293,11.761690139770508,11.386067647757088,11.761690139770508,1755200,0.0,0.0,SandP500,GPN
2004-04-19 00:00:00-04:00,11.726476065243391,11.726476065243391,11.395458463439017,11.470582962036133,2155600,0.0,0.0,SandP500,GPN
2004-04-20 00:00:00-04:00,11.503450304910666,11.562141377894905,11.477626089508849,11.484668731689453,1188000,0.0,0.0,SandP500,GPN
2004-04-21 00:00:00-04:00,11.48467144860848,11.679526286879053,11.449457333820186,11.670135498046875,568400,0.0,0.0,SandP500,GPN
2004-04-22 00:00:00-04:00,11.667787861033721,12.003500938415527,11.606748631207092,12.003500938415527,1177600,0.0,0.0,SandP500,GPN
2004-04-23 00:00:00-04:00,12.003499997067475,12.003499997067475,11.771082924970376,11.935418128967285,919200,0.0,0.0,SandP500,GPN
2004-04-26 00:00:00-04:00,11.902554656455875,11.947159567797579,11.620837211608887,11.620837211608887,696000,0.0,0.0,SandP500,GPN
2004-04-27 00:00:00-04:00,11.620837576972914,11.667790635182813,11.47997929789831,11.491717338562012,680800,0.0,0.0,SandP500,GPN
2004-04-28 00:00:00-04:00,11.498761097763536,11.498761097763536,11.341469367411483,11.374336242675781,470000,0.0,0.0,SandP500,GPN
2004-04-29 00:00:00-04:00,11.339119638488116,11.47058801674416,11.231128236110862,11.235823631286621,662400,0.0,0.0,SandP500,GPN
2004-04-30 00:00:00-04:00,11.235821792355875,11.414242302057868,11.18886874383801,11.263993263244629,487600,0.0,0.0,SandP500,GPN
2004-05-03 00:00:00-04:00,11.261647007412073,11.517540204078749,11.261647007412073,11.360247611999512,613200,0.0,0.0,SandP500,GPN
2004-05-04 00:00:00-04:00,11.360246448385054,11.573881965330436,11.360246448385054,11.517539024353027,800000,0.0,0.0,SandP500,GPN
2004-05-05 00:00:00-04:00,11.386071380936553,11.38841863047607,11.102006722242253,11.132525444030762,2048000,0.0,0.0,SandP500,GPN
2004-05-06 00:00:00-04:00,11.13252844291447,11.350859426656868,11.057403899643452,11.179481506347656,1278000,0.0,0.0,SandP500,GPN
2004-05-07 00:00:00-04:00,11.181828041711658,11.24051913866188,10.857852935791016,10.857852935791016,1456800,0.0,0.0,SandP500,GPN
2004-05-10 00:00:00-04:00,10.846114213308987,10.958801004898987,10.681778973073772,10.70995044708252,994400,0.0,0.0,SandP500,GPN
2004-05-11 00:00:00-04:00,10.709947890697725,10.712296035378392,10.348411523142307,10.493965148925781,4020000,0.0,0.0,SandP500,GPN
2004-05-12 00:00:00-04:00,10.435277012097396,11.09261710593041,10.411800036444935,11.033926010131836,15467200,0.0,0.0,SandP500,GPN
2004-05-13 00:00:00-04:00,10.925842835286115,10.965786346601876,10.78486457658378,10.949338912963867,2550800,0.01,0.0,SandP500,GPN
2004-05-14 00:00:00-04:00,10.925838235691018,10.97753066040192,10.585139874884458,10.892943382263184,2379600,0.0,0.0,SandP500,GPN
2004-05-17 00:00:00-04:00,10.72611730774747,10.834200636916979,10.596886266004152,10.773109436035156,1096400,0.0,0.0,SandP500,GPN
2004-05-18 00:00:00-04:00,10.773109623892688,10.867095674741742,10.754312951513324,10.841249465942383,1387200,0.0,0.0,SandP500,GPN
2004-05-19 00:00:00-04:00,10.801309678784285,11.04802202642004,10.801309678784285,10.883546829223633,2032800,0.0,0.0,SandP500,GPN
2004-05-20 00:00:00-04:00,10.878844742518215,10.883544135139719,10.747265334386082,10.813055038452148,840400,0.0,0.0,SandP500,GPN
2004-05-21 00:00:00-04:00,10.843603411663757,10.902344489958105,10.820106442555383,10.855351448059082,944000,0.0,0.0,SandP500,GPN
2004-05-24 00:00:00-04:00,10.843607108443873,10.993984176732807,10.843607108443873,10.897648811340332,717200,0.0,0.0,SandP500,GPN
2004-05-25 00:00:00-04:00,10.897647765312286,11.043325424194336,10.8130604484395,11.043325424194336,853600,0.0,0.0,SandP500,GPN
2004-05-26 00:00:00-04:00,11.01982493522676,11.05036964584763,10.911740686748598,11.040971755981445,1147600,0.0,0.0,SandP500,GPN
2004-05-27 00:00:00-04:00,11.008077522700939,11.050371170043945,10.937588409235167,11.050371170043945,548400,0.0,0.0,SandP500,GPN
2004-05-28 00:00:00-04:00,11.01513144311755,11.01513144311755,10.94229215564855,10.963438987731934,370800,0.0,0.0,SandP500,GPN
2004-06-01 00:00:00-04:00,10.925838692220509,10.984579760458253,10.857698837948508,10.972831726074219,694000,0.0,0.0,SandP500,GPN
2004-06-02 00:00:00-04:00,10.961085350626654,11.087965396021849,10.87884730485672,11.078567504882812,710000,0.0,0.0,SandP500,GPN
2004-06-03 00:00:00-04:00,11.04332056458166,11.172550732350489,11.031572530478593,11.085614204406738,1614000,0.0,0.0,SandP500,GPN
2004-06-04 00:00:00-04:00,11.1443549443711,11.156102978129592,11.076215093727317,11.095012664794922,428000,0.0,0.0,SandP500,GPN
2004-06-07 00:00:00-04:00,11.073869150866507,11.160805702209473,10.925841371636642,11.160805702209473,604800,0.0,0.0,SandP500,GPN
2004-06-08 00:00:00-04:00,11.137308761174575,11.149056797525638,11.005728423616597,11.132609367370605,511200,0.0,0.0,SandP500,GPN
2004-06-09 00:00:00-04:00,11.113810945919102,11.184300054975969,10.89529408042046,10.951685905456543,842400,0.0,0.0,SandP500,GPN
2004-06-10 00:00:00-04:00,10.951681699593479,10.961080482876278,10.801304752337934,10.815402030944824,612000,0.0,0.0,SandP500,GPN
2004-06-14 00:00:00-04:00,10.74961724346943,10.895294865526722,10.728470419596782,10.883546829223633,916800,0.0,0.0,SandP500,GPN
2004-06-15 00:00:00-04:00,10.883553110552725,10.968140454862024,10.820112602320753,10.914098739624023,742400,0.0,0.0,SandP500,GPN
2004-06-16 00:00:00-04:00,10.878845567255556,11.022173915966077,10.848299961058832,11.015125274658203,762000,0.0,0.0,SandP500,GPN
2004-06-17 00:00:00-04:00,10.97988210573677,11.029224395751953,10.89059541691093,11.029224395751953,367200,0.0,0.0,SandP500,GPN
2004-06-18 00:00:00-04:00,11.02922559287958,11.066819850731356,10.937589645385742,10.937589645385742,389600,0.0,0.0,SandP500,GPN
2004-06-21 00:00:00-04:00,10.921137149830072,10.970479422322578,10.742564731911639,10.773109436035156,711200,0.0,0.0,SandP500,GPN
2004-06-22 00:00:00-04:00,10.773122449926936,10.907052149231685,10.674437785731214,10.878856658935547,1080400,0.0,0.0,SandP500,GPN
2004-06-23 00:00:00-04:00,10.860053337248043,10.937591112327599,10.855353942346566,10.871801376342773,908400,0.0,0.0,SandP500,GPN
2004-06-24 00:00:00-04:00,10.878849702851852,10.890597741603514,10.653284132075473,10.749619483947754,1238400,0.0,0.0,SandP500,GPN
2004-06-25 00:00:00-04:00,10.721422553215072,10.742569378618565,10.559296593015704,10.573394775390625,1179200,0.0,0.0,SandP500,GPN
2004-06-28 00:00:00-04:00,10.608637426622716,10.728468813078612,10.559294247430211,10.618035316467285,624800,0.0,0.0,SandP500,GPN
2004-06-29 00:00:00-04:00,10.60628639871935,10.885894437695626,10.60628639871935,10.8741455078125,1141600,0.0,0.0,SandP500,GPN
2004-06-30 00:00:00-04:00,10.836555869692356,10.84595465906768,10.575745290593417,10.578095436096191,1207200,0.0,0.0,SandP500,GPN
2004-07-01 00:00:00-04:00,10.5780941695156,10.594541600794118,10.491157618998033,10.573394775390625,2515200,0.0,0.0,SandP500,GPN
2004-07-02 00:00:00-04:00,10.57339295653071,10.57339295653071,10.350176703740427,10.40656852722168,945600,0.0,0.0,SandP500,GPN
2004-07-06 00:00:00-04:00,10.390121690013991,10.392470938647147,10.237394535646237,10.29848575592041,1128800,0.0,0.0,SandP500,GPN
2004-07-07 00:00:00-04:00,10.267942672528417,10.474711559517406,10.263243277787996,10.404221534729004,1592800,0.0,0.0,SandP500,GPN
2004-07-08 00:00:00-04:00,10.420667545722779,10.425366939821725,10.319632813389907,10.35252857208252,1594800,0.0,0.0,SandP500,GPN
2004-07-09 00:00:00-04:00,10.326683409173386,10.573395798542471,10.326683409173386,10.538150787353516,1134800,0.0,0.0,SandP500,GPN
2004-07-12 00:00:00-04:00,10.538147507333074,10.592190080020039,10.432414299311626,10.589839935302734,1017200,0.0,0.0,SandP500,GPN
2004-07-13 00:00:00-04:00,10.573391542915559,10.608636539918946,10.401867743221919,10.451210021972656,934800,0.0,0.0,SandP500,GPN
2004-07-14 00:00:00-04:00,10.404215879178315,10.521697994873886,10.350174213516441,10.390118598937988,1037200,0.0,0.0,SandP500,GPN
2004-07-15 00:00:00-04:00,10.432415940615776,10.502905055825803,10.366625322944387,10.425366401672363,752800,0.0,0.0,SandP500,GPN
2004-07-16 00:00:00-04:00,10.455910495349402,10.55224581462239,10.432414425797006,10.540497779846191,1337200,0.0,0.0,SandP500,GPN
2004-07-19 00:00:00-04:00,10.540497112948227,10.749615166213486,10.540497112948227,10.690874099731445,1712400,0.0,0.0,SandP500,GPN
2004-07-20 00:00:00-04:00,10.679123258613476,10.824800814227622,10.657976444385833,10.815402030944824,794000,0.0,0.0,SandP500,GPN
2004-07-21 00:00:00-04:00,10.784864165390381,10.961087430208408,10.432417635754328,10.509955406188965,1534000,0.0,0.0,SandP500,GPN
2004-07-22 00:00:00-04:00,10.56869689317947,10.876500530015017,10.49585761829896,10.831856727600098,2222800,0.0,0.0,SandP500,GPN
2004-07-23 00:00:00-04:00,10.820106311352227,10.820106311352227,10.58514200102398,10.63448429107666,1084400,0.0,0.0,SandP500,GPN
2004-07-26 00:00:00-04:00,10.667380153817842,10.759016092348931,10.397170835718411,10.467659950256348,1012400,0.0,0.0,SandP500,GPN
2004-07-27 00:00:00-04:00,10.467660042000626,10.740218611235827,10.467660042000626,10.695575714111328,1188800,0.0,0.0,SandP500,GPN
2004-07-28 00:00:00-04:00,10.67207715612589,10.690874728738537,10.467658483710148,10.561644554138184,488400,0.0,0.0,SandP500,GPN
2004-07-29 00:00:00-04:00,10.549897976918762,10.655631200360718,10.505254183954834,10.60628890991211,598000,0.0,0.0,SandP500,GPN
2004-07-30 00:00:00-04:00,10.634483170835358,10.740217278608531,10.566344209219416,10.726119995117188,621200,0.0,0.0,SandP500,GPN
2004-08-02 00:00:00-04:00,10.702625362943213,10.702625362943213,10.549899081800104,10.674429893493652,626000,0.0,0.0,SandP500,GPN
2004-08-03 00:00:00-04:00,10.64623167495374,10.64623167495374,10.589839854298413,10.618035316467285,753600,0.0,0.0,SandP500,GPN
2004-08-04 00:00:00-04:00,10.59689211852895,10.59689211852895,10.54989996428811,10.578095436096191,858000,0.0,0.0,SandP500,GPN
2004-08-05 00:00:00-04:00,10.561646105961854,10.561646105961854,10.397170906705233,10.45356273651123,545200,0.0,0.0,SandP500,GPN
2004-08-06 00:00:00-04:00,10.432410833428822,10.43710932866731,10.016524092073983,10.115208625793457,1085600,0.0,0.0,SandP500,GPN
2004-08-09 00:00:00-04:00,10.103468124971169,10.143411638488434,9.995384727587787,10.02592945098877,555200,0.0,0.0,SandP500,GPN
2004-08-10 00:00:00-04:00,10.044725229374565,10.063522806235177,9.971885963516389,10.004781723022461,668800,0.0,0.0,SandP500,GPN
2004-08-11 00:00:00-04:00,9.974239467287752,9.974239467287752,9.729876263725115,9.828561782836914,1603600,0.0,0.0,SandP500,GPN
2004-08-12 00:00:00-04:00,9.833254858330623,9.985982000393088,9.80740954017757,9.950736999511719,1161200,0.0,0.0,SandP500,GPN
2004-08-13 00:00:00-04:00,9.97425903574399,10.030704188270612,9.898999430485338,9.986018180847168,1048000,0.01,0.0,SandP500,GPN
2004-08-16 00:00:00-04:00,9.96249723110425,10.207091331481934,9.96249723110425,10.207091331481934,370000,0.0,0.0,SandP500,GPN
2004-08-17 00:00:00-04:00,10.183570567374048,10.225904189595859,10.113014829392657,10.145940780639648,584400,0.0,0.0,SandP500,GPN
2004-08-18 00:00:00-04:00,10.160055013860845,10.336444854736328,10.11772138027752,10.336444854736328,811600,0.0,0.0,SandP500,GPN
2004-08-19 00:00:00-04:00,10.289405821384237,10.34585095664271,10.195330895008443,10.324684143066406,903600,0.0,0.0,SandP500,GPN
2004-08-20 00:00:00-04:00,10.32468343723336,10.376423835754395,10.298812789390379,10.376423835754395,452800,0.0,0.0,SandP500,GPN
2004-08-23 00:00:00-04:00,10.37642538689231,10.465796484482876,10.35055473518201,10.444629669189453,623600,0.0,0.0,SandP500,GPN
2004-08-24 00:00:00-04:00,10.435218197353116,10.461088839645058,10.367014837050869,10.402292251586914,505200,0.0,0.0,SandP500,GPN
2004-08-25 00:00:00-04:00,10.31292592213234,10.442279192989865,10.249426367376106,10.41640853881836,598800,0.0,0.0,SandP500,GPN
2004-08-26 00:00:00-04:00,10.395240718812346,10.489314755530318,10.381129209580372,10.46579647064209,499200,0.0,0.0,SandP500,GPN
2004-08-27 00:00:00-04:00,10.45403821004955,10.588094418983907,10.451685843063256,10.53635311126709,456800,0.0,0.0,SandP500,GPN
2004-08-30 00:00:00-04:00,10.48931610932109,10.48931610932109,10.395242060461564,10.40464973449707,424800,0.0,0.0,SandP500,GPN
2004-08-31 00:00:00-04:00,10.383485723276385,10.44228235614394,10.33409586982192,10.43287467956543,903200,0.0,0.0,SandP500,GPN
2004-09-01 00:00:00-04:00,10.41875839022633,10.470499690531888,10.381128598321835,10.454036712646484,662800,0.0,0.0,SandP500,GPN
2004-09-02 00:00:00-04:00,10.43051710308649,10.599851608276367,10.416406492430648,10.599851608276367,739200,0.0,0.0,SandP500,GPN
2004-09-03 00:00:00-04:00,10.576333735302967,10.623370302197204,10.442277545891383,10.496370315551758,497600,0.0,0.0,SandP500,GPN
2004-09-07 00:00:00-04:00,10.496372843434495,10.590446897044195,10.425817078935912,10.52224349975586,517200,0.0,0.0,SandP500,GPN
2004-09-08 00:00:00-04:00,10.536353003593007,10.757428845458252,10.526945330074247,10.684520721435547,524400,0.0,0.0,SandP500,GPN
2004-09-09 00:00:00-04:00,10.665706274975825,10.820929312481404,10.635132679206007,10.748022079467773,672000,0.0,0.0,SandP500,GPN
2004-09-10 00:00:00-04:00,10.766837385579272,10.893838307391794,10.693930146778408,10.83974552154541,355200,0.0,0.0,SandP500,GPN
2004-09-13 00:00:00-04:00,10.806816053120144,11.053761611823633,10.806816053120144,10.891483306884766,340000,0.0,0.0,SandP500,GPN
2004-09-14 00:00:00-04:00,10.89148263514794,11.06552007078362,10.89148263514794,10.950279235839844,526000,0.0,0.0,SandP500,GPN
2004-09-15 00:00:00-04:00,10.91736145732439,10.980861946495478,10.773898386047865,10.811528205871582,582000,0.0,0.0,SandP500,GPN
2004-09-16 00:00:00-04:00,10.811519611596397,10.884426824893879,10.771537455160553,10.797408103942871,281200,0.0,0.0,SandP500,GPN
2004-09-17 00:00:00-04:00,10.783301337703882,10.827987349672659,10.743320060853243,10.81857967376709,343200,0.0,0.0,SandP500,GPN
2004-09-20 00:00:00-04:00,10.865613957263252,10.903243752641862,10.809168815612793,10.809168815612793,425600,0.0,0.0,SandP500,GPN
2004-09-21 00:00:00-04:00,10.80916578247988,11.140778541564941,10.78329513719813,11.140778541564941,854400,0.0,0.0,SandP500,GPN
2004-09-22 00:00:00-04:00,11.112559044614752,11.176059489672356,10.936169218509756,11.053762435913086,934000,0.0,0.0,SandP500,GPN
2004-09-23 00:00:00-04:00,11.651136079042478,12.53073283400437,11.651136079042478,12.471936225891113,6858400,0.0,0.0,SandP500,GPN
2004-09-24 00:00:00-04:00,12.377861374184686,12.65538141793422,12.234397516311539,12.274378776550293,3878000,0.0,0.0,SandP500,GPN
2004-09-27 00:00:00-04:00,12.215586908515668,12.40138446524623,12.11680900574671,12.323773384094238,1092800,0.0,0.0,SandP500,GPN
2004-09-28 00:00:00-04:00,12.323774316003615,12.464885872677197,12.203828685382211,12.344941139221191,1106000,0.0,0.0,SandP500,GPN
2004-09-29 00:00:00-04:00,12.36610762981769,12.735350393774965,12.347292277612425,12.620108604431152,1455600,0.0,0.0,SandP500,GPN
2004-09-30 00:00:00-04:00,12.500162316097185,12.643625321535957,12.500162316097185,12.594236373901367,1502000,0.0,0.0,SandP500,GPN
2004-10-01 00:00:00-04:00,12.500158648988311,12.50251011844834,12.312008794246005,12.453121185302734,1899600,0.0,0.0,SandP500,GPN
2004-10-04 00:00:00-04:00,12.464880291679505,12.603640315718762,12.396676014386564,12.481343269348145,1332000,0.0,0.0,SandP500,GPN
2004-10-05 00:00:00-04:00,12.469586762415755,12.523679542922546,12.373160345483615,12.394327163696289,850400,0.0,0.0,SandP500,GPN
2004-10-06 00:00:00-04:00,12.359045668169278,12.439009083469479,12.312008206728287,12.399027824401855,689600,0.0,0.0,SandP500,GPN
2004-10-07 00:00:00-04:00,12.41784071797657,12.422544553249008,12.206173513705997,12.288488388061523,754000,0.0,0.0,SandP500,GPN
2004-10-08 00:00:00-04:00,12.26497449016974,12.276733633969021,11.99450969696045,11.99450969696045,845600,0.0,0.0,SandP500,GPN
2004-10-11 00:00:00-04:00,12.034488665770917,12.076822293091388,11.909840150418974,12.055655479431152,1076400,0.0,0.0,SandP500,GPN
2004-10-12 00:00:00-04:00,12.105047613067697,12.396678326590873,12.060361610633786,12.363752365112305,1369600,0.0,0.0,SandP500,GPN
2004-10-13 00:00:00-04:00,12.022729848101594,12.121508613565378,11.994507728182663,12.0650634765625,2193600,0.0,0.0,SandP500,GPN
2004-10-14 00:00:00-04:00,12.041546924052142,12.076824354731432,11.742860012375406,11.879267692565918,1449600,0.0,0.0,SandP500,GPN
2004-10-15 00:00:00-04:00,11.879265168282686,11.942765606610061,11.7922464478333,11.86750602722168,992800,0.0,0.0,SandP500,GPN
2004-10-18 00:00:00-04:00,11.84399110902802,12.006269454956055,11.794602164245383,12.006269454956055,1194400,0.0,0.0,SandP500,GPN
2004-10-19 00:00:00-04:00,12.008619196451829,12.323769042178872,12.008619196451829,12.16384220123291,1498800,0.0,0.0,SandP500,GPN
2004-10-20 00:00:00-04:00,12.140322067726258,12.14267443420661,11.940413980813611,12.093284606933594,664400,0.0,0.0,SandP500,GPN
2004-10-21 00:00:00-04:00,12.140322780048443,12.52838073290069,12.074470869373878,12.481343269348145,1792000,0.0,0.0,SandP500,GPN
2004-10-22 00:00:00-04:00,12.481342848868097,12.516621169635274,12.145026206970215,12.145026206970215,1451600,0.0,0.0,SandP500,GPN
2004-10-25 00:00:00-04:00,12.17089773285042,12.337879882561225,11.994507910635198,12.272027969360352,970800,0.0,0.0,SandP500,GPN
2004-10-26 00:00:00-04:00,12.253213791747829,12.422548324300204,12.083880156360568,12.38021469116211,922000,0.0,0.0,SandP500,GPN
2004-10-27 00:00:00-04:00,12.380215884237714,12.509568265885244,12.302604814115275,12.446067810058594,1606400,0.0,0.0,SandP500,GPN
2004-10-28 00:00:00-04:00,12.460177752250386,13.099885169938831,12.460177752250386,12.859994888305664,3244400,0.0,0.0,SandP500,GPN
2004-10-29 00:00:00-04:00,12.876457505587773,13.015217540164727,12.7235859617239,12.878808975219727,994800,0.0,0.0,SandP500,GPN
2004-11-01 00:00:00-05:00,12.864693249137945,13.031675338745117,12.638914573288977,13.031675338745117,1645600,0.0,0.0,SandP500,GPN
2004-11-02 00:00:00-05:00,13.076365531480523,13.29038515315175,13.02462512543988,13.041088104248047,1892400,0.0,0.0,SandP500,GPN
2004-11-03 00:00:00-05:00,13.12340125065164,13.264513632284846,13.05754934418844,13.240994453430176,1678800,0.0,0.0,SandP500,GPN
2004-11-04 00:00:00-05:00,13.081070132469197,13.231589317321777,13.076366295796916,13.231589317321777,1052000,0.0,0.0,SandP500,GPN
2004-11-05 00:00:00-05:00,13.238646160068317,13.288035101764086,13.02933035245421,13.285683631896973,964000,0.0,0.0,SandP500,GPN
2004-11-08 00:00:00-05:00,13.288037028534882,13.42679709710885,13.149276959960915,13.264518737792969,1243600,0.0,0.0,SandP500,GPN
2004-11-09 00:00:00-05:00,13.264515720397402,13.462072368051492,13.229237395144319,13.41268253326416,1049600,0.0,0.0,SandP500,GPN
2004-11-10 00:00:00-05:00,13.506756341230314,13.556145274728161,13.116346915036141,13.198661804199219,1282400,0.0,0.0,SandP500,GPN
2004-11-11 00:00:00-05:00,13.217481949444432,13.24805644673794,13.052851214157132,13.191611289978027,559600,0.0,0.0,SandP500,GPN
2004-11-12 00:00:00-05:00,13.198669280814695,13.25750785450348,13.116294738967166,13.226911544799805,897200,0.01,0.0,SandP500,GPN
2004-11-15 00:00:00-05:00,13.222202017946723,13.356353870459964,13.179838180541992,13.179838180541992,1212000,0.0,0.0,SandP500,GPN
2004-11-16 00:00:00-05:00,13.121001495844396,13.198668841474888,13.015091887168886,13.048041343688965,568400,0.0,0.0,SandP500,GPN
2004-11-17 00:00:00-05:00,13.07157828109115,13.542286889863847,13.07157828109115,13.492862701416016,1777600,0.0,0.0,SandP500,GPN
2004-11-18 00:00:00-05:00,13.492859694747176,13.61759716097845,13.368121330710682,13.504627227783203,712800,0.0,0.0,SandP500,GPN
2004-11-19 00:00:00-05:00,13.50463108486439,13.518751769418564,13.125710487365723,13.125710487365723,562800,0.0,0.0,SandP500,GPN
2004-11-22 00:00:00-05:00,13.102170135611512,13.168069933448587,13.036271235579616,13.090402603149414,831200,0.0,0.0,SandP500,GPN
2004-11-23 00:00:00-05:00,13.031564987670382,13.2598589047655,12.963312935320658,13.123353004455566,780400,0.0,0.0,SandP500,GPN
2004-11-24 00:00:00-05:00,13.099818764949717,13.429315105408644,13.099818764949717,13.299869537353516,556000,0.0,0.0,SandP500,GPN
2004-11-26 00:00:00-05:00,13.302224681141622,13.368123595552207,13.106880187988281,13.106880187988281,177200,0.0,0.0,SandP500,GPN
2004-11-29 00:00:00-05:00,13.123355623921746,13.46226639699815,13.123355623921746,13.311639785766602,830800,0.0,0.0,SandP500,GPN
2004-11-30 00:00:00-05:00,13.273984109867275,13.344590226852693,12.982144355773926,12.982144355773926,1040800,0.0,0.0,SandP500,GPN
2004-12-01 00:00:00-05:00,13.04097847877847,13.273979572775822,13.04097847877847,13.156302452087402,712800,0.0,0.0,SandP500,GPN
2004-12-02 00:00:00-05:00,13.168071220608773,13.23867732008819,13.116292995348076,13.198667526245117,630800,0.0,0.0,SandP500,GPN
2004-12-03 00:00:00-05:00,13.139830697231275,13.321052713987529,13.139830697231275,13.25986099243164,830000,0.0,0.0,SandP500,GPN
2004-12-06 00:00:00-05:00,13.156303114341686,13.250444276948135,13.116292424434894,13.179838180541992,759200,0.0,0.0,SandP500,GPN
2004-12-07 00:00:00-05:00,13.21750063864644,13.321056232402332,12.843287175516476,12.850347518920898,754800,0.0,0.0,SandP500,GPN
2004-12-08 00:00:00-05:00,12.723253490861946,12.972728468573402,12.723253490861946,12.880940437316895,576000,0.0,0.0,SandP500,GPN
2004-12-09 00:00:00-05:00,12.895059155372639,12.932715798240938,12.737371346120575,12.864462852478027,561600,0.0,0.0,SandP500,GPN
2004-12-10 00:00:00-05:00,12.866815851400302,12.993907356291274,12.798563804230122,12.925654411315918,456800,0.0,0.0,SandP500,GPN
2004-12-13 00:00:00-05:00,12.928008846646094,13.038625629923482,12.732664390884342,12.791502952575684,886000,0.0,0.0,SandP500,GPN
2004-12-14 00:00:00-05:00,12.831520242114996,12.944490230939241,12.767974455062797,12.803277969360352,584400,0.0,0.0,SandP500,GPN
2004-12-15 00:00:00-05:00,12.807977538401019,12.904473640415878,12.687947268893458,12.737371444702148,742400,0.0,0.0,SandP500,GPN
2004-12-16 00:00:00-05:00,12.713839946247337,12.857406219135221,12.579688061241875,12.760910987854004,590800,0.0,0.0,SandP500,GPN
2004-12-17 00:00:00-05:00,12.760912200297795,12.800922005891348,12.669124154236794,12.704426765441895,1482800,0.0,0.0,SandP500,GPN
2004-12-20 00:00:00-05:00,12.727960415596757,12.765617066029662,12.603222031570903,12.624403953552246,662400,0.0,0.0,SandP500,GPN
2004-12-21 00:00:00-05:00,12.831521459384604,12.96802653881974,12.676187597789724,12.76326847076416,1059200,0.0,0.0,SandP500,GPN
2004-12-22 00:00:00-05:00,12.76796745607408,13.21984716366515,12.76796745607408,13.135120391845703,1728800,0.0,0.0,SandP500,GPN
2004-12-23 00:00:00-05:00,13.674086012800695,14.262471829148497,13.674086012800695,13.885905265808105,6143200,0.0,0.0,SandP500,GPN
2004-12-27 00:00:00-05:00,14.085958369655454,14.144796960836649,13.610543342980385,13.697624206542969,2107600,0.0,0.0,SandP500,GPN
2004-12-28 00:00:00-05:00,13.721154637426356,13.996519617764987,13.721154637426356,13.965923309326172,1096800,0.0,0.0,SandP500,GPN
2004-12-29 00:00:00-05:00,14.003580222002558,14.069479135749559,13.77764031960824,13.860013961791992,903600,0.0,0.0,SandP500,GPN
2004-12-30 00:00:00-05:00,13.838832344891685,14.012994917954881,13.754104655174745,13.803529739379883,576800,0.0,0.0,SandP500,GPN
2004-12-31 00:00:00-05:00,13.84118419256009,13.968274809147493,13.721153018587513,13.77763843536377,1107600,0.0,0.0,SandP500,GPN
2005-01-03 00:00:00-05:00,13.650550870824254,13.73057137735855,13.535226856363906,13.584651947021484,1226400,0.0,0.0,SandP500,GPN
2005-01-04 00:00:00-05:00,13.584654028988355,13.662320501401043,13.323410544153097,13.342238426208496,1287200,0.0,0.0,SandP500,GPN
2005-01-05 00:00:00-05:00,13.297520109992819,13.40578289010527,13.109236818969961,13.196317672729492,1202000,0.0,0.0,SandP500,GPN
2005-01-06 00:00:00-05:00,13.196309395499616,13.41283571771648,13.175127482432805,13.321046829223633,1575600,0.0,0.0,SandP500,GPN
2005-01-07 00:00:00-05:00,13.361063387397776,13.565821371934502,13.264568162702961,13.523457527160645,1587600,0.0,0.0,SandP500,GPN
2005-01-10 00:00:00-05:00,13.485799525987588,13.51404178707446,13.354001709045328,13.361062049865723,741600,0.0,0.0,SandP500,GPN
2005-01-11 00:00:00-05:00,13.386952266637834,13.478740296089335,13.262213882429698,13.349295616149902,1087600,0.0,0.0,SandP500,GPN
2005-01-12 00:00:00-05:00,13.321048274925008,13.483443258663238,13.203371166850387,13.434019088745117,1209200,0.0,0.0,SandP500,GPN
2005-01-13 00:00:00-05:00,13.45050155466419,13.624663272097795,13.391662966757181,13.405783653259277,1632800,0.0,0.0,SandP500,GPN
2005-01-14 00:00:00-05:00,13.405777401351697,13.52580856747549,13.405777401351697,13.518747329711914,470400,0.0,0.0,SandP500,GPN
2005-01-18 00:00:00-05:00,13.518752097149665,13.683500304117654,13.490509829551167,13.650550842285156,609600,0.0,0.0,SandP500,GPN
2005-01-19 00:00:00-05:00,13.63878347943967,13.63878347943967,13.41519668840515,13.457560539245605,559600,0.0,0.0,SandP500,GPN
2005-01-20 00:00:00-05:00,13.445790022779978,13.471679136757086,13.264567122745532,13.354001998901367,886400,0.0,0.0,SandP500,GPN
2005-01-21 00:00:00-05:00,13.353997170064776,13.455198646045117,13.219844455438304,13.321046829223633,598400,0.0,0.0,SandP500,GPN
2005-01-24 00:00:00-05:00,13.321053230952966,13.474033887487659,13.25515431321146,13.27868938446045,862000,0.0,0.0,SandP500,GPN
2005-01-25 00:00:00-05:00,13.28810434846752,13.42461028148792,13.231619815897702,13.281044006347656,658800,0.0,0.0,SandP500,GPN
2005-01-26 00:00:00-05:00,13.304578539662598,13.546994083688226,13.276336274521755,13.492862701416016,714000,0.0,0.0,SandP500,GPN
2005-01-27 00:00:00-05:00,13.57052653863133,13.716445927832352,13.499920440489241,13.683496475219727,1440800,0.0,0.0,SandP500,GPN
2005-01-28 00:00:00-05:00,13.655259430193363,13.695269238557565,13.415197886591372,13.532875061035156,759600,0.0,0.0,SandP500,GPN
2005-01-31 00:00:00-05:00,13.535221534580609,13.631716734125577,13.321049218624452,13.483444213867188,889600,0.0,0.0,SandP500,GPN
2005-02-01 00:00:00-05:00,13.509334908821472,13.509334908821472,13.34693989451718,13.358707427978516,600000,0.0,0.0,SandP500,GPN
2005-02-02 00:00:00-05:00,13.323405009501881,13.464617208576415,13.323405009501881,13.462264060974121,588800,0.0,0.0,SandP500,GPN
2005-02-03 00:00:00-05:00,13.438728103746302,13.777638818210857,13.438728103746302,13.742335319519043,712400,0.0,0.0,SandP500,GPN
2005-02-04 00:00:00-05:00,13.721156382282508,14.10478416704377,13.702328503944994,14.076541900634766,934400,0.0,0.0,SandP500,GPN
2005-02-07 00:00:00-05:00,14.07654131884532,14.142440237011185,14.053005349639351,14.090662002563477,756800,0.0,0.0,SandP500,GPN
2005-02-08 00:00:00-05:00,14.024763651311073,14.121258884442545,13.91885403011666,14.109491348266602,779600,0.0,0.0,SandP500,GPN
2005-02-09 00:00:00-05:00,14.074188547478302,14.11184520381234,13.822359489905883,13.885905265808105,960800,0.0,0.0,SandP500,GPN
2005-02-10 00:00:00-05:00,13.907097942606482,13.942425392884061,13.69749068027594,13.78934097290039,2003200,0.01,0.0,SandP500,GPN
2005-02-11 00:00:00-05:00,13.770500655752652,13.98717305397841,13.739883591337483,13.942425727844238,612800,0.0,0.0,SandP500,GPN
2005-02-14 00:00:00-05:00,13.944779125638147,14.074311603237698,13.907096934001654,14.020143508911133,669600,0.0,0.0,SandP500,GPN
2005-02-15 00:00:00-05:00,13.965975352855956,14.013078316796959,13.862349550917198,13.930648803710938,452000,0.0,0.0,SandP500,GPN
2005-02-16 00:00:00-05:00,13.928298302085944,13.942429466008111,13.551476248307877,13.62448501586914,1291600,0.0,0.0,SandP500,GPN
2005-02-17 00:00:00-05:00,13.688072689039636,13.723400146497157,13.577381725940892,13.631549835205078,758800,0.0,0.0,SandP500,GPN
2005-02-18 00:00:00-05:00,13.65038937912683,13.65038937912683,13.207623765838212,13.2688570022583,1414800,0.0,0.0,SandP500,GPN
2005-02-22 00:00:00-05:00,13.153449529374614,13.259430952565642,13.033337848700869,13.188776969909668,958400,0.0,0.0,SandP500,GPN
2005-02-23 00:00:00-05:00,13.186426258977086,13.212332038422293,12.967398216873223,13.000370025634766,780000,0.0,0.0,SandP500,GPN
2005-02-24 00:00:00-05:00,13.014502718321866,13.087512378798229,12.906166498323065,13.033344268798828,528800,0.0,0.0,SandP500,GPN
2005-02-25 00:00:00-05:00,13.012146692351566,13.17936139350258,12.95091345616052,13.155810356140137,733200,0.0,0.0,SandP500,GPN
2005-02-28 00:00:00-05:00,13.108701166153413,13.214682580851326,12.993298981612561,13.075729370117188,654800,0.0,0.0,SandP500,GPN
2005-03-01 00:00:00-05:00,13.118124483953856,13.518498295903502,13.118124483953856,13.42900276184082,1091200,0.0,0.0,SandP500,GPN
2005-03-02 00:00:00-05:00,13.464334066474718,13.464334066474718,13.344222329647788,13.360708236694336,362400,0.0,0.0,SandP500,GPN
2005-03-03 00:00:00-05:00,13.400740841702785,13.433712642904267,13.287693382705989,13.34892749786377,552800,0.0,0.0,SandP500,GPN
2005-03-04 00:00:00-05:00,13.40781197948864,13.570316314697266,13.377194908189182,13.570316314697266,529600,0.0,0.0,SandP500,GPN
2005-03-07 00:00:00-05:00,13.659810258026381,13.725753882124215,13.518502235412598,13.518502235412598,380400,0.0,0.0,SandP500,GPN
2005-03-08 00:00:00-05:00,13.534987271678625,13.60093089153892,13.39603400239126,13.424295425415039,332800,0.0,0.0,SandP500,GPN
2005-03-09 00:00:00-05:00,13.436071029124614,13.443137058736433,13.2759214669449,13.330089569091797,266800,0.0,0.0,SandP500,GPN
2005-03-10 00:00:00-05:00,13.294758167330349,13.405449075526452,13.106347250642614,13.37954330444336,489200,0.0,0.0,SandP500,GPN
2005-03-11 00:00:00-05:00,13.330086421470256,13.551470063133559,13.3065353907638,13.384255409240723,546800,0.0,0.0,SandP500,GPN
2005-03-14 00:00:00-05:00,13.426652374674912,13.582091574454608,13.398390947009856,13.55383014678955,362400,0.0,0.0,SandP500,GPN
2005-03-15 00:00:00-05:00,13.765793489031028,13.940073346037195,13.742241549966268,13.79641056060791,1746800,0.0,0.0,SandP500,GPN
2005-03-16 00:00:00-05:00,13.798765096090845,13.801119840754312,13.690428873279371,13.732821464538574,816400,0.0,0.0,SandP500,GPN
2005-03-17 00:00:00-05:00,13.7916990018006,13.895324829643283,13.68807227554338,13.892970085144043,666800,0.0,0.0,SandP500,GPN
2005-03-18 00:00:00-05:00,13.900034184474903,13.98717409910601,13.841155693807902,13.848220825195312,620800,0.0,0.0,SandP500,GPN
2005-03-21 00:00:00-05:00,13.963619565287756,14.11434831990187,13.916516604867283,13.977749824523926,806000,0.0,0.0,SandP500,GPN
2005-03-22 00:00:00-05:00,14.7196225356242,14.785566157091168,14.354576076423612,14.56182861328125,3491600,0.0,0.0,SandP500,GPN
2005-03-23 00:00:00-05:00,14.790275643540763,14.851509772672546,14.542986179682485,14.55947208404541,3226400,0.0,0.0,SandP500,GPN
2005-03-24 00:00:00-05:00,14.700779120953298,14.740816956342035,14.601863701312327,14.651321411132812,1777600,0.0,0.0,SandP500,GPN
2005-03-28 00:00:00-05:00,14.651322183146329,14.865639835409027,14.651322183146329,14.679584503173828,1469600,0.0,0.0,SandP500,GPN
2005-03-29 00:00:00-05:00,14.660743639823844,14.81853755780069,14.613640669330278,14.639547348022461,1009600,0.0,0.0,SandP500,GPN
2005-03-30 00:00:00-05:00,14.681940445211405,15.011660351785801,14.677230058155832,14.924519538879395,1464800,0.0,0.0,SandP500,GPN
2005-03-31 00:00:00-05:00,14.971620123835203,15.296628693117798,14.93393793181341,15.188292503356934,1527200,0.0,0.0,SandP500,GPN
2005-04-01 00:00:00-05:00,15.214202383045096,15.308408332147193,15.054052808620241,15.249529838562012,2119200,0.0,0.0,SandP500,GPN
2005-04-04 00:00:00-04:00,15.256592278210114,15.308405630915034,14.962199862230978,14.992816925048828,1361600,0.0,0.0,SandP500,GPN
2005-04-05 00:00:00-04:00,14.99281551548062,15.190647236355778,14.89625484805431,15.164740562438965,982400,0.0,0.0,SandP500,GPN
2005-04-06 00:00:00-04:00,15.12470638414161,15.324892885288943,15.098799705505371,15.098799705505371,752400,0.0,0.0,SandP500,GPN
2005-04-07 00:00:00-04:00,15.101153876951171,15.308405489021128,15.065826427995384,15.178872108459473,744400,0.0,0.0,SandP500,GPN
2005-04-08 00:00:00-04:00,15.148257967484769,15.218912874832752,15.00223956256691,15.039921760559082,974000,0.0,0.0,SandP500,GPN
2005-04-11 00:00:00-04:00,15.068184526741769,15.101157239034828,14.813829892240003,14.870352745056152,847600,0.0,0.0,SandP500,GPN
2005-04-12 00:00:00-04:00,14.872704041039038,14.872704041039038,14.67487231717522,14.837376594543457,1117600,0.0,0.0,SandP500,GPN
2005-04-13 00:00:00-04:00,14.839731454871336,15.160031422856958,14.837376711013146,15.018722534179688,1735200,0.0,0.0,SandP500,GPN
2005-04-14 00:00:00-04:00,15.018726178914553,15.018726178914553,14.712558193434585,14.747884750366211,1147600,0.0,0.0,SandP500,GPN
2005-04-15 00:00:00-04:00,14.700784137343367,14.849158215849275,14.53827979316095,14.578317642211914,1067600,0.0,0.0,SandP500,GPN
2005-04-18 00:00:00-04:00,14.578316914175687,15.002241933178674,14.578316914175687,14.915102005004883,1384000,0.0,0.0,SandP500,GPN
2005-04-19 00:00:00-04:00,14.91510030982603,15.178874809058328,14.849155786603449,15.115286827087402,1880000,0.0,0.0,SandP500,GPN
2005-04-20 00:00:00-04:00,15.122359735806196,15.296639661973598,14.858584202506494,14.931593894958496,1191200,0.0,0.0,SandP500,GPN
2005-04-21 00:00:00-04:00,15.037566330621905,15.550986847039672,15.030501199152916,15.539212226867676,1675600,0.0,0.0,SandP500,GPN
2005-04-22 00:00:00-04:00,15.52037691229845,15.755890972282252,15.397908594882251,15.525086402893066,1401200,0.0,0.0,SandP500,GPN
2005-04-25 00:00:00-04:00,15.661678915404481,15.779435899730831,15.4873990817136,15.739398956298828,1314400,0.0,0.0,SandP500,GPN
2005-04-26 00:00:00-04:00,15.786499760692104,15.80063002268869,15.20949130266618,15.242463111877441,1112400,0.0,0.0,SandP500,GPN
2005-04-27 00:00:00-04:00,15.185936216985953,15.520365505124653,15.02578580361645,15.409673690795898,1108400,0.0,0.0,SandP500,GPN
2005-04-28 00:00:00-04:00,15.308404279342225,15.550983321199235,15.275432475409927,15.301339149475098,1445600,0.0,0.0,SandP500,GPN
2005-04-29 00:00:00-04:00,15.357864062775446,15.501527712269654,15.129415249749284,15.251883506774902,1115200,0.0,0.0,SandP500,GPN
2005-05-02 00:00:00-04:00,15.306051854532349,15.850090327432472,15.306051854532349,15.795921325683594,1618800,0.0,0.0,SandP500,GPN
2005-05-03 00:00:00-04:00,15.78179290540462,15.78179290540462,15.543923273411467,15.591025352478027,1628400,0.0,0.0,SandP500,GPN
2005-05-04 00:00:00-04:00,15.626346759998883,15.635767531530497,15.499169039564746,15.506234169006348,1440800,0.0,0.0,SandP500,GPN
2005-05-05 00:00:00-04:00,15.543922255152665,15.583959199419397,15.320184698999501,15.43323040008545,949200,0.0,0.0,SandP500,GPN
2005-05-06 00:00:00-04:00,15.4497160001986,15.468557548949223,15.280145655100988,15.327249526977539,655200,0.0,0.0,SandP500,GPN
2005-05-09 00:00:00-04:00,15.327249048703179,15.390837027716078,15.237752593344888,15.383771896362305,734400,0.0,0.0,SandP500,GPN
2005-05-10 00:00:00-04:00,15.435583169066415,15.55569577633252,15.284854397795835,15.320181846618652,1550800,0.0,0.0,SandP500,GPN
2005-05-11 00:00:00-04:00,15.355507556409716,15.388479362947466,15.160032359601253,15.178872108459473,837600,0.0,0.0,SandP500,GPN
2005-05-12 00:00:00-04:00,15.171806535782341,15.308405042787628,14.933937868112096,14.98339557647705,1448000,0.0,0.0,SandP500,GPN
2005-05-13 00:00:00-04:00,14.959829119604867,15.17428158202327,14.858494350650945,14.978682518005371,624800,0.01,0.0,SandP500,GPN
2005-05-16 00:00:00-04:00,15.025811870155332,15.183705910680178,14.978680179471498,15.17427921295166,723200,0.0,0.0,SandP500,GPN
2005-05-17 00:00:00-04:00,15.176641601928285,15.47593171731323,15.131865221673772,15.445296287536621,1037600,0.0,0.0,SandP500,GPN
2005-05-18 00:00:00-04:00,15.49478114862588,15.548984215989153,15.32981841831837,15.499493598937988,601200,0.0,0.0,SandP500,GPN
2005-05-19 00:00:00-04:00,15.518348099781035,15.685667966123972,15.442936303711557,15.671528816223145,627200,0.0,0.0,SandP500,GPN
2005-05-20 00:00:00-04:00,15.730443786771886,15.730443786771886,15.532488503262032,15.551340103149414,994000,0.0,0.0,SandP500,GPN
2005-05-23 00:00:00-04:00,15.560764493239533,15.824706630049157,15.482995587131514,15.801140785217285,1048800,0.0,0.0,SandP500,GPN
2005-05-24 00:00:00-04:00,15.86241889206013,15.956684112548828,15.782294623318437,15.956684112548828,1240000,0.0,0.0,SandP500,GPN
2005-05-25 00:00:00-04:00,15.947250101950122,15.999096039355468,15.801140785217285,15.801140785217285,1290800,0.0,0.0,SandP500,GPN
2005-05-26 00:00:00-04:00,15.836488148391421,16.01323467593132,15.827063249126242,15.982599258422852,857200,0.0,0.0,SandP500,GPN
2005-05-27 00:00:00-04:00,16.00145628489282,16.251257525169176,16.00145628489282,16.241830825805664,818400,0.0,0.0,SandP500,GPN
2005-05-31 00:00:00-04:00,16.2276908616273,16.331382751464844,16.095720673076947,16.331382751464844,1428400,0.0,0.0,SandP500,GPN
2005-06-01 00:00:00-04:00,16.32903021686159,16.58118863969258,16.30781968890636,16.461000442504883,1252800,0.0,0.0,SandP500,GPN
2005-06-02 00:00:00-04:00,16.4209448651381,16.623614534264366,16.39266474922739,16.604761123657227,711600,0.0,0.0,SandP500,GPN
2005-06-03 00:00:00-04:00,16.69194609201125,16.85455170980212,16.472780278680126,16.50105857849121,1845600,0.0,0.0,SandP500,GPN
2005-06-06 00:00:00-04:00,16.53877013351756,16.59061609536538,16.333743411108326,16.576475143432617,634800,0.0,0.0,SandP500,GPN
2005-06-07 00:00:00-04:00,16.60946910552585,16.72730018040116,16.46100080048887,16.46335792541504,474400,0.0,0.0,SandP500,GPN
2005-06-08 00:00:00-04:00,16.51048043246273,16.559969240567828,16.33844816590099,16.46570587158203,661600,0.0,0.0,SandP500,GPN
2005-06-09 00:00:00-04:00,16.470429709125064,16.64010676735425,16.43743714757603,16.616540908813477,513200,0.0,0.0,SandP500,GPN
2005-06-10 00:00:00-04:00,16.59297243056407,16.675453821414447,16.45157370572403,16.61182403564453,562000,0.0,0.0,SandP500,GPN
2005-06-13 00:00:00-04:00,16.60475143594869,16.61417813575244,16.425647735595703,16.425647735595703,610800,0.0,0.0,SandP500,GPN
2005-06-14 00:00:00-04:00,16.449220545142648,16.461002575124674,16.307821801680678,16.352598190307617,932800,0.0,0.0,SandP500,GPN
2005-06-15 00:00:00-04:00,16.38794114684943,16.543477183646775,16.23711756051789,16.331382751464844,851200,0.0,0.0,SandP500,GPN
2005-06-16 00:00:00-04:00,16.378519795526092,16.555266412024572,16.36909309355769,16.39737319946289,750000,0.0,0.0,SandP500,GPN
2005-06-17 00:00:00-04:00,16.444501318397123,16.550550343901364,16.413865892163006,16.468067169189453,536800,0.0,0.0,SandP500,GPN
2005-06-20 00:00:00-04:00,16.4704223335991,16.578826672710537,16.380871392061554,16.439786911010742,553200,0.0,0.0,SandP500,GPN
2005-06-21 00:00:00-04:00,16.45864484617195,16.526987090215563,16.397373977409796,16.44450569152832,540800,0.0,0.0,SandP500,GPN
2005-06-22 00:00:00-04:00,16.43507398700334,16.50105908587019,16.409151012740065,16.449214935302734,655200,0.0,0.0,SandP500,GPN
2005-06-23 00:00:00-04:00,16.446858242563685,16.449215367001962,16.230049541179998,16.260684967041016,585600,0.0,0.0,SandP500,GPN
2005-06-24 00:00:00-04:00,16.267754173310482,16.350235547187363,16.093364725976638,16.175846099853516,805600,0.0,0.0,SandP500,GPN
2005-06-27 00:00:00-04:00,16.152272784560456,16.16641192841615,15.961387150675526,16.01323127746582,682000,0.0,0.0,SandP500,GPN
2005-06-28 00:00:00-04:00,16.119293460285597,16.23476742497587,16.02267110353269,16.025028228759766,1598000,0.0,0.0,SandP500,GPN
2005-06-29 00:00:00-04:00,16.025025978377144,16.025025978377144,15.855348945050222,15.857706069946289,1572000,0.0,0.0,SandP500,GPN
2005-06-30 00:00:00-04:00,15.855344724109358,16.093363932381827,15.829421751032207,15.977890014648438,1264400,0.0,0.0,SandP500,GPN
2005-07-01 00:00:00-04:00,15.97789369296931,16.0980800889493,15.787006138369195,16.046234130859375,944000,0.0,0.0,SandP500,GPN
2005-07-05 00:00:00-04:00,16.05330092952724,16.23711705729956,15.982601589018385,16.164060592651367,1024000,0.0,0.0,SandP500,GPN
2005-07-06 00:00:00-04:00,16.140505550720867,16.154646507064935,15.831788606270528,15.897773742675781,732400,0.0,0.0,SandP500,GPN
2005-07-07 00:00:00-04:00,15.723372017739198,15.801140924532891,15.405228614807129,15.405228614807129,2294400,0.0,0.0,SandP500,GPN
2005-07-08 00:00:00-04:00,15.402885887563587,15.539570433690999,15.268558467530896,15.365179061889648,2068800,0.0,0.0,SandP500,GPN
2005-07-11 00:00:00-04:00,15.367524864138339,15.551341008949427,15.186065843685085,15.372239112854004,1603600,0.0,0.0,SandP500,GPN
2005-07-12 00:00:00-04:00,15.358100318863656,15.447653077431532,15.32510776506265,15.37459659576416,2448800,0.0,0.0,SandP500,GPN
2005-07-13 00:00:00-04:00,15.376950443153813,15.589046670927036,15.376950443153813,15.487711906433105,2830400,0.0,0.0,SandP500,GPN
2005-07-14 00:00:00-04:00,15.447650587735135,15.46178973766838,15.021101884818323,15.164855003356934,1676800,0.0,0.0,SandP500,GPN
2005-07-15 00:00:00-04:00,15.105938895168947,15.174281113792677,14.955115308536916,15.023457527160645,1659200,0.0,0.0,SandP500,GPN
2005-07-18 00:00:00-04:00,14.995180610952149,15.018746462831677,14.940978432445535,14.957474708557129,1180800,0.0,0.0,SandP500,GPN
2005-07-19 00:00:00-04:00,14.981036728643481,15.023455970360498,14.799576838849443,14.882059097290039,2025600,0.0,0.0,SandP500,GPN
2005-07-20 00:00:00-04:00,14.882064345563188,15.3439619193964,14.738310297823942,15.318038940429688,1904400,0.0,0.0,SandP500,GPN
2005-07-21 00:00:00-04:00,14.971615121630576,15.120083417104405,14.410739888616662,14.877350807189941,4366400,0.0,0.0,SandP500,GPN
2005-07-22 00:00:00-04:00,15.011676652262514,15.247337864310635,14.82079001869739,15.202563285827637,2750000,0.0,0.0,SandP500,GPN
2005-07-25 00:00:00-04:00,15.376953316898549,15.490071925504257,15.26383470829284,15.42644214630127,1862400,0.0,0.0,SandP500,GPN
2005-07-26 00:00:00-04:00,15.386374702709867,15.704518094954388,15.318032495819631,15.64795970916748,2236000,0.0,0.0,SandP500,GPN
2005-07-27 00:00:00-04:00,15.699808134206327,15.751652280587379,15.452362235477743,15.487711906433105,1397200,0.0,0.0,SandP500,GPN
2005-07-28 00:00:00-04:00,15.412308725289234,15.704529359069385,15.412308725289234,15.666824340820312,1203200,0.0,0.0,SandP500,GPN
2005-07-29 00:00:00-04:00,15.607898961659629,15.669169802481004,15.501849956314034,15.610254287719727,698000,0.0,0.0,SandP500,GPN
2005-08-01 00:00:00-04:00,15.60790313398839,15.671531115837817,15.504211224942635,15.612615585327148,719200,0.0,0.0,SandP500,GPN
2005-08-02 00:00:00-04:00,15.671529790345645,15.765794990781659,15.603187564978512,15.761080741882324,1040000,0.0,0.0,SandP500,GPN
2005-08-03 00:00:00-04:00,15.768155682990503,15.812930269910124,15.662106634270268,15.758728981018066,1209600,0.0,0.0,SandP500,GPN
2005-08-04 00:00:00-04:00,15.758733468305259,15.977899407182939,15.671537798700996,15.94961929321289,1502400,0.0,0.0,SandP500,GPN
2005-08-05 00:00:00-04:00,15.93076080866657,15.944901760126594,15.664463229302816,15.71395206451416,956000,0.0,0.0,SandP500,GPN
2005-08-08 00:00:00-04:00,15.732807367342417,15.801149614112187,15.636185012197657,15.706884384155273,532000,0.0,0.0,SandP500,GPN
2005-08-09 00:00:00-04:00,15.709239778688458,15.855349160963375,15.706882653760292,15.838852882385254,909200,0.0,0.0,SandP500,GPN
2005-08-10 00:00:00-04:00,15.977893929860675,16.10750702904772,15.810572227013573,15.869487762451172,827200,0.0,0.0,SandP500,GPN
2005-08-11 00:00:00-04:00,15.928406602052503,16.072160682177124,15.900128289870498,16.043882369995117,390000,0.0,0.0,SandP500,GPN
2005-08-12 00:00:00-04:00,16.032097486289903,16.04388131423019,15.930762679066438,15.954328536987305,459200,0.0,0.0,SandP500,GPN
2005-08-15 00:00:00-04:00,15.895373705132066,15.921310204794892,15.732670158658728,15.826991081237793,552000,0.01,0.0,SandP500,GPN
2005-08-16 00:00:00-04:00,15.775109724179304,15.864713584131929,15.687862582289158,15.725591659545898,577600,0.0,0.0,SandP500,GPN
2005-08-17 00:00:00-04:00,15.72088249934744,15.803412648405875,15.56289595700382,15.739747047424316,619600,0.0,0.0,SandP500,GPN
2005-08-18 00:00:00-04:00,15.704373117597271,15.704373117597271,15.562892635262905,15.62891674041748,784000,0.0,0.0,SandP500,GPN
2005-08-19 00:00:00-04:00,15.595901927829757,15.598260445174159,15.478001246912374,15.54638385772705,542800,0.0,0.0,SandP500,GPN
2005-08-22 00:00:00-04:00,15.522807451937668,15.633634403908198,15.515733697390104,15.53459644317627,716400,0.0,0.0,SandP500,GPN
2005-08-23 00:00:00-04:00,15.58176293406014,15.711452674505267,15.494515734870705,15.70909595489502,734800,0.0,0.0,SandP500,GPN
2005-08-24 00:00:00-04:00,15.67371763664197,15.815198101409297,15.185608863830566,15.185608863830566,2206400,0.0,0.0,SandP500,GPN
2005-08-25 00:00:00-04:00,15.23749009200667,15.43792096135271,15.235131573819842,15.308229446411133,848400,0.0,0.0,SandP500,GPN
2005-08-26 00:00:00-04:00,15.353031576693532,15.454426265703901,15.275216671378605,15.404908180236816,561200,0.0,0.0,SandP500,GPN
2005-08-29 00:00:00-04:00,15.395473070198454,15.692583327277886,15.3718932908478,15.685507774353027,694000,0.0,0.0,SandP500,GPN
2005-08-30 00:00:00-04:00,15.657213867108673,15.657213867108673,15.402547914441463,15.482721328735352,307200,0.0,0.0,SandP500,GPN
2005-08-31 00:00:00-04:00,15.598268812402525,15.633639395455562,15.320022984219918,15.511021614074707,1381200,0.0,0.0,SandP500,GPN
2005-09-01 00:00:00-04:00,15.48743907140299,15.628919579437532,15.228057840169283,15.468574523925781,995600,0.0,0.0,SandP500,GPN
2005-09-02 00:00:00-04:00,15.527521149619254,15.581756260811751,15.348311589747931,15.426126480102539,367600,0.0,0.0,SandP500,GPN
2005-09-06 00:00:00-04:00,15.426132853879357,15.572330423525342,15.400194546377287,15.492156982421875,410400,0.0,0.0,SandP500,GPN
2005-09-07 00:00:00-04:00,15.492156629627285,15.492156629627285,15.24928139129565,15.360108375549316,670000,0.0,0.0,SandP500,GPN
2005-09-08 00:00:00-04:00,15.360107092500234,15.386045397244967,15.237491123816177,15.327095031738281,866000,0.0,0.0,SandP500,GPN
2005-09-09 00:00:00-04:00,15.322374788190496,16.303307614255687,15.322374788190496,16.300949096679688,2955600,0.0,0.0,SandP500,GPN
2005-09-12 00:00:00-04:00,16.565051071869444,16.881024136257718,16.364620208740234,16.364620208740234,1811600,0.0,0.0,SandP500,GPN
2005-09-13 00:00:00-04:00,16.42356682432646,16.532035245539035,16.265580328148694,16.300949096679688,792800,0.0,0.0,SandP500,GPN
2005-09-14 00:00:00-04:00,16.3033143742417,16.520251306617315,16.114672468423098,16.18069839477539,592400,0.0,0.0,SandP500,GPN
2005-09-15 00:00:00-04:00,16.199557097590834,16.546185478466153,16.166545042176242,16.36697769165039,1046800,0.0,0.0,SandP500,GPN
2005-09-16 00:00:00-04:00,16.39999395337832,16.470733319257825,16.211352046321196,16.298599243164062,957600,0.0,0.0,SandP500,GPN
2005-09-19 00:00:00-04:00,16.246725922469686,16.49903348987091,16.164195746034316,16.388206481933594,701200,0.0,0.0,SandP500,GPN
2005-09-20 00:00:00-04:00,16.34104573003829,16.399996108863792,16.15947755580298,16.192489624023438,1320400,0.0,0.0,SandP500,GPN
2005-09-21 00:00:00-04:00,16.1995529978692,16.293873903335697,16.02977752685547,16.02977752685547,1165600,0.0,0.0,SandP500,GPN
2005-09-22 00:00:00-04:00,16.088736020001402,16.131180359016643,15.916600145377764,15.91895866394043,1220800,0.0,0.0,SandP500,GPN
2005-09-23 00:00:00-04:00,16.789057425951682,18.196791943134986,16.682947525258385,17.927978515625,8882000,0.0,0.0,SandP500,GPN
2005-09-26 00:00:00-04:00,17.92090691757505,18.4396692929487,17.715759046002272,18.387794494628906,3562000,0.0,0.0,SandP500,GPN
2005-09-27 00:00:00-04:00,18.34534931054966,18.58350742498206,18.161422710670333,18.2628173828125,2546800,0.0,0.0,SandP500,GPN
2005-09-28 00:00:00-04:00,18.321772554930973,18.446748838767487,18.19444135083446,18.40430450439453,1398000,0.0,0.0,SandP500,GPN
2005-09-29 00:00:00-04:00,18.39251898152927,18.39487750050972,18.074187282038146,18.194446563720703,3120800,0.0,0.0,SandP500,GPN
2005-09-30 00:00:00-04:00,18.194445942885682,18.38072755845855,18.14021080232327,18.326494216918945,1376800,0.0,0.0,SandP500,GPN
2005-10-03 00:00:00-04:00,18.326495732846478,19.111715282366223,18.253397832106252,19.03154182434082,2905200,0.0,0.0,SandP500,GPN
2005-10-04 00:00:00-04:00,19.262621889910125,19.840334748705466,19.00088212475211,19.04096794128418,5318800,0.0,0.0,SandP500,GPN
2005-10-05 00:00:00-04:00,19.071623069485753,19.071623069485753,18.524563707424022,18.52692222595215,1797600,0.0,0.0,SandP500,GPN
2005-10-06 00:00:00-04:00,18.510410453699812,18.890050862977706,18.463250891897896,18.628311157226562,3156000,0.0,0.0,SandP500,GPN
2005-10-07 00:00:00-04:00,18.571721219249408,18.887694273428288,18.571721219249408,18.86882972717285,2083600,0.0,0.0,SandP500,GPN
2005-10-10 00:00:00-04:00,18.868828806639378,19.354580954397157,18.783941950675498,19.111705780029297,2634000,0.0,0.0,SandP500,GPN
2005-10-11 00:00:00-04:00,19.21781626708391,19.491346785458912,19.029174406203076,19.198951721191406,2600400,0.0,0.0,SandP500,GPN
2005-10-12 00:00:00-04:00,19.198958540875886,19.496068947642396,19.078701065894116,19.137651443481445,3344400,0.0,0.0,SandP500,GPN
2005-10-13 00:00:00-04:00,19.13765455629956,19.312147198613626,18.89006221055176,18.932506561279297,1706000,0.0,0.0,SandP500,GPN
2005-10-14 00:00:00-04:00,18.979662408754464,19.392315037613223,18.852329381681038,19.21074867248535,2475200,0.0,0.0,SandP500,GPN
2005-10-17 00:00:00-04:00,19.25790134796776,19.382875811480407,19.182444966279633,19.335716247558594,1302400,0.0,0.0,SandP500,GPN
2005-10-18 00:00:00-04:00,19.33572229339052,19.550302514079732,19.29799319123842,19.389957427978516,2482400,0.0,0.0,SandP500,GPN
2005-10-19 00:00:00-04:00,19.38996136312924,20.045489354367824,19.38996136312924,19.984180450439453,2007200,0.0,0.0,SandP500,GPN
2005-10-20 00:00:00-04:00,20.054914884133712,20.41569082993767,19.698854175957923,19.72479248046875,2987600,0.0,0.0,SandP500,GPN
2005-10-21 00:00:00-04:00,19.724788736181072,20.0242557418379,19.67291213700697,19.78373908996582,1590800,0.0,0.0,SandP500,GPN
2005-10-24 00:00:00-04:00,19.66583861845447,19.901640036423892,19.66583861845447,19.859195709228516,1856400,0.0,0.0,SandP500,GPN
2005-10-25 00:00:00-04:00,20.024254495506707,20.036045285138595,19.774305586703516,19.849761962890625,1485600,0.0,0.0,SandP500,GPN
2005-10-26 00:00:00-04:00,19.946440400321208,20.146873037957928,19.677626936951434,19.771947860717773,1606400,0.0,0.0,SandP500,GPN
2005-10-27 00:00:00-04:00,19.80732618602879,19.915794661164796,19.526721822706122,19.750734329223633,1483600,0.0,0.0,SandP500,GPN
2005-10-28 00:00:00-04:00,19.80731712714233,20.257698653920944,19.80731712714233,20.243549346923828,1735600,0.0,0.0,SandP500,GPN
2005-10-31 00:00:00-05:00,20.241197257697376,20.561887399811972,19.91579187776746,20.20818519592285,2370400,0.0,2.0,SandP500,GPN
2005-11-01 00:00:00-05:00,20.208177604704712,21.04291470819607,20.208177604704712,20.69392967224121,2539400,0.0,0.0,SandP500,GPN
2005-11-02 00:00:00-05:00,20.83542115943284,21.080654940912346,20.679791302350136,20.783544540405273,1405200,0.0,0.0,SandP500,GPN
2005-11-03 00:00:00-05:00,20.90144123132219,21.099515392842754,20.590183376666182,20.708084106445312,1611600,0.0,0.0,SandP500,GPN
2005-11-04 00:00:00-05:00,20.86842630184172,20.925018140628996,20.43455253943574,20.646772384643555,1482400,0.0,0.0,SandP500,GPN
2005-11-07 00:00:00-05:00,20.656211853027344,20.679791644150686,20.458139448763983,20.656211853027344,1244200,0.0,0.0,SandP500,GPN
2005-11-08 00:00:00-05:00,20.703369140625,20.778825536713367,20.46285064126544,20.703369140625,1318200,0.0,0.0,SandP500,GPN
2005-11-09 00:00:00-05:00,20.67978512694,20.731661730476148,20.161022689622904,20.23176383972168,2340400,0.0,0.0,SandP500,GPN
2005-11-10 00:00:00-05:00,20.17046174592037,20.42041077535162,19.769598092259987,20.288362503051758,1900400,0.0,0.0,SandP500,GPN
2005-11-11 00:00:00-05:00,20.330800738653735,20.524157850289047,20.085567021624666,20.33551597595215,1303400,0.0,0.0,SandP500,GPN
2005-11-14 00:00:00-05:00,20.217561003746475,20.71297527466773,20.217561003746475,20.67051124572754,1080600,0.01,0.0,SandP500,GPN
2005-11-15 00:00:00-05:00,20.769598163221495,20.769598163221495,20.335521122991636,20.519533157348633,1384200,0.0,0.0,SandP500,GPN
2005-11-16 00:00:00-05:00,20.50537517348217,20.755441953549166,20.373265644293276,20.628049850463867,433400,0.0,0.0,SandP500,GPN
2005-11-17 00:00:00-05:00,20.74128224826166,20.86395690260695,20.62804604409663,20.78846549987793,1997600,0.0,0.0,SandP500,GPN
2005-11-18 00:00:00-05:00,20.788467903432803,20.788467903432803,19.958060577545165,19.981651306152344,2991200,0.0,0.0,SandP500,GPN
2005-11-21 00:00:00-05:00,20.047699483177297,20.047699483177297,19.50038652900448,19.95333480834961,2517800,0.0,0.0,SandP500,GPN
2005-11-22 00:00:00-05:00,19.962772300170034,20.20340052129468,19.934462356567384,20.052417755126953,1374000,0.0,0.0,SandP500,GPN
2005-11-23 00:00:00-05:00,20.052417804805575,20.373256633670987,19.88728096635568,20.21283721923828,1084800,0.0,0.0,SandP500,GPN
2005-11-25 00:00:00-05:00,20.175093931355427,20.52424276106691,20.175093931355427,20.46762466430664,247000,0.0,0.0,SandP500,GPN
2005-11-28 00:00:00-05:00,20.46763381988436,20.46763381988436,20.15623144862117,20.222286224365234,996800,0.0,0.0,SandP500,GPN
2005-11-29 00:00:00-05:00,20.340231579936766,20.750715910678913,20.27889426159611,20.387413024902344,1036000,0.0,0.0,SandP500,GPN
2005-11-30 00:00:00-05:00,20.571426848207636,20.807337714814867,20.444036564113958,20.656354904174805,1601000,0.0,0.0,SandP500,GPN
2005-12-01 00:00:00-05:00,20.774303268276388,21.08098801044813,20.66106709875755,21.062114715576172,1438200,0.0,0.0,SandP500,GPN
2005-12-02 00:00:00-05:00,21.062134385433012,21.373536842212225,20.779041897400322,20.967769622802734,851200,0.0,0.0,SandP500,GPN
2005-12-05 00:00:00-05:00,21.090439062154434,21.246139351546564,20.736572640976867,20.98192024230957,1086600,0.0,0.0,SandP500,GPN
2005-12-06 00:00:00-05:00,21.090431942968834,21.415988292610177,20.963039858363853,21.368806838989258,1075600,0.0,0.0,SandP500,GPN
2005-12-07 00:00:00-05:00,21.38767023348927,21.4395690884896,20.807328183598635,20.996057510375977,708200,0.0,0.0,SandP500,GPN
2005-12-08 00:00:00-05:00,20.9252959297707,21.057407256535452,20.316647180906216,20.524248123168945,2116000,0.0,0.0,SandP500,GPN
2005-12-09 00:00:00-05:00,20.439320584046744,20.774313635850717,20.05242684537169,20.679950714111328,917400,0.0,0.0,SandP500,GPN
2005-12-12 00:00:00-05:00,20.925298438621994,21.184801897385373,20.462913239150698,20.519533157348633,2304200,0.0,0.0,SandP500,GPN
2005-12-13 00:00:00-05:00,20.63748158477448,20.661072309385673,20.382697439317,20.566707611083984,921600,0.0,0.0,SandP500,GPN
2005-12-14 00:00:00-05:00,20.566704791222215,20.845079623123443,20.477059330048036,20.557268142700195,517200,0.0,0.0,SandP500,GPN
2005-12-15 00:00:00-05:00,20.57142329494084,20.69881535688738,20.24586700320419,20.528959274291992,1019600,0.0,0.0,SandP500,GPN
2005-12-16 00:00:00-05:00,20.76487707650084,20.911142485622317,20.50537544084312,20.571430206298828,880000,0.0,0.0,SandP500,GPN
2005-12-19 00:00:00-05:00,20.576144564232084,20.920574188232422,20.47706243949026,20.920574188232422,1283000,0.0,0.0,SandP500,GPN
2005-12-20 00:00:00-05:00,20.882835800812384,21.25085809435736,20.821500251769596,21.057411193847656,1132600,0.0,0.0,SandP500,GPN
2005-12-21 00:00:00-05:00,21.175364251143943,21.2366997931952,20.977198146461003,21.203672409057617,1110600,0.0,0.0,SandP500,GPN
2005-12-22 00:00:00-05:00,22.15202453421197,22.878630231956688,22.0576598540096,22.60497283935547,3247800,0.0,0.0,SandP500,GPN
2005-12-23 00:00:00-05:00,22.364351262348354,22.66159766353384,21.99161165467589,22.595542907714844,2447200,0.0,0.0,SandP500,GPN
2005-12-27 00:00:00-05:00,22.567236521055932,22.60026390154987,22.14731362646958,22.15203285217285,1420800,0.0,0.0,SandP500,GPN
2005-12-28 00:00:00-05:00,22.034077586269973,22.36907061962911,21.703801978795116,22.203933715820312,883600,0.0,0.0,SandP500,GPN
2005-12-29 00:00:00-05:00,22.36433982364764,22.430394545681594,22.180327926737956,22.185047149658203,816200,0.0,0.0,SandP500,GPN
2005-12-30 00:00:00-05:00,22.185050624657077,22.213360567044376,21.949139837665644,21.99160385131836,660200,0.0,0.0,SandP500,GPN
2006-01-03 00:00:00-05:00,24.048757659128263,24.048757659128263,22.05766909237553,22.373788833618164,2042800,0.0,0.0,SandP500,GPN
2006-01-04 00:00:00-05:00,22.26998219986278,22.803141167362448,22.218081530479175,22.77954864501953,1918000,0.0,0.0,SandP500,GPN
2006-01-05 00:00:00-05:00,22.779541601888646,23.53917451012924,22.69461358731167,23.383474349975586,1534200,0.0,0.0,SandP500,GPN
2006-01-06 00:00:00-05:00,23.718477401373104,23.718477401373104,23.25609234499305,23.289119720458984,1788400,0.0,0.0,SandP500,GPN
2006-01-09 00:00:00-05:00,23.35517818093791,23.77038185255906,23.35517818093791,23.628835678100586,1312800,0.0,0.0,SandP500,GPN
2006-01-10 00:00:00-05:00,23.591080833883847,24.19501192727715,23.468408005484566,24.062902450561523,1820400,0.0,0.0,SandP500,GPN
2006-01-11 00:00:00-05:00,24.062913104963133,24.06763053128174,23.515599859275916,23.874183654785156,1260800,0.0,0.0,SandP500,GPN
2006-01-12 00:00:00-05:00,23.874178119627924,24.029880149904315,23.709041238901758,23.92607879638672,1199200,0.0,0.0,SandP500,GPN
2006-01-13 00:00:00-05:00,23.944963165882214,23.944963165882214,23.525041932329714,23.539196014404297,909800,0.0,0.0,SandP500,GPN
2006-01-17 00:00:00-05:00,23.53919006632701,23.88361977535198,23.30799838485831,23.808128356933594,1317800,0.0,0.0,SandP500,GPN
2006-01-18 00:00:00-05:00,23.591081574172122,24.14783124331112,23.591081574172122,23.770374298095703,763000,0.0,0.0,SandP500,GPN
2006-01-19 00:00:00-05:00,23.860027919575746,24.17143023085123,23.82700053806602,24.067628860473633,1408400,0.0,0.0,SandP500,GPN
2006-01-20 00:00:00-05:00,24.06761938549754,24.110083402129504,23.56277040990452,23.638261795043945,841600,0.0,0.0,SandP500,GPN
2006-01-23 00:00:00-05:00,23.826995231366002,24.27050696990235,23.72319388410683,24.011005401611328,1676800,0.0,0.0,SandP500,GPN
2006-01-24 00:00:00-05:00,24.00630025575686,24.180873865557768,23.878908118921224,23.94968032836914,2241000,0.0,0.0,SandP500,GPN
2006-01-25 00:00:00-05:00,24.07706577901875,24.27523187012952,23.968546981447957,24.190303802490234,1482200,0.0,0.0,SandP500,GPN
2006-01-26 00:00:00-05:00,24.35543421566597,24.66683644733216,23.477845617373028,23.50143814086914,2435800,0.0,0.0,SandP500,GPN
2006-01-27 00:00:00-05:00,23.501443666853444,23.628835764287917,23.336304962835154,23.520315170288086,1182800,0.0,0.0,SandP500,GPN
2006-01-30 00:00:00-05:00,23.53447110933924,23.930801480221234,23.383488282322986,23.911928176879883,2038200,0.0,0.0,SandP500,GPN
2006-01-31 00:00:00-05:00,23.911925092797617,24.110089352751398,23.770378935708198,24.02988052368164,815200,0.0,0.0,SandP500,GPN
2006-02-01 00:00:00-05:00,23.911928604764544,24.12424877151085,23.74679169721592,24.067628860473633,1174400,0.0,0.0,SandP500,GPN
2006-02-02 00:00:00-05:00,24.15727783005212,24.22805002397579,23.831719618487984,23.874183654785156,802400,0.0,0.0,SandP500,GPN
2006-02-03 00:00:00-05:00,23.874171732744294,24.011000425802333,23.435377510079903,23.468406677246094,735800,0.0,0.0,SandP500,GPN
2006-02-06 00:00:00-05:00,23.543908830151945,23.543908830151945,23.03434041593934,23.260814666748047,1728400,0.0,0.0,SandP500,GPN
2006-02-07 00:00:00-05:00,22.69934736577588,23.3882067703012,22.68991071367668,23.260814666748047,1056600,0.0,0.0,SandP500,GPN
2006-02-08 00:00:00-05:00,23.26553200806515,23.26553200806515,22.911665682368792,23.029621124267578,1065400,0.0,0.0,SandP500,GPN
2006-02-09 00:00:00-05:00,23.11926735894195,23.171168043031024,22.784274325094454,22.826738357543945,603800,0.0,0.0,SandP500,GPN
2006-02-10 00:00:00-05:00,22.831459347722852,23.058027267456055,22.661532957772508,23.058027267456055,850800,0.01,0.0,SandP500,GPN
2006-02-13 00:00:00-05:00,23.05802708518548,23.100508682337253,22.836180345038883,23.010826110839844,507000,0.0,0.0,SandP500,GPN
2006-02-14 00:00:00-05:00,22.987232358890918,23.010832852978645,22.38777044593079,22.822025299072266,1723800,0.0,0.0,SandP500,GPN
2006-02-15 00:00:00-05:00,22.774819924659337,22.95418688626561,22.633215186802566,22.892824172973633,1056400,0.0,0.0,SandP500,GPN
2006-02-16 00:00:00-05:00,22.949461742497434,23.487560733734764,22.949461742497434,23.30347442626953,945800,0.0,0.0,SandP500,GPN
2006-02-17 00:00:00-05:00,23.341235032556085,23.80381135802055,23.327073301773495,23.563081741333008,1311200,0.0,0.0,SandP500,GPN
2006-02-21 00:00:00-05:00,23.473401533580745,23.648047292178642,23.393159520382298,23.47812271118164,1290400,0.0,0.0,SandP500,GPN
2006-02-22 00:00:00-05:00,23.52532503118511,23.874618368991207,23.487562810621515,23.72829246520996,1644600,0.0,0.0,SandP500,GPN
2006-02-23 00:00:00-05:00,23.80853730277518,24.011504760838537,23.76605569991071,23.85101890563965,998600,0.0,0.0,SandP500,GPN
2006-02-24 00:00:00-05:00,23.846296224670724,24.289991503771645,23.695250946653314,24.190868377685547,807800,0.0,0.0,SandP500,GPN
2006-02-27 00:00:00-05:00,24.26165611387046,24.77615432556485,24.242775016050338,24.719511032104492,1118200,0.0,0.0,SandP500,GPN
2006-02-28 00:00:00-05:00,24.743132477842202,24.898898965994313,24.37968094002485,24.57320785522461,1569200,0.0,0.0,SandP500,GPN
2006-03-01 00:00:00-05:00,24.71480224257193,24.785603688818664,24.426871679605007,24.743122100830078,1010400,0.0,0.0,SandP500,GPN
2006-03-02 00:00:00-05:00,24.771453611931875,25.22931070895465,24.64400879727805,25.18210792541504,995200,0.0,0.0,SandP500,GPN
2006-03-03 00:00:00-05:00,25.172667806882263,25.337873038824252,24.94609805935899,24.96497917175293,948800,0.0,0.0,SandP500,GPN
2006-03-06 00:00:00-05:00,24.99329496255535,24.99329496255535,24.66288277577395,24.88473129272461,723600,0.0,0.0,SandP500,GPN
2006-03-07 00:00:00-05:00,24.913053011692437,24.913053011692437,24.22862990305607,24.360794067382812,756400,0.0,0.0,SandP500,GPN
2006-03-08 00:00:00-05:00,24.360792547270016,24.936653742648573,24.214466659752073,24.832809448242188,948800,0.0,0.0,SandP500,GPN
2006-03-09 00:00:00-05:00,25.035768856838402,25.07825043637041,24.78087937964637,24.785598754882812,524800,0.0,0.0,SandP500,GPN
2006-03-10 00:00:00-05:00,24.592077660155983,24.79504505379278,24.436313032830892,24.540157318115234,643600,0.0,0.0,SandP500,GPN
2006-03-13 00:00:00-05:00,24.54015882485379,24.544878201474013,24.1908655351066,24.280548095703125,1100400,0.0,0.0,SandP500,GPN
2006-03-14 00:00:00-05:00,24.252227489090814,24.544877446787947,24.181424237753717,24.516555786132812,1123000,0.0,0.0,SandP500,GPN
2006-03-15 00:00:00-05:00,24.53071740022462,24.5684778136506,24.304149517864325,24.40327262878418,1423800,0.0,0.0,SandP500,GPN
2006-03-16 00:00:00-05:00,24.474077614403235,25.257625662639704,24.38439504403582,24.913053512573242,1432400,0.0,0.0,SandP500,GPN
2006-03-17 00:00:00-05:00,24.917768281106664,25.144336137917673,24.53543400989988,25.11601448059082,956600,0.0,0.0,SandP500,GPN
2006-03-20 00:00:00-05:00,25.134893948529893,25.578589080813348,24.94136713756995,25.573869705200195,1201600,0.0,0.0,SandP500,GPN
2006-03-21 00:00:00-05:00,25.715474768268194,25.857079446607983,25.380343276057086,25.42282485961914,1081400,0.0,0.0,SandP500,GPN
2006-03-22 00:00:00-05:00,25.37090469872927,25.37090469872927,24.91776897253349,25.01217269897461,910000,0.0,0.0,SandP500,GPN
2006-03-23 00:00:00-05:00,25.087688372102594,25.243452947081128,24.950803096702703,25.186811447143555,771400,0.0,0.0,SandP500,GPN
2006-03-24 00:00:00-05:00,25.347304217269322,25.663554630155545,24.98385104086188,25.01217269897461,1169200,0.0,0.0,SandP500,GPN
2006-03-27 00:00:00-05:00,24.332469377783443,24.5684778136506,23.95485624051629,24.40327262878418,2351000,0.0,0.0,SandP500,GPN
2006-03-28 00:00:00-05:00,24.34663705083702,24.592084299517985,23.43092294378132,23.714134216308594,2673200,0.0,0.0,SandP500,GPN
2006-03-29 00:00:00-05:00,23.270427685366833,23.600839802725222,22.793691513616306,23.4025936126709,3039000,0.0,0.0,SandP500,GPN
2006-03-30 00:00:00-05:00,23.270427464148725,24.068136994282245,23.270427464148725,24.011493682861328,1637800,0.0,0.0,SandP500,GPN
2006-03-31 00:00:00-05:00,24.592071286508485,25.41810057656243,24.20501770607414,25.0216064453125,4628400,0.0,0.0,SandP500,GPN
2006-04-03 00:00:00-04:00,24.875287964010074,24.88000734017126,23.88877269099684,24.252225875854492,2613000,0.0,0.0,SandP500,GPN
2006-04-04 00:00:00-04:00,24.25222674571878,24.63455924953581,24.016218315964494,24.540157318115234,1792200,0.0,0.0,SandP500,GPN
2006-04-05 00:00:00-04:00,24.072864326734585,24.304153423315046,22.755936610833505,22.944744110107422,4125000,0.0,0.0,SandP500,GPN
2006-04-06 00:00:00-04:00,23.058025095873628,23.37899673541731,22.987223640463508,23.076906204223633,1761000,0.0,0.0,SandP500,GPN
2006-04-07 00:00:00-04:00,23.076914956665192,23.15243761810729,22.7134615857869,22.822025299072266,1402200,0.0,0.0,SandP500,GPN
2006-04-10 00:00:00-04:00,22.58128164555898,22.595441572025642,21.948779121433418,22.071502685546875,3568400,0.0,0.0,SandP500,GPN
2006-04-11 00:00:00-04:00,22.30279429394136,22.40191739199236,22.038464231870794,22.34527587890625,1622600,0.0,0.0,SandP500,GPN
2006-04-12 00:00:00-04:00,22.345279535741454,22.93058126875411,22.331119605302945,22.78897476196289,1731600,0.0,0.0,SandP500,GPN
2006-04-13 00:00:00-04:00,22.788966151656247,23.001374030987932,22.595439372843124,22.666242599487305,1857800,0.0,0.0,SandP500,GPN
2006-04-17 00:00:00-04:00,22.628492226190875,22.713455422333166,22.227278533764792,22.269760131835938,918200,0.0,0.0,SandP500,GPN
2006-04-18 00:00:00-04:00,22.250879202160743,22.58601081155391,22.250879202160743,22.31696128845215,1895400,0.0,0.0,SandP500,GPN
2006-04-19 00:00:00-04:00,22.326401662396865,22.491608677385447,22.047911586286425,22.269760131835938,2270400,0.0,0.0,SandP500,GPN
2006-04-20 00:00:00-04:00,22.43024079046521,22.79841335501407,22.43024079046521,22.609607696533203,2030600,0.0,0.0,SandP500,GPN
2006-04-21 00:00:00-04:00,22.65208572236131,22.67568620088466,22.45383774144277,22.590723037719727,1075800,0.0,0.0,SandP500,GPN
2006-04-24 00:00:00-04:00,22.54825111021886,22.694577020675126,22.491609577391408,22.670974731445312,995800,0.0,0.0,SandP500,GPN
2006-04-25 00:00:00-04:00,22.661528825372987,22.803135324910404,22.595446752576294,22.652090072631836,766000,0.0,0.0,SandP500,GPN
2006-04-26 00:00:00-04:00,22.652089752544615,23.02026232469595,22.652089752544615,22.949459075927734,908200,0.0,0.0,SandP500,GPN
2006-04-27 00:00:00-04:00,22.798418531692345,22.798418531692345,22.302801089816775,22.33584213256836,887400,0.0,0.0,SandP500,GPN
2006-04-28 00:00:00-04:00,22.198948912647854,22.704006730603997,22.09510644393427,22.38775634765625,789600,0.0,0.0,SandP500,GPN
2006-05-01 00:00:00-04:00,22.505762896157503,22.576566141834622,22.132869163380498,22.203672409057617,880400,0.0,0.0,SandP500,GPN
2006-05-02 00:00:00-04:00,22.20367061513421,22.21311116716851,21.87325849633853,21.972381591796875,743200,0.0,0.0,SandP500,GPN
2006-05-03 00:00:00-04:00,21.967670531930015,22.1470356866767,21.844945109627687,22.08095359802246,716200,0.0,0.0,SandP500,GPN
2006-05-04 00:00:00-04:00,22.0479046757533,22.274472527585047,21.96766268265926,22.09982681274414,1338800,0.0,0.0,SandP500,GPN
2006-05-05 00:00:00-04:00,22.170632125581015,22.416081104814396,22.170632125581015,22.27919578552246,940600,0.0,0.0,SandP500,GPN
2006-05-08 00:00:00-04:00,22.231992274094093,22.231992274094093,21.807178201696907,21.859100341796875,1133200,0.0,0.0,SandP500,GPN
2006-05-09 00:00:00-04:00,21.854382805819668,21.89686440019653,21.64669601142257,21.712778091430664,1090000,0.0,0.0,SandP500,GPN
2006-05-10 00:00:00-04:00,21.660843464826623,21.75996652773835,21.509798283075252,21.523958206176758,1106200,0.0,0.0,SandP500,GPN
2006-05-11 00:00:00-04:00,21.335154769734736,21.42955846795053,20.981142251876086,21.028343200683594,1384800,0.0,0.0,SandP500,GPN
2006-05-12 00:00:00-04:00,20.981152857381694,21.3870877044801,20.858427447485965,21.29740333557129,868000,0.0,0.0,SandP500,GPN
2006-05-15 00:00:00-04:00,21.736564398621056,22.42601579730878,21.552396528246724,22.119068145751953,2717000,0.01,0.0,SandP500,GPN
2006-05-16 00:00:00-04:00,22.142684261386087,22.515743358558726,22.119073313764996,22.477964401245117,1782800,0.0,0.0,SandP500,GPN
2006-05-17 00:00:00-04:00,22.48268976020444,22.48741122960734,21.802682876586914,21.802682876586914,1585000,0.0,0.0,SandP500,GPN
2006-05-18 00:00:00-04:00,21.82157909192941,22.06241553800815,21.760190963745117,21.760190963745117,902200,0.0,0.0,SandP500,GPN
2006-05-19 00:00:00-04:00,21.826291859527192,21.826291859527192,21.292675839127497,21.372953414916992,1269000,0.0,0.0,SandP500,GPN
2006-05-22 00:00:00-04:00,20.92434342632067,21.368235402757946,20.89128773666045,21.3021240234375,1597000,0.0,0.0,SandP500,GPN
2006-05-23 00:00:00-04:00,21.30212382549549,21.6137930403958,21.259623396127264,21.401290893554688,928200,0.0,0.0,SandP500,GPN
2006-05-24 00:00:00-04:00,21.401293726260736,21.76490815867296,21.339903808736544,21.627962112426758,1770400,0.0,0.0,SandP500,GPN
2006-05-25 00:00:00-04:00,21.7885194467291,21.949076447911334,21.566572527077124,21.61379623413086,739600,0.0,0.0,SandP500,GPN
2006-05-26 00:00:00-04:00,21.580730975517724,21.802675995405536,21.349339417005552,21.73656463623047,495400,0.0,0.0,SandP500,GPN
2006-05-30 00:00:00-04:00,21.627954839562253,21.627954839562253,21.184062957763672,21.184062957763672,743800,0.0,0.0,SandP500,GPN
2006-05-31 00:00:00-04:00,21.32572828121675,22.01517787978829,21.3021173390683,21.99629020690918,1276200,0.0,0.0,SandP500,GPN
2006-06-01 00:00:00-04:00,22.00101853741117,22.25602111551432,21.854627768188994,22.062408447265625,887600,0.0,0.0,SandP500,GPN
2006-06-02 00:00:00-04:00,22.24657662034854,22.303243260084223,21.599627229282877,21.656293869018555,1169200,0.0,0.0,SandP500,GPN
2006-06-05 00:00:00-04:00,21.382397983164733,21.849902631213816,21.382397983164733,21.779067993164062,1043400,0.0,0.0,SandP500,GPN
2006-06-06 00:00:00-04:00,21.864075336245634,21.920741982686902,21.302126738985876,21.505184173583984,756400,0.0,0.0,SandP500,GPN
2006-06-07 00:00:00-04:00,21.46268078917725,21.76490526386842,21.311568551831666,21.339900970458984,750400,0.0,0.0,SandP500,GPN
2006-06-08 00:00:00-04:00,21.23600766290307,21.23600766290307,20.95267093047621,21.174617767333984,1226000,0.0,0.0,SandP500,GPN
2006-06-09 00:00:00-04:00,21.174629079133712,21.590188761184834,21.160462865434415,21.481576919555664,1119400,0.0,0.0,SandP500,GPN
2006-06-12 00:00:00-04:00,21.524067970559585,21.727123550119828,21.29739784186959,21.32101058959961,1333400,0.0,0.0,SandP500,GPN
2006-06-13 00:00:00-04:00,21.368235190486267,21.528792167840948,21.273789591795286,21.339900970458984,1424800,0.0,0.0,SandP500,GPN
2006-06-14 00:00:00-04:00,21.368226690846797,22.16156652204432,21.368226690846797,22.095455169677734,1835600,0.0,0.0,SandP500,GPN
2006-06-15 00:00:00-04:00,22.09074080294284,23.238250599725202,22.09074080294284,23.153249740600586,2088800,0.0,0.0,SandP500,GPN
2006-06-16 00:00:00-04:00,23.153249739274354,23.32325145751385,22.699913024902344,22.699913024902344,1828800,0.0,0.0,SandP500,GPN
2006-06-19 00:00:00-04:00,22.67630528343189,22.851028495718037,22.27019041049634,22.274911880493164,888600,0.0,0.0,SandP500,GPN
2006-06-20 00:00:00-04:00,22.270184487391226,22.383519552574278,22.03879288828405,22.3504638671875,971800,0.0,0.0,SandP500,GPN
2006-06-21 00:00:00-04:00,22.41658523148295,22.714086532592773,22.411861959236447,22.714086532592773,1086200,0.0,0.0,SandP500,GPN
2006-06-22 00:00:00-04:00,22.619629598701508,22.624351066811847,22.2465705690017,22.43073844909668,751200,0.0,0.0,SandP500,GPN
2006-06-23 00:00:00-04:00,22.501580034308045,23.06825005544398,22.407134430318703,22.888805389404297,790400,0.0,0.0,SandP500,GPN
2006-06-26 00:00:00-04:00,22.954903108351843,23.068236324559784,22.647955528440608,22.681011199951172,627600,0.0,0.0,SandP500,GPN
2006-06-27 00:00:00-04:00,22.638518490559726,22.73768734020756,22.32684933792272,22.374073028564453,541200,0.0,0.0,SandP500,GPN
2006-06-28 00:00:00-04:00,22.180459368577,22.9124094261766,22.00573442343037,22.76129722595215,1637200,0.0,0.0,SandP500,GPN
2006-06-29 00:00:00-04:00,22.78491532909023,23.242975343242247,22.770749118805142,23.205196380615234,1254800,0.0,0.0,SandP500,GPN
2006-06-30 00:00:00-04:00,23.280753933847347,23.37047807489528,22.80852768041677,22.926584243774414,1099400,0.0,0.0,SandP500,GPN
2006-07-03 00:00:00-04:00,22.926592002153086,23.535764507559083,22.926592002153086,23.36576271057129,478200,0.0,0.0,SandP500,GPN
2006-07-05 00:00:00-04:00,23.21463603711238,23.22880224429497,22.426019279686773,22.562963485717773,1483400,0.0,0.0,SandP500,GPN
2006-07-06 00:00:00-04:00,22.61963331378583,22.63852099072885,21.897126079071214,22.038793563842773,2470200,0.0,0.0,SandP500,GPN
2006-07-07 00:00:00-04:00,22.03880096566733,22.04352423753927,21.538242231266402,21.661020278930664,1328200,0.0,0.0,SandP500,GPN
2006-07-10 00:00:00-04:00,21.66100620606092,21.66100620606092,21.198224940296335,21.4201717376709,1363600,0.0,0.0,SandP500,GPN
2006-07-11 00:00:00-04:00,21.20295289944897,21.207674367897468,20.42377910327292,20.702392578125,3542200,0.0,0.0,SandP500,GPN
2006-07-12 00:00:00-04:00,20.702396591947025,20.881843051575306,20.54656108193826,20.603229522705078,1379400,0.0,0.0,SandP500,GPN
2006-07-13 00:00:00-04:00,20.603240987994162,20.607962459985476,19.073226462467574,19.125171661376953,5580200,0.0,0.0,SandP500,GPN
2006-07-14 00:00:00-04:00,19.125158595616327,19.4415492435139,18.912656473162862,19.2951602935791,2446800,0.0,0.0,SandP500,GPN
2006-07-17 00:00:00-04:00,19.413220577441532,19.691834124823206,19.34238592247666,19.41794204711914,1489800,0.0,0.0,SandP500,GPN
2006-07-18 00:00:00-04:00,19.4179442882398,19.658780701796402,19.172386404460656,19.403778076171875,1501600,0.0,0.0,SandP500,GPN
2006-07-19 00:00:00-04:00,19.554884912441775,19.828776945696365,19.48405026897254,19.720163345336914,1320000,0.0,0.0,SandP500,GPN
2006-07-20 00:00:00-04:00,19.71544768932656,19.74378191534828,19.233776655359403,19.26683235168457,975200,0.0,0.0,SandP500,GPN
2006-07-21 00:00:00-04:00,19.23850082389286,19.23850082389286,18.690718371739724,18.747385025024414,1240000,0.0,0.0,SandP500,GPN
2006-07-24 00:00:00-04:00,18.912654159944854,19.290434663989036,18.785152902067527,19.28571319580078,907400,0.0,0.0,SandP500,GPN
2006-07-25 00:00:00-04:00,19.2715523301505,19.323495700213407,18.98349405305601,19.092105865478516,877600,0.0,0.0,SandP500,GPN
2006-07-26 00:00:00-04:00,19.139321606722,19.39432411107642,18.959877001198038,19.144044876098633,1796400,0.0,0.0,SandP500,GPN
2006-07-27 00:00:00-04:00,19.252657811086802,19.583216432746237,18.912654451505716,18.964599609375,1205400,0.0,0.0,SandP500,GPN
2006-07-28 00:00:00-04:00,19.88071485620335,21.21711536653392,19.88071485620335,21.155725479125977,4736200,0.0,0.0,SandP500,GPN
2006-07-31 00:00:00-04:00,21.0376767487391,21.042400019500423,19.729609964849825,20.088502883911133,3410400,0.0,0.0,SandP500,GPN
2006-08-01 00:00:00-04:00,20.06961199188041,20.12155715820102,19.082659235988416,19.153493881225586,2995200,0.0,0.0,SandP500,GPN
2006-08-02 00:00:00-04:00,19.035442590303703,19.436834220290066,19.035442590303703,19.290443420410156,1420400,0.0,0.0,SandP500,GPN
2006-08-03 00:00:00-04:00,19.054325453993496,19.517108691048513,18.98821407767132,19.49349594116211,1314600,0.0,0.0,SandP500,GPN
2006-08-04 00:00:00-04:00,19.59266368380904,19.59266368380904,19.05904763188641,19.181825637817383,1106000,0.0,0.0,SandP500,GPN
2006-08-07 00:00:00-04:00,19.110995460419904,19.1393278803689,18.435711830168046,18.539600372314453,2283400,0.0,0.0,SandP500,GPN
2006-08-08 00:00:00-04:00,18.539607591341216,18.714332655595406,18.279883432742693,18.322383880615234,2074200,0.0,0.0,SandP500,GPN
2006-08-09 00:00:00-04:00,18.416823762753637,18.553769807684517,18.232655813350128,18.260988235473633,1664800,0.0,0.0,SandP500,GPN
2006-08-10 00:00:00-04:00,18.062647994126273,18.430983768931178,17.944591471288845,18.31292724609375,1524600,0.0,0.0,SandP500,GPN
2006-08-11 00:00:00-04:00,18.275162093938274,18.51127529463153,18.152382220793353,18.19960594177246,661600,0.0,0.0,SandP500,GPN
2006-08-14 00:00:00-04:00,18.180711863136395,18.64349340348456,18.13348995548058,18.26571273803711,861600,0.0,0.0,SandP500,GPN
2006-08-15 00:00:00-04:00,18.327128639103652,18.47359332072426,18.142865457496,18.180662155151367,911600,0.01,0.0,SandP500,GPN
2006-08-16 00:00:00-04:00,18.237358233677742,18.66258234992517,18.22791041094486,18.634233474731445,1244200,0.0,0.0,SandP500,GPN
2006-08-17 00:00:00-04:00,18.846848244221167,19.187027586158365,18.738180243842777,19.135055541992188,1799000,0.0,0.0,SandP500,GPN
2006-08-18 00:00:00-04:00,19.13505486237844,19.215373980632076,19.02638686585957,19.073633193969727,1223800,0.0,0.0,SandP500,GPN
2006-08-21 00:00:00-04:00,19.040571273286005,19.05474662167667,18.757089538133524,18.785436630249023,843200,0.0,0.0,SandP500,GPN
2006-08-22 00:00:00-04:00,18.78542903480397,18.804328290128108,18.20901616607515,18.360206604003906,1304600,0.0,0.0,SandP500,GPN
2006-08-23 00:00:00-04:00,18.312953172889298,18.610610050053168,17.77433716814721,17.826309204101562,1310800,0.0,0.0,SandP500,GPN
2006-08-24 00:00:00-04:00,17.86411145315255,17.939706666134384,17.50975855436295,17.528656005859375,1953200,0.0,0.0,SandP500,GPN
2006-08-25 00:00:00-04:00,17.50502650840546,17.61842018803125,17.301864109060656,17.481403350830078,1285600,0.0,0.0,SandP500,GPN
2006-08-28 00:00:00-04:00,17.43888799689184,17.98222985245847,17.43416408439942,17.788516998291016,1245600,0.0,0.0,SandP500,GPN
2006-08-29 00:00:00-04:00,17.741262438846796,17.745988151960493,17.235719275569533,17.684566497802734,2004600,0.0,0.0,SandP500,GPN
2006-08-30 00:00:00-04:00,17.618425999574097,18.034198756573872,17.618425999574097,17.892457962036133,1085800,0.0,0.0,SandP500,GPN
2006-08-31 00:00:00-04:00,17.9066295270206,18.00584788204092,17.637321533490237,17.97749900817871,1112200,0.0,0.0,SandP500,GPN
2006-09-01 00:00:00-04:00,18.218465142099326,18.4735978705209,18.142869925838838,18.199565887451172,1126800,0.0,0.0,SandP500,GPN
2006-09-05 00:00:00-04:00,18.308235778845944,18.31768540714071,18.076724391454967,18.171218872070312,1254000,0.0,0.0,SandP500,GPN
2006-09-06 00:00:00-04:00,18.175942038008206,18.204289116584206,17.87828509663584,17.953880310058594,1091400,0.0,0.0,SandP500,GPN
2006-09-07 00:00:00-04:00,17.883012216348526,17.968057071993783,17.627879451745123,17.86411476135254,1668600,0.0,0.0,SandP500,GPN
2006-09-08 00:00:00-04:00,17.878279425670375,18.053092963322623,17.878279425670375,17.939701080322266,1297400,0.0,0.0,SandP500,GPN
2006-09-11 00:00:00-04:00,17.93025596796706,18.23736071383734,17.901907088918076,18.18539047241211,1009400,0.0,0.0,SandP500,GPN
2006-09-12 00:00:00-04:00,18.227901415248688,18.402714886841476,18.086158911563437,18.256248474121094,927800,0.0,0.0,SandP500,GPN
2006-09-13 00:00:00-04:00,19.593350664229895,20.420173973925976,19.22009856615032,19.48940658569336,3556200,0.0,0.0,SandP500,GPN
2006-09-14 00:00:00-04:00,19.42799189159724,19.446891149445204,19.06418928851986,19.116161346435547,1379200,0.0,0.0,SandP500,GPN
2006-09-15 00:00:00-04:00,19.158676728826453,19.24844726942028,18.922441499611992,18.964963912963867,1294800,0.0,0.0,SandP500,GPN
2006-09-18 00:00:00-04:00,19.040564854405343,19.07363765227933,18.473599772900517,18.56809425354004,1141600,0.0,0.0,SandP500,GPN
2006-09-19 00:00:00-04:00,18.615340445211867,18.68620994651924,18.16176734611692,18.2137393951416,2364000,0.0,0.0,SandP500,GPN
2006-09-20 00:00:00-04:00,18.09560914821432,18.44051219411051,18.081435618295433,18.17593002319336,2051600,0.0,0.0,SandP500,GPN
2006-09-21 00:00:00-04:00,18.190120109811936,18.331860945006305,17.887739180775274,17.9727840423584,1504200,0.0,0.0,SandP500,GPN
2006-09-22 00:00:00-04:00,17.98695562615316,18.284612609275186,17.816865921512004,18.171218872070312,2622400,0.0,0.0,SandP500,GPN
2006-09-25 00:00:00-04:00,18.166481105351046,18.41216584665911,17.944419515598753,18.3082218170166,1981200,0.0,0.0,SandP500,GPN
2006-09-26 00:00:00-04:00,18.30822622376153,18.525562154116333,18.209007881947127,18.312950134277344,2387800,0.0,0.0,SandP500,GPN
2006-09-27 00:00:00-04:00,18.29405848499494,18.45469852838999,18.105069562530673,18.22791290283203,2061800,0.0,0.0,SandP500,GPN
2006-09-28 00:00:00-04:00,18.355472591027116,18.412170331368127,17.99639591385757,18.397994995117188,2670600,0.0,0.0,SandP500,GPN
2006-09-29 00:00:00-04:00,20.320957864009678,20.88319898034514,20.207565939633078,20.793428421020508,8543400,0.0,0.0,SandP500,GPN
2006-10-02 00:00:00-04:00,20.69421061422771,20.741458752646874,19.498860648371814,19.891010284423828,3954200,0.0,0.0,SandP500,GPN
2006-10-03 00:00:00-04:00,19.77288639121398,20.287879222022653,19.579173590762917,20.084716796875,5187200,0.0,0.0,SandP500,GPN
2006-10-04 00:00:00-04:00,19.891008516369226,20.339855878627485,19.81068939169427,20.302059173583984,2521400,0.0,0.0,SandP500,GPN
2006-10-05 00:00:00-04:00,20.665858403382686,20.788699928113754,20.16503907445688,20.363475799560547,3555000,0.0,0.0,SandP500,GPN
2006-10-06 00:00:00-04:00,20.245361313835403,20.250087028400326,19.782340414734318,19.919357299804688,2425800,0.0,0.0,SandP500,GPN
2006-10-09 00:00:00-04:00,19.862658066076538,19.97604996428847,19.583900429668926,19.69729232788086,1917200,0.0,0.0,SandP500,GPN
2006-10-10 00:00:00-04:00,19.697296803082438,19.980780217682803,19.253175129906975,19.34766960144043,3290400,0.0,0.0,SandP500,GPN
2006-10-11 00:00:00-04:00,19.257893298139486,19.607522197825407,19.14922531910603,19.31931495666504,1956000,0.0,0.0,SandP500,GPN
2006-10-12 00:00:00-04:00,19.72564635007815,19.9193592122012,19.607528707263313,19.735095977783203,3633000,0.0,0.0,SandP500,GPN
2006-10-13 00:00:00-04:00,19.744540494318407,19.938253306295994,19.522478806564198,19.626422882080078,2868800,0.0,0.0,SandP500,GPN
2006-10-16 00:00:00-04:00,19.607526207142612,19.985502255488605,19.607526207142612,19.787065505981445,2060800,0.0,0.0,SandP500,GPN
2006-10-17 00:00:00-04:00,19.787063481836846,19.787063481836846,19.27679451701944,19.48940658569336,2392400,0.0,0.0,SandP500,GPN
2006-10-18 00:00:00-04:00,19.588623763020998,19.92880305228083,19.588623763020998,19.791786193847656,2242600,0.0,0.0,SandP500,GPN
2006-10-19 00:00:00-04:00,19.79652392113875,20.287892100965223,19.787074290443446,20.165050506591797,3430800,0.0,0.0,SandP500,GPN
2006-10-20 00:00:00-04:00,20.07999043905676,20.11778893323759,19.68783917242199,20.108339309692383,2808600,0.0,0.0,SandP500,GPN
2006-10-23 00:00:00-04:00,20.018572077358066,20.599710503416556,19.966600040483197,20.528841018676758,2965600,0.0,0.0,SandP500,GPN
2006-10-24 00:00:00-04:00,20.514667435965134,20.552465939594022,20.09416899591895,20.103618621826172,2128800,0.0,0.0,SandP500,GPN
2006-10-25 00:00:00-04:00,20.122519826331118,20.31623267039744,20.061098153139742,20.273710250854492,1472600,0.0,0.0,SandP500,GPN
2006-10-26 00:00:00-04:00,20.273713438177047,20.30678623609531,20.046927765737983,20.24064064025879,1631200,0.0,0.0,SandP500,GPN
2006-10-27 00:00:00-04:00,20.240640590299567,20.7367343601813,20.17449499462631,20.439077377319336,2066000,0.0,0.0,SandP500,GPN
2006-10-30 00:00:00-05:00,20.538289460772447,20.774524667628054,20.405996519347823,20.73200225830078,1535200,0.0,0.0,SandP500,GPN
2006-10-31 00:00:00-05:00,20.788700676207686,20.88319513065681,20.60443748131439,20.651683807373047,1317400,0.0,0.0,SandP500,GPN
2006-11-01 00:00:00-05:00,20.793422586378867,21.15722502947397,20.434345856833836,20.481592178344727,2284000,0.0,0.0,SandP500,GPN
2006-11-02 00:00:00-05:00,20.391838105048812,20.391838105048812,19.985512959577715,20.264270782470703,1734200,0.0,0.0,SandP500,GPN
2006-11-03 00:00:00-05:00,20.22646454907709,20.302059763693407,19.607527490302683,19.839038848876953,2019200,0.0,0.0,SandP500,GPN
2006-11-06 00:00:00-05:00,19.857929964317435,20.14141328042103,19.78233477382278,20.061092376708984,2100800,0.0,0.0,SandP500,GPN
2006-11-07 00:00:00-05:00,20.11779907272042,20.60916712840359,20.013854963666137,20.552471160888672,1911400,0.0,0.0,SandP500,GPN
2006-11-08 00:00:00-05:00,20.48158335625088,20.642223303459275,20.434337055090527,20.543004989624023,1876600,0.0,0.0,SandP500,GPN
2006-11-09 00:00:00-05:00,20.524117092230707,20.552465969994305,20.235911612127477,20.28788185119629,1494000,0.0,0.0,SandP500,GPN
2006-11-10 00:00:00-05:00,20.22646012223601,20.43907037770839,20.136689585423348,20.3729248046875,1063200,0.0,0.0,SandP500,GPN
2006-11-13 00:00:00-05:00,20.405998962549145,20.802874229677528,20.287881344979173,20.69420623779297,1445800,0.0,0.0,SandP500,GPN
2006-11-14 00:00:00-05:00,20.665846759027996,21.223616768211375,20.646938873222233,21.190528869628906,1810400,0.01,0.0,SandP500,GPN
2006-11-15 00:00:00-05:00,21.143259044401873,21.412690104679857,21.062903234881,21.072357177734375,1834200,0.0,0.0,SandP500,GPN
2006-11-16 00:00:00-05:00,21.14798088095693,21.403230052519277,21.048715410908265,21.209428787231445,1093000,0.0,0.0,SandP500,GPN
2006-11-17 00:00:00-05:00,21.20943754251596,21.23779937468834,21.039270155792593,21.176349639892578,510000,0.0,0.0,SandP500,GPN
2006-11-20 00:00:00-05:00,21.233069371812224,21.270885144249867,20.74147695220979,20.916370391845703,1211600,0.0,0.0,SandP500,GPN
2006-11-21 00:00:00-05:00,21.006179025002066,21.006179025002066,20.79819769716627,20.99672508239746,692800,0.0,0.0,SandP500,GPN
2006-11-22 00:00:00-05:00,20.935276255706825,21.02508600183765,20.76510890248623,20.8454647064209,817200,0.0,0.0,SandP500,GPN
2006-11-24 00:00:00-05:00,20.75093739728513,21.166900205502674,20.75093739728513,21.114904403686523,274600,0.0,0.0,SandP500,GPN
2006-11-27 00:00:00-05:00,21.23307525664058,21.23307525664058,20.93055620591622,21.034547805786133,1844400,0.0,0.0,SandP500,GPN
2006-11-28 00:00:00-05:00,20.845472760169645,21.00618623328651,20.637491360964916,20.92110252380371,1514200,0.0,0.0,SandP500,GPN
2006-11-29 00:00:00-05:00,20.92109412499824,21.261428826301543,20.826558310774058,21.214160919189453,1146400,0.0,0.0,SandP500,GPN
2006-11-30 00:00:00-05:00,21.35124347542769,21.81447772667482,21.270887654248494,21.649036407470703,2021600,0.0,0.0,SandP500,GPN
2006-12-01 00:00:00-05:00,21.705757831246235,21.705757831246235,21.365424861798132,21.549772262573242,896000,0.0,0.0,SandP500,GPN
2006-12-04 00:00:00-05:00,21.45996114481818,21.776660135774602,21.45996114481818,21.696304321289062,1258200,0.0,0.0,SandP500,GPN
2006-12-05 00:00:00-05:00,21.69630241787356,21.781386098191117,21.4977732294142,21.74357032775879,959200,0.0,0.0,SandP500,GPN
2006-12-06 00:00:00-05:00,21.790841964534597,21.82865774143456,21.56395271260127,21.649036407470703,525200,0.0,0.0,SandP500,GPN
2006-12-07 00:00:00-05:00,21.582857581115555,21.828654687106223,21.497773898151276,21.68212127685547,474600,0.0,0.0,SandP500,GPN
2006-12-08 00:00:00-05:00,21.507229260857358,22.192624839691575,21.47886743027854,22.027183532714844,1338600,0.0,0.0,SandP500,GPN
2006-12-11 00:00:00-05:00,22.013000151118593,22.121717780304408,21.880648568310654,22.03190803527832,994200,0.0,0.0,SandP500,GPN
2006-12-12 00:00:00-05:00,21.984635971623952,22.074447510191614,21.809742569754913,22.003543853759766,1157200,0.0,0.0,SandP500,GPN
2006-12-13 00:00:00-05:00,22.258800271489942,22.504597389624138,22.112266853999753,22.443147659301758,2068600,0.0,0.0,SandP500,GPN
2006-12-14 00:00:00-05:00,22.47623107583625,22.71730207577334,22.47623107583625,22.528226852416992,1038200,0.0,0.0,SandP500,GPN
2006-12-15 00:00:00-05:00,22.54714026281775,22.618042136591757,22.23516733000805,22.315523147583008,1195800,0.0,0.0,SandP500,GPN
2006-12-18 00:00:00-05:00,22.38642741920696,22.414787448207782,22.017732616952607,22.065000534057617,1009800,0.0,0.0,SandP500,GPN
2006-12-19 00:00:00-05:00,22.065001664478082,22.074455609014514,21.790842682388206,22.00827980041504,738400,0.0,0.0,SandP500,GPN
2006-12-20 00:00:00-05:00,21.890108363485716,22.386428734879374,21.890108363485716,22.33915901184082,571000,0.0,0.0,SandP500,GPN
2006-12-21 00:00:00-05:00,22.282429386726026,22.36751305540654,22.06972021502474,22.12644386291504,815600,0.0,0.0,SandP500,GPN
2006-12-22 00:00:00-05:00,22.2209848681134,22.272980655932557,21.927919831407216,21.956281661987305,541000,0.0,0.0,SandP500,GPN
2006-12-26 00:00:00-05:00,22.272981000485068,22.272981000485068,21.871198311739512,21.961008071899414,628200,0.0,0.0,SandP500,GPN
2006-12-27 00:00:00-05:00,21.97991561922637,22.064999307811288,21.795568228344166,21.956281661987305,755600,0.0,0.0,SandP500,GPN
2006-12-28 00:00:00-05:00,21.97046187873431,22.225712946847903,21.885378189363113,22.192625045776367,572800,0.0,0.0,SandP500,GPN
2006-12-29 00:00:00-05:00,22.192638274916277,22.211546173415496,21.861757263805764,21.885391235351562,774000,0.0,0.0,SandP500,GPN
2007-01-03 00:00:00-05:00,21.927911828760813,22.755112652326556,21.814468154152713,22.580219268798828,2102800,0.0,0.0,SandP500,GPN
2007-01-04 00:00:00-05:00,21.92792621234903,23.22308800190791,21.92792621234903,23.185272216796875,2610200,0.0,0.0,SandP500,GPN
2007-01-05 00:00:00-05:00,21.039272360101695,21.039272360101695,18.78928573020073,19.422685623168945,18244600,0.0,0.0,SandP500,GPN
2007-01-08 00:00:00-05:00,19.904826358313496,19.904826358313496,19.167434859761602,19.380144119262695,4582400,0.0,0.0,SandP500,GPN
2007-01-09 00:00:00-05:00,19.214700829568717,19.332872416950675,18.434767631585654,18.959449768066406,12356600,0.0,0.0,SandP500,GPN
2007-01-10 00:00:00-05:00,18.959449768066406,19.072893482186103,18.74201448004088,18.959449768066406,3230800,0.0,0.0,SandP500,GPN
2007-01-11 00:00:00-05:00,19.17688921103024,19.17688921103024,18.070802841359974,18.330780029296875,6035200,0.0,0.0,SandP500,GPN
2007-01-12 00:00:00-05:00,18.330773173847337,18.48203263764739,18.141699745674792,18.269325256347656,5470400,0.0,0.0,SandP500,GPN
2007-01-16 00:00:00-05:00,18.307141024695305,18.552938128379854,18.1653354888037,18.222057342529297,3282000,0.0,0.0,SandP500,GPN
2007-01-17 00:00:00-05:00,18.222060034879327,18.40168136856426,18.151158158035223,18.2078800201416,2819400,0.0,0.0,SandP500,GPN
2007-01-18 00:00:00-05:00,18.51039160548906,18.51039160548906,18.15115088521557,18.18896484375,1810400,0.0,0.0,SandP500,GPN
2007-01-19 00:00:00-05:00,18.387496700432177,18.434764606365974,17.966804403739243,18.151153564453125,1547400,0.0,0.0,SandP500,GPN
2007-01-22 00:00:00-05:00,18.151150270822985,18.24568606553652,17.90535323762745,17.995162963867188,1784800,0.0,0.0,SandP500,GPN
2007-01-23 00:00:00-05:00,18.056623875831505,18.264605277655836,17.867548562786975,18.155887603759766,2022800,0.0,0.0,SandP500,GPN
2007-01-24 00:00:00-05:00,18.151153654548544,18.198421560716962,17.777731065090908,17.895902633666992,2263400,0.0,0.0,SandP500,GPN
2007-01-25 00:00:00-05:00,17.962088788158567,17.990450630118165,17.692657600588674,17.881732940673828,2442200,0.0,0.0,SandP500,GPN
2007-01-26 00:00:00-05:00,17.933715685957612,17.98098539287718,17.669012539827797,17.79191017150879,2052600,0.0,0.0,SandP500,GPN
2007-01-29 00:00:00-05:00,17.815541887671376,17.938441307084343,17.721006092005677,17.834449768066406,1895000,0.0,0.0,SandP500,GPN
2007-01-30 00:00:00-05:00,17.84389493888845,17.858074940638605,17.716269513675556,17.820261001586914,2127200,0.0,0.0,SandP500,GPN
2007-01-31 00:00:00-05:00,17.820272790238675,18.0235280311683,17.68791940811739,17.8486328125,3522000,0.0,0.0,SandP500,GPN
2007-02-01 00:00:00-05:00,17.858098100662556,18.472592086357803,17.85337202833458,18.458410263061523,3788200,0.0,0.0,SandP500,GPN
2007-02-02 00:00:00-05:00,18.42058484347278,18.519848529164562,18.32131935462595,18.387496948242188,2298800,0.0,0.0,SandP500,GPN
2007-02-05 00:00:00-05:00,18.363855169562832,18.46784669370177,18.113332101214805,18.45366668701172,2186600,0.0,0.0,SandP500,GPN
2007-02-06 00:00:00-05:00,18.46785953821856,18.46785953821856,18.245696328734674,18.307146072387695,1632200,0.0,0.0,SandP500,GPN
2007-02-07 00:00:00-05:00,18.392223810476022,18.642746971779903,18.269326166201044,18.467853546142578,2091000,0.0,0.0,SandP500,GPN
2007-02-08 00:00:00-05:00,18.671116240934758,18.92163950209439,18.529310655432244,18.58130645751953,3261000,0.0,0.0,SandP500,GPN
2007-02-09 00:00:00-05:00,18.609654593151983,18.742007951058667,18.444215149712,18.600200653076172,1469400,0.0,0.0,SandP500,GPN
2007-02-12 00:00:00-05:00,18.65223360630345,18.75627808665614,18.57183691081106,18.713714599609375,1321600,0.01,0.0,SandP500,GPN
2007-02-13 00:00:00-05:00,18.71844051129515,18.85558788949655,18.340097690668145,18.49143409729004,2042600,0.0,0.0,SandP500,GPN
2007-02-14 00:00:00-05:00,18.519809873323318,18.680605026728937,18.207678317191494,18.34955596923828,2906200,0.0,0.0,SandP500,GPN
2007-02-15 00:00:00-05:00,18.392126656981464,18.70898861473359,18.35902191865895,18.69007110595703,2340400,0.0,0.0,SandP500,GPN
2007-02-16 00:00:00-05:00,18.67115032470944,18.822486760251497,18.54819014735875,18.74681854248047,1691800,0.0,0.0,SandP500,GPN
2007-02-20 00:00:00-05:00,18.779921350946307,19.077865717176284,18.623856457064605,18.912342071533203,2509800,0.0,0.0,SandP500,GPN
2007-02-21 00:00:00-05:00,18.846126348743898,19.01165175928322,18.803562877927728,18.8555850982666,1666000,0.0,0.0,SandP500,GPN
2007-02-22 00:00:00-05:00,18.917074622008453,19.006930076996778,18.529274736583105,18.737361907958984,1292200,0.0,0.0,SandP500,GPN
2007-02-23 00:00:00-05:00,18.67114285250599,18.77045701032126,18.444138290040275,18.49616050720215,2058200,0.0,0.0,SandP500,GPN
2007-02-26 00:00:00-05:00,18.60966131959132,18.72316449940308,18.354282322140588,18.439409255981445,1434200,0.0,0.0,SandP500,GPN
2007-02-27 00:00:00-05:00,18.18402264497865,18.297523984456856,17.687450225601157,17.777305603027344,2168600,0.0,0.0,SandP500,GPN
2007-02-28 00:00:00-05:00,17.81042156739334,18.24078484339816,17.805693093622917,18.193492889404297,1913600,0.0,0.0,SandP500,GPN
2007-03-01 00:00:00-05:00,18.132005485134673,18.259695880587874,17.848250253508734,18.141464233398438,1431400,0.0,0.0,SandP500,GPN
2007-03-02 00:00:00-05:00,18.141462208652175,18.141462208652175,17.90026866502485,17.980667114257812,1137600,0.0,0.0,SandP500,GPN
2007-03-05 00:00:00-05:00,17.76785510686489,17.947567749227662,17.616518714582167,17.748937606811523,1254400,0.0,0.0,SandP500,GPN
2007-03-06 00:00:00-05:00,17.852986114002924,18.18876369800412,17.852986114002924,18.06580352783203,1375200,0.0,0.0,SandP500,GPN
2007-03-07 00:00:00-05:00,17.980676107341253,18.04688556684114,17.862444414213606,17.923925399780273,764600,0.0,0.0,SandP500,GPN
2007-03-08 00:00:00-05:00,17.971211581400816,18.15092420235495,17.734748271119226,17.758394241333008,1714800,0.0,0.0,SandP500,GPN
2007-03-09 00:00:00-05:00,17.93337652630709,17.947565551645795,17.711102242148677,17.843521118164062,1646000,0.0,0.0,SandP500,GPN
2007-03-12 00:00:00-04:00,17.862446042229706,17.923927033399863,17.78204754545756,17.85298728942871,806400,0.0,0.0,SandP500,GPN
2007-03-13 00:00:00-04:00,17.84353275180496,17.84826303135921,17.441545585200693,17.517213821411133,1032800,0.0,0.0,SandP500,GPN
2007-03-14 00:00:00-04:00,17.517199377263104,17.668535724896653,17.176691693051836,17.398967742919922,1737400,0.0,0.0,SandP500,GPN
2007-03-15 00:00:00-04:00,17.403708513427574,17.60706721253395,17.403708513427574,17.521940231323242,818000,0.0,0.0,SandP500,GPN
2007-03-16 00:00:00-04:00,17.52192961378163,17.52192961378163,17.261820352840843,17.403697967529297,905800,0.0,0.0,SandP500,GPN
2007-03-19 00:00:00-04:00,17.469916919499155,17.545585142166633,17.337497980849257,17.408437728881836,1189600,0.0,0.0,SandP500,GPN
2007-03-20 00:00:00-04:00,17.40843271477938,18.03269582299948,17.351680211070487,18.027965545654297,1600400,0.0,0.0,SandP500,GPN
2007-03-21 00:00:00-04:00,18.023232938436813,18.316446924056795,17.914460037385396,18.288070678710938,2116000,0.0,0.0,SandP500,GPN
2007-03-22 00:00:00-04:00,18.288076723793974,18.467789395577753,18.070530849781836,18.113094329833984,1048400,0.0,0.0,SandP500,GPN
2007-03-23 00:00:00-04:00,18.17457564908598,18.27862011426444,18.06580271006869,18.179304122924805,1217400,0.0,0.0,SandP500,GPN
2007-03-26 00:00:00-04:00,18.17929942378713,18.68060231252588,18.0657980402698,18.62858009338379,1987600,0.0,0.0,SandP500,GPN
2007-03-27 00:00:00-04:00,18.581288421897813,18.58601689458334,18.30226162758011,18.533994674682617,1745600,0.0,0.0,SandP500,GPN
2007-03-28 00:00:00-04:00,18.439414114473006,18.614396500552356,18.36847438289019,18.557645797729492,1849000,0.0,0.0,SandP500,GPN
2007-03-29 00:00:00-04:00,18.595475852394202,18.718437792459554,18.32117933176044,18.5245361328125,2628600,0.0,0.0,SandP500,GPN
2007-03-30 00:00:00-04:00,18.88396481021779,18.88396481021779,14.18780215318708,16.107885360717773,22963200,0.0,0.0,SandP500,GPN
2007-04-02 00:00:00-04:00,16.817276251872986,17.19088702155133,16.61864607435682,16.968612670898438,11698800,0.0,0.0,SandP500,GPN
2007-04-03 00:00:00-04:00,17.0253664222135,17.176702868307355,16.859842748071078,17.16251564025879,6157000,0.0,0.0,SandP500,GPN
2007-04-04 00:00:00-04:00,17.124677367378343,17.659085105724966,17.124677367378343,17.625980377197266,2812400,0.0,0.0,SandP500,GPN
2007-04-05 00:00:00-04:00,17.6023283250535,17.730018721335036,17.436802935471455,17.640161514282227,1897200,0.0,0.0,SandP500,GPN
2007-04-09 00:00:00-04:00,17.706377059600992,17.805693049256487,17.4415392313794,17.625980377197266,2008000,0.0,0.0,SandP500,GPN
2007-04-10 00:00:00-04:00,17.555034478857817,17.76785180472602,17.498283793316883,17.730018615722656,1626000,0.0,0.0,SandP500,GPN
2007-04-11 00:00:00-04:00,17.706377992576925,17.75367175301733,17.17197203014404,17.26182746887207,3872800,0.0,0.0,SandP500,GPN
2007-04-12 00:00:00-04:00,17.266550451304923,17.569225009641297,17.08683963100535,17.4982852935791,3308000,0.0,0.0,SandP500,GPN
2007-04-13 00:00:00-04:00,17.4982895668186,17.95229880908842,17.403703856994298,17.805692672729492,4211200,0.0,0.0,SandP500,GPN
2007-04-16 00:00:00-04:00,18.363738859209516,18.529262430592436,18.11781683596087,18.368467330932617,4373400,0.0,0.0,SandP500,GPN
2007-04-17 00:00:00-04:00,18.103630866794827,18.377929178872044,17.90027227103328,18.316448211669922,4486200,0.0,0.0,SandP500,GPN
2007-04-18 00:00:00-04:00,18.23132008726444,18.481972412281824,18.08944246793811,18.44886589050293,1970600,0.0,0.0,SandP500,GPN
2007-04-19 00:00:00-04:00,18.330641072407822,18.472520548685928,18.207680904248942,18.401580810546875,1824000,0.0,0.0,SandP500,GPN
2007-04-20 00:00:00-04:00,18.638041550707676,18.638041550707676,18.311722770592844,18.34955596923828,2196400,0.0,0.0,SandP500,GPN
2007-04-23 00:00:00-04:00,18.311726128363485,18.34483085977565,18.16038969788714,18.20768165588379,1621400,0.0,0.0,SandP500,GPN
2007-04-24 00:00:00-04:00,18.25023854686134,18.25023854686134,17.923919824792065,17.999588012695312,2130800,0.0,0.0,SandP500,GPN
2007-04-25 00:00:00-04:00,18.103633235517204,18.25496963299139,17.947568364903518,18.212406158447266,1255200,0.0,0.0,SandP500,GPN
2007-04-26 00:00:00-04:00,18.174576924471623,18.297537097706446,18.10836746164729,18.20768165588379,1240200,0.0,0.0,SandP500,GPN
2007-04-27 00:00:00-04:00,18.127285085175796,18.325913474949445,18.094178549474286,18.283349990844727,825200,0.0,0.0,SandP500,GPN
2007-04-30 00:00:00-04:00,18.278609813986726,18.325901742014974,17.92391494156063,17.961748123168945,2352600,0.0,0.0,SandP500,GPN
2007-05-01 00:00:00-04:00,17.91446077377491,18.01850340284288,17.644892746159748,17.928647994995117,2567400,0.0,0.0,SandP500,GPN
2007-05-02 00:00:00-04:00,17.87662610618285,18.321178289333247,17.85298013569168,18.24551010131836,950400,0.0,0.0,SandP500,GPN
2007-05-03 00:00:00-04:00,18.21240817604496,18.325911388760737,18.046884536743164,18.046884536743164,796600,0.0,0.0,SandP500,GPN
2007-05-04 00:00:00-04:00,18.146189453334465,18.15091972865447,17.890810512268835,18.117815017700195,1408000,0.0,0.0,SandP500,GPN
2007-05-07 00:00:00-04:00,18.117820014547945,18.184029454716885,17.98067085758546,18.146194458007812,516600,0.0,0.0,SandP500,GPN
2007-05-08 00:00:00-04:00,18.108361564480642,18.302261415637595,18.004317125884043,18.217134475708008,758000,0.0,0.0,SandP500,GPN
2007-05-09 00:00:00-04:00,18.146197546413074,18.481976885102533,18.037424618469707,18.340097427368164,1057000,0.0,0.0,SandP500,GPN
2007-05-10 00:00:00-04:00,18.3400832799598,18.420481697595328,18.136724805086867,18.29279136657715,958400,0.0,0.0,SandP500,GPN
2007-05-11 00:00:00-04:00,18.34955271581948,18.429951180303565,18.165111620453274,18.40630340576172,854000,0.0,0.0,SandP500,GPN
2007-05-14 00:00:00-04:00,18.42995050732448,18.491429667487,18.28334260924926,18.439409255981445,1173000,0.0,0.0,SandP500,GPN
2007-05-15 00:00:00-04:00,18.420490094151113,18.453611817115284,18.018296712444165,18.25014877319336,1869000,0.01,0.0,SandP500,GPN
2007-05-16 00:00:00-04:00,18.30692514025154,18.368437673376715,17.947317156977526,18.00409698486328,2080400,0.0,0.0,SandP500,GPN
2007-05-17 00:00:00-04:00,18.23122020292699,19.016681498380155,18.164976761924663,18.761171340942383,4380800,0.0,0.0,SandP500,GPN
2007-05-18 00:00:00-04:00,18.784832407444398,19.357367157524266,18.77536879938539,19.33843994140625,3051400,0.0,0.0,SandP500,GPN
2007-05-21 00:00:00-04:00,19.310035253624257,19.603399645416207,19.224864655201237,19.442522048950195,3188200,0.0,0.0,SandP500,GPN
2007-05-22 00:00:00-04:00,19.546628069261438,19.584480681704783,19.281652562166144,19.366823196411133,789800,0.0,0.0,SandP500,GPN
2007-05-23 00:00:00-04:00,19.366830448068868,19.489853740821673,18.903124490771916,18.926782608032227,1937200,0.0,0.0,SandP500,GPN
2007-05-24 00:00:00-04:00,18.997752606702647,19.13497036433286,18.524583194879398,18.5718994140625,2289200,0.0,0.0,SandP500,GPN
2007-05-25 00:00:00-04:00,18.690195110890517,18.82741469806882,18.377903315414816,18.74697494506836,952800,0.0,0.0,SandP500,GPN
2007-05-29 00:00:00-04:00,18.746977569315984,18.832148235004333,18.628685178637564,18.784832000732422,751000,0.0,0.0,SandP500,GPN
2007-05-30 00:00:00-04:00,18.685453088203015,18.959890294211213,18.287990875538107,18.91730499267578,1011400,0.0,0.0,SandP500,GPN
2007-05-31 00:00:00-04:00,18.91730507426336,19.059255478327902,18.69964766769791,18.945695877075195,1811000,0.0,0.0,SandP500,GPN
2007-06-01 00:00:00-04:00,18.93150933117646,19.172826766967773,18.822680571799335,19.172826766967773,1308800,0.0,0.0,SandP500,GPN
2007-06-04 00:00:00-04:00,19.07818723152757,19.49457674711583,19.04033462374559,19.4851131439209,1481200,0.0,0.0,SandP500,GPN
2007-06-05 00:00:00-04:00,19.399947293977434,19.437801716072133,19.03087570354509,19.191753387451172,709600,0.0,0.0,SandP500,GPN
2007-06-06 00:00:00-04:00,19.19175821434419,19.19175821434419,18.761173982211403,18.926782608032227,888800,0.0,0.0,SandP500,GPN
2007-06-07 00:00:00-04:00,18.90312451159256,19.149172902367823,18.82741745327699,18.912588119506836,2673800,0.0,0.0,SandP500,GPN
2007-06-08 00:00:00-04:00,18.9125877675652,19.26746493525282,18.784831770597822,19.25800132751465,1226200,0.0,0.0,SandP500,GPN
2007-06-11 00:00:00-04:00,19.149168065093733,19.281654932428793,19.073461025902528,19.191753387451172,771000,0.0,0.0,SandP500,GPN
2007-06-12 00:00:00-04:00,19.040335875840327,19.22960253719192,18.893652724169606,19.00248146057129,1098800,0.0,0.0,SandP500,GPN
2007-06-13 00:00:00-04:00,19.016681761667606,19.163364958059592,18.926780205490953,19.101852416992188,1032400,0.0,0.0,SandP500,GPN
2007-06-14 00:00:00-04:00,19.101846386979677,19.414138089587052,19.082920984547297,19.3478946685791,575200,0.0,0.0,SandP500,GPN
2007-06-15 00:00:00-04:00,19.40940612335919,19.674381597824038,19.39521162106567,19.4851131439209,1102000,0.0,0.0,SandP500,GPN
2007-06-18 00:00:00-04:00,19.48511030547259,19.655451528171803,19.253256573465883,19.30530548095703,1078400,0.0,0.0,SandP500,GPN
2007-06-19 00:00:00-04:00,19.139702758259656,19.475652601995968,19.125506448736946,19.37628746032715,766800,0.0,0.0,SandP500,GPN
2007-06-20 00:00:00-04:00,19.338435486465706,19.44253334613538,19.045070924212748,19.314777374267578,876000,0.0,0.0,SandP500,GPN
2007-06-21 00:00:00-04:00,19.267463122347586,19.612876649796547,19.11131631685779,19.41414451599121,1487200,0.0,0.0,SandP500,GPN
2007-06-22 00:00:00-04:00,19.319505945010953,19.456723688392522,19.030872344970703,19.030872344970703,1461800,0.0,0.0,SandP500,GPN
2007-06-25 00:00:00-04:00,19.097126985422655,19.15390683690092,18.448885083132236,18.690200805664062,2489200,0.0,0.0,SandP500,GPN
2007-06-26 00:00:00-04:00,18.784828088134127,18.808486200342454,18.500925326639436,18.699657440185547,1021800,0.0,0.0,SandP500,GPN
2007-06-27 00:00:00-04:00,18.524591560995596,18.70912742614746,18.33532298878919,18.70912742614746,1639600,0.0,0.0,SandP500,GPN
2007-06-28 00:00:00-04:00,18.690203915471354,18.76591099837203,18.51986252769503,18.595569610595703,1538000,0.0,0.0,SandP500,GPN
2007-06-29 00:00:00-04:00,18.595560933438176,18.997756090235484,18.595560933438176,18.761171340942383,1281600,0.0,0.0,SandP500,GPN
2007-07-02 00:00:00-04:00,18.761169975925803,18.846340623874383,18.481999919871733,18.699657440185547,1088200,0.0,0.0,SandP500,GPN
2007-07-03 00:00:00-04:00,18.69492783014279,18.69492783014279,18.567173642065384,18.661806106567383,420200,0.0,0.0,SandP500,GPN
2007-07-05 00:00:00-04:00,18.694930553663767,18.91732084863863,18.60976168420408,18.898393630981445,707600,0.0,0.0,SandP500,GPN
2007-07-06 00:00:00-04:00,18.92678262887893,18.95517345262176,18.794295728076342,18.912588119506836,570000,0.0,0.0,SandP500,GPN
2007-07-09 00:00:00-04:00,18.926786539541695,19.054542565283484,18.83215224584418,19.040348052978516,675400,0.0,0.0,SandP500,GPN
2007-07-10 00:00:00-04:00,18.817953130048345,18.959903633369336,18.737513368334017,18.80375862121582,969200,0.0,0.0,SandP500,GPN
2007-07-11 00:00:00-04:00,18.751710275742354,18.803759216440643,18.590832552219762,18.784832000732422,768000,0.0,0.0,SandP500,GPN
2007-07-12 00:00:00-04:00,18.85107801076314,19.087662824249122,18.751712822298757,18.865272521972656,789400,0.0,0.0,SandP500,GPN
2007-07-13 00:00:00-04:00,18.7800976741156,19.12551120849734,18.765903166058337,19.097122192382812,585000,0.0,0.0,SandP500,GPN
2007-07-16 00:00:00-04:00,18.97408323615505,19.22013142428189,18.63813355438456,18.770620346069336,1267200,0.0,0.0,SandP500,GPN
2007-07-17 00:00:00-04:00,18.87473543978485,19.134978364087708,18.690199580824622,18.813222885131836,942600,0.0,0.0,SandP500,GPN
2007-07-18 00:00:00-04:00,18.69019800571852,18.71858882970394,18.217028435953495,18.425222396850586,1988400,0.0,0.0,SandP500,GPN
2007-07-19 00:00:00-04:00,18.245406626537758,18.5245765515975,18.245406626537758,18.392087936401367,1187400,0.0,0.0,SandP500,GPN
2007-07-20 00:00:00-04:00,18.344775916670184,18.510384467176202,18.11765484526286,18.174434661865234,1054600,0.0,0.0,SandP500,GPN
2007-07-23 00:00:00-04:00,18.57189970199158,18.633412231881717,18.136584702764363,18.283266067504883,958400,0.0,0.0,SandP500,GPN
2007-07-24 00:00:00-04:00,18.098733857387703,18.439416484067443,18.013563200717766,18.056148529052734,1140600,0.0,0.0,SandP500,GPN
2007-07-25 00:00:00-04:00,18.27380389205383,18.595559266652245,18.12712251583865,18.45833969116211,1459200,0.0,0.0,SandP500,GPN
2007-07-26 00:00:00-04:00,18.311661973862357,18.54351404291593,16.991518494153993,17.51673698425293,6156200,0.0,0.0,SandP500,GPN
2007-07-27 00:00:00-04:00,17.398436732584816,17.62555779767322,16.735998938995305,17.289608001708984,2650600,0.0,0.0,SandP500,GPN
2007-07-30 00:00:00-04:00,17.22336769104004,17.355854551664038,16.773856378925345,17.22336769104004,2567200,0.0,0.0,SandP500,GPN
2007-07-31 00:00:00-04:00,17.44102697780787,17.876342024427885,17.28961289159236,17.6965389251709,3745400,0.0,0.0,SandP500,GPN
2007-08-01 00:00:00-04:00,17.672873925194825,17.791166258844047,17.261217109494904,17.734386444091797,2118600,0.0,0.0,SandP500,GPN
2007-08-02 00:00:00-04:00,17.8574092926618,18.127115635917633,17.639750053632795,17.980432510375977,2304400,0.0,0.0,SandP500,GPN
2007-08-03 00:00:00-04:00,17.87633993605632,18.112924643754248,17.431561335383513,17.56878089904785,2310000,0.0,0.0,SandP500,GPN
2007-08-06 00:00:00-04:00,17.762781134615174,18.349510226899724,17.431562167036137,18.321121215820312,2848200,0.0,0.0,SandP500,GPN
2007-08-07 00:00:00-04:00,18.302185650724024,18.46306325839833,17.795894727601397,18.26906394958496,2391000,0.0,0.0,SandP500,GPN
2007-08-08 00:00:00-04:00,18.349519625496168,18.699665983138026,17.857424529754994,18.051424026489258,2285800,0.0,0.0,SandP500,GPN
2007-08-09 00:00:00-04:00,17.60663091185238,18.235947007730474,17.2422902992384,17.587703704833984,3158600,0.0,0.0,SandP500,GPN
2007-08-10 00:00:00-04:00,17.299074726396338,17.573512052688635,17.11926984055084,17.22336769104004,2562200,0.0,0.0,SandP500,GPN
2007-08-13 00:00:00-04:00,17.388974310953287,17.734387733727576,16.797512599696372,17.251754760742188,1518600,0.0,0.0,SandP500,GPN
2007-08-14 00:00:00-04:00,17.23756230112404,17.3889763727591,16.887416132344143,17.30853843688965,2843000,0.0,0.0,SandP500,GPN
2007-08-15 00:00:00-04:00,17.280141327071906,17.668352576790216,16.962945079174524,17.048160552978516,1486000,0.01,0.0,SandP500,GPN
2007-08-16 00:00:00-04:00,16.9345252372909,17.15703704695533,16.63626499544061,16.92505645751953,2302600,0.0,0.0,SandP500,GPN
2007-08-17 00:00:00-04:00,17.161779801050823,17.35588537621637,16.877723478462336,17.04342269897461,1660800,0.0,0.0,SandP500,GPN
2007-08-20 00:00:00-04:00,17.251732696764286,17.251732696764286,16.849319221988615,17.015018463134766,767600,0.0,0.0,SandP500,GPN
2007-08-21 00:00:00-04:00,16.925055577560933,17.213847024625164,16.925055577560933,17.038679122924805,1543400,0.0,0.0,SandP500,GPN
2007-08-22 00:00:00-04:00,17.100230133518906,17.928729679991527,16.96767078399871,17.819841384887695,3411000,0.0,0.0,SandP500,GPN
2007-08-23 00:00:00-04:00,17.838765913081083,18.056542344123528,17.62098948203864,17.867172241210938,2017400,0.0,0.0,SandP500,GPN
2007-08-24 00:00:00-04:00,17.7109458508707,18.018674850463867,17.64939968975508,18.018674850463867,964800,0.0,0.0,SandP500,GPN
2007-08-27 00:00:00-04:00,17.971347208697978,18.13231298689966,17.89559871342581,18.042362213134766,819800,0.0,0.0,SandP500,GPN
2007-08-28 00:00:00-04:00,17.8766513759808,18.047085848768504,17.7156856856797,17.781967163085938,1263200,0.0,0.0,SandP500,GPN
2007-08-29 00:00:00-04:00,17.85772128169877,18.10863777623826,17.805643864495593,18.070762634277344,844400,0.0,0.0,SandP500,GPN
2007-08-30 00:00:00-04:00,17.886117203654187,18.68621203473233,17.886117203654187,18.59152603149414,1617200,0.0,0.0,SandP500,GPN
2007-08-31 00:00:00-04:00,18.72881788238301,18.77615997402395,18.49683729897831,18.690942764282227,777000,0.0,0.0,SandP500,GPN
2007-09-04 00:00:00-04:00,18.601004576339744,18.913467286852036,18.492116247553696,18.85192108154297,1085200,0.0,0.0,SandP500,GPN
2007-09-05 00:00:00-04:00,18.7619686126709,18.89452799110051,18.6152051537052,18.7619686126709,516000,0.0,0.0,SandP500,GPN
2007-09-06 00:00:00-04:00,18.880319646037467,18.9371305319574,18.558388282515352,18.86611557006836,466600,0.0,0.0,SandP500,GPN
2007-09-07 00:00:00-04:00,18.71462804684488,18.937140019995475,18.477913796594937,18.667285919189453,1517800,0.0,0.0,SandP500,GPN
2007-09-10 00:00:00-04:00,18.747757470193637,18.747757470193637,18.203316081020333,18.38795280456543,689800,0.0,0.0,SandP500,GPN
2007-09-11 00:00:00-04:00,18.430566356613895,18.700420379638672,18.42109757261476,18.700420379638672,688600,0.0,0.0,SandP500,GPN
2007-09-12 00:00:00-04:00,18.56785376575711,19.1170303813784,18.473167768722025,18.97500228881836,934600,0.0,0.0,SandP500,GPN
2007-09-13 00:00:00-04:00,19.055484404817275,19.126499354806946,18.85664543442251,18.870847702026367,552600,0.0,0.0,SandP500,GPN
2007-09-14 00:00:00-04:00,18.705145623828574,19.391616810304505,18.68620987016265,19.315868377685547,720800,0.0,0.0,SandP500,GPN
2007-09-17 00:00:00-04:00,19.287469416003702,19.396357706475296,19.13123721272776,19.25432777404785,681000,0.0,0.0,SandP500,GPN
2007-09-18 00:00:00-04:00,19.363217222775095,19.704084353635828,19.235391371457737,19.642539978027344,1591600,0.0,0.0,SandP500,GPN
2007-09-19 00:00:00-04:00,19.84137310024813,19.950261354770017,19.71354728685678,19.883981704711914,920400,0.0,0.0,SandP500,GPN
2007-09-20 00:00:00-04:00,19.883983406886884,19.898185674262262,19.50997471413043,19.836641311645508,925200,0.0,0.0,SandP500,GPN
2007-09-21 00:00:00-04:00,20.007072076342517,20.026009635070896,19.73248469872102,19.898183822631836,2584800,0.0,0.0,SandP500,GPN
2007-09-24 00:00:00-04:00,19.90290995863314,20.026000421767733,19.443684303662042,20.02126693725586,1256600,0.0,0.0,SandP500,GPN
2007-09-25 00:00:00-04:00,19.88872411386505,20.352685484382963,19.77983581049397,20.319543838500977,1592000,0.0,0.0,SandP500,GPN
2007-09-26 00:00:00-04:00,20.33374305617922,20.33374305617922,19.538383476832635,19.84137725830078,2105200,0.0,0.0,SandP500,GPN
2007-09-27 00:00:00-04:00,19.997613222639714,20.14437484741211,19.533651875336144,20.14437484741211,1785200,0.0,0.0,SandP500,GPN
2007-09-28 00:00:00-04:00,20.59412676820099,21.49364107357399,20.542049377070885,20.934995651245117,4222200,0.0,0.0,SandP500,GPN
2007-10-01 00:00:00-04:00,20.935004479992,21.138578836996725,20.319546113613413,21.08176612854004,2722800,0.0,0.0,SandP500,GPN
2007-10-02 00:00:00-04:00,21.02494867152112,21.200116619688725,20.849780723353515,21.029682159423828,1595000,0.0,0.0,SandP500,GPN
2007-10-03 00:00:00-04:00,20.769301950203236,21.100702168230036,20.769301950203236,20.826114654541016,1937600,0.0,0.0,SandP500,GPN
2007-10-04 00:00:00-04:00,20.897123700438687,21.095964514393636,20.74562679741851,20.778766632080078,1474000,0.0,0.0,SandP500,GPN
2007-10-05 00:00:00-04:00,20.949200646393802,21.36581802368164,20.8213747986128,21.36581802368164,1211600,0.0,0.0,SandP500,GPN
2007-10-08 00:00:00-04:00,20.64146495929631,21.00600482222784,20.52784322377618,20.949193954467773,1383400,0.0,0.0,SandP500,GPN
2007-10-09 00:00:00-04:00,20.920804913211036,21.28534507751465,20.717230512288413,21.28534507751465,1053000,0.0,0.0,SandP500,GPN
2007-10-10 00:00:00-04:00,21.23798877808066,21.427358969470568,21.067554341640097,21.309001922607422,856000,0.0,0.0,SandP500,GPN
2007-10-11 00:00:00-04:00,21.38002652698655,21.607271942855217,20.94447326473478,21.08176612854004,1340800,0.0,0.0,SandP500,GPN
2007-10-12 00:00:00-04:00,21.067552785534488,21.33740668797152,21.062819298643085,21.190643310546875,500000,0.0,0.0,SandP500,GPN
2007-10-15 00:00:00-04:00,21.18118712432356,21.18118712432356,20.935004142932943,21.048625946044922,640600,0.0,0.0,SandP500,GPN
2007-10-16 00:00:00-04:00,21.10543424212027,21.35161536606801,20.97760838584801,21.271133422851562,1023800,0.0,0.0,SandP500,GPN
2007-10-17 00:00:00-04:00,21.398954235268864,21.432094063603877,21.029679024416275,21.3374080657959,1257400,0.0,0.0,SandP500,GPN
2007-10-18 00:00:00-04:00,21.28533585129293,21.61673602119359,21.181182853770625,21.54572105407715,836600,0.0,0.0,SandP500,GPN
2007-10-19 00:00:00-04:00,21.545724112773804,21.77770480643264,21.053359985351562,21.053359985351562,886000,0.0,0.0,SandP500,GPN
2007-10-22 00:00:00-04:00,20.88292351621685,21.540988593069386,20.88292351621685,21.432100296020508,922600,0.0,0.0,SandP500,GPN
2007-10-23 00:00:00-04:00,21.474706657282397,21.503111197706055,21.143306506450653,21.398958206176758,1047600,0.0,0.0,SandP500,GPN
2007-10-24 00:00:00-04:00,21.280599725678435,21.8818538065322,21.062823168955617,21.872385025024414,2263200,0.0,0.0,SandP500,GPN
2007-10-25 00:00:00-04:00,21.77770272220779,21.877122235981297,21.398960427366536,21.58359718322754,867000,0.0,0.0,SandP500,GPN
2007-10-26 00:00:00-04:00,21.76349417930501,21.924459833978016,21.47470269833416,21.64040184020996,546600,0.0,0.0,SandP500,GPN
2007-10-29 00:00:00-04:00,21.768231972452565,21.9765397642994,21.66407717353637,21.962337493896484,873200,0.0,0.0,SandP500,GPN
2007-10-30 00:00:00-04:00,21.94339797209168,22.132769988505135,21.62146662778005,22.052288055419922,625600,0.0,0.0,SandP500,GPN
2007-10-31 00:00:00-04:00,22.109096364595935,22.516244888305664,21.791898544920958,22.516244888305664,884400,0.0,0.0,SandP500,GPN
2007-11-01 00:00:00-04:00,22.279538552986924,22.809777793404646,21.905529727216344,22.48784637451172,1990800,0.0,0.0,SandP500,GPN
2007-11-02 00:00:00-04:00,22.54465224078521,22.667744594305876,22.184847573694505,22.402624130249023,1185000,0.0,0.0,SandP500,GPN
2007-11-05 00:00:00-05:00,22.17064374558675,22.360013944324976,21.71141780802268,21.9055233001709,1358000,0.0,0.0,SandP500,GPN
2007-11-06 00:00:00-05:00,22.014415894095404,22.080695566969386,21.68301572373985,22.000213623046875,705200,0.0,0.0,SandP500,GPN
2007-11-07 00:00:00-05:00,21.910251360127383,21.990735074292807,21.398949963606697,21.71141242980957,1328000,0.0,0.0,SandP500,GPN
2007-11-08 00:00:00-05:00,21.810841003416897,21.85344962141952,20.863984430901347,21.465238571166992,1866000,0.0,0.0,SandP500,GPN
2007-11-09 00:00:00-05:00,21.309016141485237,21.578872049906494,21.006022188294292,21.28534507751465,1386600,0.0,0.0,SandP500,GPN
2007-11-12 00:00:00-05:00,21.209581696150387,21.664072306799966,20.93499429612736,20.939727783203125,1250200,0.0,0.0,SandP500,GPN
2007-11-13 00:00:00-05:00,21.010752533284506,21.280606572125517,20.755100768281654,21.27587127685547,1294600,0.0,0.0,SandP500,GPN
2007-11-14 00:00:00-05:00,21.323231678565108,21.323231678565108,20.830646599884037,20.991683959960938,1027000,0.01,0.0,SandP500,GPN
2007-11-15 00:00:00-05:00,20.982204002205023,20.982204002205023,20.57487423788933,20.840112686157227,1081000,0.0,0.0,SandP500,GPN
2007-11-16 00:00:00-05:00,20.882740261650476,21.039040167266318,20.67907537949263,20.840112686157227,834600,0.0,0.0,SandP500,GPN
2007-11-19 00:00:00-05:00,20.73118959026556,20.93959020379908,20.21965834778742,20.224395751953125,1550400,0.0,0.0,SandP500,GPN
2007-11-20 00:00:00-05:00,20.27175139828637,20.584353105485935,20.077559456038,20.385425567626953,1702800,0.0,0.0,SandP500,GPN
2007-11-21 00:00:00-05:00,20.385416150748192,20.59855399056096,20.167542717512386,20.43277931213379,679600,0.0,0.0,SandP500,GPN
2007-11-23 00:00:00-05:00,20.603301577880124,20.806966542618447,20.380690614842923,20.735919952392578,253200,0.0,0.0,SandP500,GPN
2007-11-26 00:00:00-05:00,20.712228751377722,20.83063847564134,20.356999578586862,20.461200714111328,1121400,0.0,0.0,SandP500,GPN
2007-11-27 00:00:00-05:00,20.513306565327262,20.79275365883599,20.35700482178313,20.45646858215332,4345000,0.0,0.0,SandP500,GPN
2007-11-28 00:00:00-05:00,20.65539416398444,21.010623363850836,20.56066601599557,20.707494735717773,4081600,0.0,0.0,SandP500,GPN
2007-11-29 00:00:00-05:00,20.622237619118575,20.982202379045802,20.46120032491164,20.821165084838867,2179400,0.0,0.0,SandP500,GPN
2007-11-30 00:00:00-05:00,21.076937640204683,21.233239393334863,20.13913254179235,20.470680236816406,4640800,0.0,0.0,SandP500,GPN
2007-12-03 00:00:00-05:00,20.300177769013256,20.52752438351818,20.21965816005656,20.31438636779785,948800,0.0,0.0,SandP500,GPN
2007-12-04 00:00:00-05:00,20.10123414054808,20.48488229760625,20.025451989290925,20.461200714111328,1179600,0.0,0.0,SandP500,GPN
2007-12-05 00:00:00-05:00,20.693281782580943,20.972728790890145,20.40436358675319,20.85905647277832,970800,0.0,0.0,SandP500,GPN
2007-12-06 00:00:00-05:00,20.792749708413503,21.119559919020247,20.759595127922488,21.024831771850586,618600,0.0,0.0,SandP500,GPN
2007-12-07 00:00:00-05:00,21.029575953762425,21.195348909669654,20.802227604532924,20.991683959960938,991600,0.0,0.0,SandP500,GPN
2007-12-10 00:00:00-05:00,20.96799465144842,21.2521772732275,20.906421087573637,21.195341110229492,621200,0.0,0.0,SandP500,GPN
2007-12-11 00:00:00-05:00,21.219031709552002,21.43216966983652,20.698029412669694,20.731184005737305,937800,0.0,0.0,SandP500,GPN
2007-12-12 00:00:00-05:00,21.138507915497385,21.23323607165514,20.328583896798424,20.546459197998047,743600,0.0,0.0,SandP500,GPN
2007-12-13 00:00:00-05:00,20.49436088557879,21.06272807851785,20.409105716298455,21.053255081176758,760000,0.0,0.0,SandP500,GPN
2007-12-14 00:00:00-05:00,21.005891604066225,21.124301369155187,20.612772123501475,20.911165237426758,1175400,0.0,0.0,SandP500,GPN
2007-12-17 00:00:00-05:00,20.76907288070809,21.14324818655438,20.636454516829286,20.806964874267578,1419800,0.0,0.0,SandP500,GPN
2007-12-18 00:00:00-05:00,20.887473272159802,20.887473272159802,20.30963508413797,20.650653839111328,1064600,0.0,0.0,SandP500,GPN
2007-12-19 00:00:00-05:00,20.593825441238106,20.835382365772716,20.428052498353235,20.560670852661133,914600,0.0,0.0,SandP500,GPN
2007-12-20 00:00:00-05:00,20.67433756757039,20.863792033048973,20.08702456897227,20.17701530456543,1274000,0.0,0.0,SandP500,GPN
2007-12-21 00:00:00-05:00,20.361750797980402,20.499104798182653,20.181767389051988,20.375959396362305,1202000,0.0,0.0,SandP500,GPN
2007-12-24 00:00:00-05:00,20.44699882487042,21.45585060119629,20.44699882487042,21.45585060119629,730000,0.0,0.0,SandP500,GPN
2007-12-26 00:00:00-05:00,21.441646881361077,21.441646881361077,20.90169848041917,21.28534507751465,1156200,0.0,0.0,SandP500,GPN
2007-12-27 00:00:00-05:00,21.237981880052793,21.3563916804976,21.06747147832584,21.28534507751465,773000,0.0,0.0,SandP500,GPN
2007-12-28 00:00:00-05:00,21.380065026785847,21.73529429100614,21.209554690873787,21.711612701416016,923600,0.0,0.0,SandP500,GPN
2007-12-31 00:00:00-05:00,21.631097082472337,22.114209186931653,21.512687306088875,22.03369140625,1246200,0.0,0.0,SandP500,GPN
2008-01-02 00:00:00-05:00,21.905804975689836,21.938959563001774,21.23797402059444,21.441638946533203,2038400,0.0,0.0,SandP500,GPN
2008-01-03 00:00:00-05:00,21.4321711732578,21.697409743194427,21.1195694118421,21.413225173950195,1801000,0.0,0.0,SandP500,GPN
2008-01-04 00:00:00-05:00,18.31562936883011,18.490877196415678,16.847348381386517,18.07880973815918,8366600,0.0,0.0,SandP500,GPN
2008-01-07 00:00:00-05:00,18.126167450320036,18.225631221525532,17.193097902980753,17.39676284790039,3804400,0.0,0.0,SandP500,GPN
2008-01-08 00:00:00-05:00,17.410974458215414,17.77094122606879,16.979962901531227,17.387292861938477,4048000,0.0,0.0,SandP500,GPN
2008-01-09 00:00:00-05:00,17.49149234917893,18.040913640497305,17.193099206155647,17.98407745361328,2178600,0.0,0.0,SandP500,GPN
2008-01-10 00:00:00-05:00,17.917761537923564,18.64242852057888,17.704623658675196,18.5192813873291,2440000,0.0,0.0,SandP500,GPN
2008-01-11 00:00:00-05:00,18.81294794700263,18.936093333180583,18.11196220949044,18.145116806030273,2213000,0.0,0.0,SandP500,GPN
2008-01-14 00:00:00-05:00,18.140377846168334,18.24457903023288,17.81830310159596,18.149850845336914,1624800,0.0,0.0,SandP500,GPN
2008-01-15 00:00:00-05:00,17.984076442475526,18.036177030352327,17.505699959960996,17.515172958374023,1856200,0.0,0.0,SandP500,GPN
2008-01-16 00:00:00-05:00,17.500960203938426,18.29193641210879,17.373077465946533,17.87513542175293,1616200,0.0,0.0,SandP500,GPN
2008-01-17 00:00:00-05:00,18.045646927050022,18.1309020998598,17.581480878857672,17.614635467529297,1232400,0.0,0.0,SandP500,GPN
2008-01-18 00:00:00-05:00,17.534127317973812,18.03144822771826,17.060488012161848,17.477291107177734,1877200,0.0,0.0,SandP500,GPN
2008-01-22 00:00:00-05:00,17.00364324610382,17.832511614235546,16.86628748289819,17.624109268188477,1978000,0.0,0.0,SandP500,GPN
2008-01-23 00:00:00-05:00,17.226249971450255,17.652525795337755,17.140994806672754,17.572006225585938,3174200,0.0,0.0,SandP500,GPN
2008-01-24 00:00:00-05:00,17.68094619894701,17.794618556542265,16.975223235617385,17.770936965942383,1592800,0.0,0.0,SandP500,GPN
2008-01-25 00:00:00-05:00,17.86093187740804,17.98407906796592,17.14100015402265,17.316247940063477,1134800,0.0,0.0,SandP500,GPN
2008-01-28 00:00:00-05:00,17.32571811122583,17.53411865234375,17.11258016758837,17.53411865234375,882600,0.0,0.0,SandP500,GPN
2008-01-29 00:00:00-05:00,17.65252664936141,17.65252664936141,17.197833619743104,17.44412612915039,1896000,0.0,0.0,SandP500,GPN
2008-01-30 00:00:00-05:00,17.458331931466976,17.74251457786221,17.1409928964294,17.29729461669922,1583600,0.0,0.0,SandP500,GPN
2008-01-31 00:00:00-05:00,17.07468928146813,17.86093011924068,16.83313413421316,17.662002563476562,1979400,0.0,0.0,SandP500,GPN
2008-02-01 00:00:00-05:00,17.590950811373567,18.23510009067593,17.425177896901307,18.216154098510742,1145000,0.0,0.0,SandP500,GPN
2008-02-04 00:00:00-05:00,18.145117254439413,18.462454631102837,17.89882466920703,18.334571838378906,1501600,0.0,0.0,SandP500,GPN
2008-02-05 00:00:00-05:00,18.107218736176197,18.201946897445094,17.846717647778778,18.026700973510742,1251800,0.0,0.0,SandP500,GPN
2008-02-06 00:00:00-05:00,18.102484806975923,18.306149740069205,17.80409170389677,17.841981887817383,874000,0.0,0.0,SandP500,GPN
2008-02-07 00:00:00-05:00,17.770934240906186,18.116690469656152,17.624105510838692,18.012489318847656,739400,0.0,0.0,SandP500,GPN
2008-02-08 00:00:00-05:00,18.007752460815556,18.27772650825245,17.699886431456015,18.20194435119629,761400,0.0,0.0,SandP500,GPN
2008-02-11 00:00:00-05:00,18.187736799413774,18.471919452896483,17.98880749654448,18.419818878173828,550000,0.0,0.0,SandP500,GPN
2008-02-12 00:00:00-05:00,18.476656577246683,18.869777814127595,18.31561924512995,18.666112899780273,1050000,0.0,0.0,SandP500,GPN
2008-02-13 00:00:00-05:00,18.69928047183369,19.002562995059787,18.66137106028364,18.936220169067383,711000,0.01,0.0,SandP500,GPN
2008-02-14 00:00:00-05:00,19.026265329422646,19.026265329422646,18.102199812654263,18.528690338134766,1258200,0.0,0.0,SandP500,GPN
2008-02-15 00:00:00-05:00,18.48129749160018,18.509730907746224,18.045329290266697,18.34861183166504,1009400,0.0,0.0,SandP500,GPN
2008-02-19 00:00:00-05:00,18.580815370100037,18.5855551775712,18.12589146904044,18.268054962158203,811800,0.0,0.0,SandP500,GPN
2008-02-20 00:00:00-05:00,18.159067307263822,18.609253318055977,18.04533720819028,18.59029769897461,576800,0.0,0.0,SandP500,GPN
2008-02-21 00:00:00-05:00,18.670849605770183,18.865140092901058,18.542901947263534,18.632938385009766,751600,0.0,0.0,SandP500,GPN
2008-02-22 00:00:00-05:00,18.651891897141475,18.71823471830245,18.329653787754197,18.642414093017578,1002400,0.0,0.0,SandP500,GPN
2008-02-25 00:00:00-05:00,18.765624993571482,19.41010131751791,18.61398371825545,19.391145706176758,976600,0.0,0.0,SandP500,GPN
2008-02-26 00:00:00-05:00,19.258462438631494,19.921894456473336,19.116298951295903,19.902938842773438,1997200,0.0,0.0,SandP500,GPN
2008-02-27 00:00:00-05:00,19.812898026170167,20.215694786203755,19.628083544855244,19.931367874145508,2163000,0.0,0.0,SandP500,GPN
2008-02-28 00:00:00-05:00,19.789206749315113,19.902938622549243,19.267940032283448,19.381671905517578,911200,0.0,0.0,SandP500,GPN
2008-02-29 00:00:00-05:00,19.111552035032826,19.16841704189474,18.670844164514524,18.798789978027344,1657400,0.0,0.0,SandP500,GPN
2008-03-03 00:00:00-05:00,18.765631643676404,19.225295439207276,18.656639551400396,18.98835563659668,737800,0.0,0.0,SandP500,GPN
2008-03-04 00:00:00-05:00,18.8319731396349,19.30111285758579,18.75141268028856,19.225292205810547,952000,0.0,0.0,SandP500,GPN
2008-03-05 00:00:00-05:00,19.23951270848535,19.37220023725442,19.06417774740991,19.187387466430664,614600,0.0,0.0,SandP500,GPN
2008-03-06 00:00:00-05:00,19.125774391782645,19.125774391782645,18.135366294837894,18.140104293823242,1718600,0.0,0.0,SandP500,GPN
2008-03-07 00:00:00-05:00,18.016898664597345,18.519211581403702,17.9884652440475,18.125890731811523,1001000,0.0,0.0,SandP500,GPN
2008-03-10 00:00:00-04:00,18.19697636321702,18.362833491020815,18.03111742770611,18.078506469726562,1150600,0.0,0.0,SandP500,GPN
2008-03-11 00:00:00-04:00,18.462345186770694,18.495516607694274,17.926862644600412,18.3723087310791,1251000,0.0,0.0,SandP500,GPN
2008-03-12 00:00:00-04:00,18.372304245126486,18.69928037483861,18.277528005183335,18.315439224243164,1240000,0.0,0.0,SandP500,GPN
2008-03-13 00:00:00-04:00,17.92212046690606,18.358090496352972,17.604622106426493,18.215925216674805,1529800,0.0,0.0,SandP500,GPN
2008-03-14 00:00:00-04:00,18.215924546568864,18.386521429741652,17.66148648396386,17.978984832763672,1010200,0.0,0.0,SandP500,GPN
2008-03-17 00:00:00-04:00,17.628319056212458,17.969511092029872,17.467199942071165,17.704139709472656,1082200,0.0,0.0,SandP500,GPN
2008-03-18 00:00:00-04:00,17.93633218179275,18.41495132446289,17.789430744259434,18.41495132446289,1266800,0.0,0.0,SandP500,GPN
2008-03-19 00:00:00-04:00,18.557117706294598,19.0736463378132,18.51920829333241,18.637678146362305,1570200,0.0,0.0,SandP500,GPN
2008-03-20 00:00:00-04:00,18.5002553471797,18.95517921447754,18.27279341353078,18.95517921447754,1276800,0.0,0.0,SandP500,GPN
2008-03-24 00:00:00-04:00,19.059436120687412,19.31532970438351,18.95044404087653,19.087867736816406,1432400,0.0,0.0,SandP500,GPN
2008-03-25 00:00:00-04:00,19.00731288690242,19.016790696745616,18.30597122787242,18.65190315246582,1926000,0.0,0.0,SandP500,GPN
2008-03-26 00:00:00-04:00,18.48131125556489,18.58556538470383,18.125901423727104,18.5050048828125,1270400,0.0,0.0,SandP500,GPN
2008-03-27 00:00:00-04:00,18.628208671033434,19.201602582248885,18.500260955622934,18.779850006103516,1786200,0.0,0.0,SandP500,GPN
2008-03-28 00:00:00-04:00,19.263202940262126,19.718126839216712,18.884097883426424,19.33902359008789,2240800,0.0,0.0,SandP500,GPN
2008-03-31 00:00:00-04:00,19.443272166573784,19.8839801750189,18.988348353890615,19.599653244018555,1913200,0.0,0.0,SandP500,GPN
2008-04-01 00:00:00-04:00,19.836599794027286,20.736969924384088,19.836599794027286,20.518985748291016,2226800,0.0,0.0,SandP500,GPN
2008-04-02 00:00:00-04:00,20.5568996015171,20.64693608370966,20.030892903896444,20.225183486938477,2117400,0.0,0.0,SandP500,GPN
2008-04-03 00:00:00-04:00,20.130408947570583,20.409998036052432,20.130408947570583,20.229923248291016,1296800,0.0,0.0,SandP500,GPN
2008-04-04 00:00:00-04:00,20.324688483028364,20.443158340642388,20.168309210985274,20.300994873046875,974600,0.0,0.0,SandP500,GPN
2008-04-07 00:00:00-04:00,20.45736954470813,20.45736954470813,20.06878864373338,20.15408706665039,660000,0.0,0.0,SandP500,GPN
2008-04-08 00:00:00-04:00,20.04985026823715,20.305743926131473,19.98824540258317,20.229923248291016,770000,0.0,0.0,SandP500,GPN
2008-04-09 00:00:00-04:00,20.196742474557244,20.220436086479904,19.637564556190263,19.77972984313965,835600,0.0,0.0,SandP500,GPN
2008-04-10 00:00:00-04:00,19.74182344643851,19.83185991684881,19.414847183436436,19.552270889282227,1770000,0.0,0.0,SandP500,GPN
2008-04-11 00:00:00-04:00,19.248981620656572,19.523832553189592,19.23950381528924,19.244243621826172,529400,0.0,0.0,SandP500,GPN
2008-04-14 00:00:00-04:00,19.24424620816864,19.395887499012805,19.073649304042256,19.121036529541016,590200,0.0,0.0,SandP500,GPN
2008-04-15 00:00:00-04:00,19.121038698782435,19.17316573736884,18.865145121269055,19.02152442932129,842800,0.0,0.0,SandP500,GPN
2008-04-16 00:00:00-04:00,19.125780347241324,19.58544412333566,19.05943749454877,19.552270889282227,687200,0.0,0.0,SandP500,GPN
2008-04-17 00:00:00-04:00,19.51435970457158,19.594918359096415,19.10682300879253,19.547531127929688,1024600,0.0,0.0,SandP500,GPN
2008-04-18 00:00:00-04:00,19.793948066996204,20.007194215766035,19.765514644591246,19.84133529663086,761800,0.0,0.0,SandP500,GPN
2008-04-21 00:00:00-04:00,19.66600056823951,19.902940334121915,19.5522686852249,19.831857681274414,560800,0.0,0.0,SandP500,GPN
2008-04-22 00:00:00-04:00,19.71813258088745,19.74182620191224,19.272684551708732,19.429065704345703,597600,0.0,0.0,SandP500,GPN
2008-04-23 00:00:00-04:00,19.476447754038738,19.73234313138343,19.36271768035683,19.58070182800293,717200,0.0,0.0,SandP500,GPN
2008-04-24 00:00:00-04:00,19.675481792781014,20.72749511446508,19.523840460897738,20.55215835571289,1229800,0.0,0.0,SandP500,GPN
2008-04-25 00:00:00-04:00,20.580595743441116,20.80805778503418,20.229923966167885,20.80805778503418,1200600,0.0,0.0,SandP500,GPN
2008-04-28 00:00:00-04:00,20.774874449195295,21.0023363604846,20.566368149106747,20.741703033447266,959000,0.0,0.0,SandP500,GPN
2008-04-29 00:00:00-04:00,20.76540554933907,21.310367854988172,20.71801830872061,21.12081527709961,1510000,0.0,0.0,SandP500,GPN
2008-04-30 00:00:00-04:00,21.125548664194383,21.23454073065211,20.855435690112596,20.973905563354492,1354800,0.0,0.0,SandP500,GPN
2008-05-01 00:00:00-04:00,20.921780191154326,21.70842007166596,20.869653158059677,21.428831100463867,1451800,0.0,0.0,SandP500,GPN
2008-05-02 00:00:00-04:00,21.561512078653838,21.604161295733057,21.149237518692317,21.46673583984375,1386200,0.0,0.0,SandP500,GPN
2008-05-05 00:00:00-04:00,21.40987029854186,21.556773555507313,21.10658778789634,21.490428924560547,788400,0.0,0.0,SandP500,GPN
2008-05-06 00:00:00-04:00,21.409875199725615,21.409875199725615,20.959689329057355,20.997600555419922,1630000,0.0,0.0,SandP500,GPN
2008-05-07 00:00:00-04:00,21.040249085941735,21.059202890789912,20.613756841990284,20.670621871948242,1100800,0.0,0.0,SandP500,GPN
2008-05-08 00:00:00-04:00,20.907561081377153,20.907561081377153,20.471592849789584,20.609018325805664,1338400,0.0,0.0,SandP500,GPN
2008-05-09 00:00:00-04:00,20.414734719316495,20.760666621975663,20.258353578380383,20.727495193481445,526200,0.0,0.0,SandP500,GPN
2008-05-12 00:00:00-04:00,20.793833611186752,20.793833611186752,20.334169903461706,20.66588592529297,965200,0.0,0.0,SandP500,GPN
2008-05-13 00:00:00-04:00,20.665884769419936,21.22980070959762,20.552152896862133,21.1634578704834,1294800,0.0,0.0,SandP500,GPN
2008-05-14 00:00:00-04:00,21.239318536835928,21.51429272994993,21.09709131662951,21.386287689208984,708000,0.01,0.0,SandP500,GPN
2008-05-15 00:00:00-04:00,21.38154573141498,21.703928394705645,21.33413726090874,21.642297744750977,567600,0.0,0.0,SandP500,GPN
2008-05-16 00:00:00-04:00,21.746592905898364,22.211202707276975,21.694442512429465,22.040531158447266,1423000,0.0,0.0,SandP500,GPN
2008-05-19 00:00:00-04:00,22.0452751696057,22.0452751696057,21.594887465727513,21.642297744750977,730600,0.0,0.0,SandP500,GPN
2008-05-20 00:00:00-04:00,21.59014321151738,21.80348490501397,21.45739626416568,21.675479888916016,616200,0.0,0.0,SandP500,GPN
2008-05-21 00:00:00-04:00,21.803484256916803,21.97889772923687,21.490583718594902,21.5142879486084,1093600,0.0,0.0,SandP500,GPN
2008-05-22 00:00:00-04:00,21.68495329332463,21.756065957113854,21.462129634716174,21.547466278076172,608800,0.0,0.0,SandP500,GPN
2008-05-23 00:00:00-04:00,21.585397049240335,21.637547431708104,21.310424771478285,21.424205780029297,291000,0.0,0.0,SandP500,GPN
2008-05-27 00:00:00-04:00,21.31991220352183,21.798744201660156,21.31991220352183,21.798744201660156,1134600,0.0,0.0,SandP500,GPN
2008-05-28 00:00:00-04:00,22.01208057778671,22.448244129221855,21.83192520246863,22.334463119506836,662000,0.0,0.0,SandP500,GPN
2008-05-29 00:00:00-04:00,22.47195202778168,22.47195202778168,22.135345475543037,22.22068214416504,1115000,0.0,0.0,SandP500,GPN
2008-05-30 00:00:00-04:00,22.396101622669143,22.4529921429404,21.931489980149955,22.386619567871094,888600,0.0,0.0,SandP500,GPN
2008-06-02 00:00:00-04:00,22.481426091460506,22.486168020922857,21.760808345575732,22.02629852294922,740200,0.0,0.0,SandP500,GPN
2008-06-03 00:00:00-04:00,22.17802112089579,22.699523357557755,22.073722120377226,22.28232192993164,866000,0.0,0.0,SandP500,GPN
2008-06-04 00:00:00-04:00,22.249136140300738,23.211542253906483,22.135353272553356,22.841751098632812,1296800,0.0,0.0,SandP500,GPN
2008-06-05 00:00:00-04:00,23.069307036742813,23.29687088491522,22.84648331084794,23.27316665649414,1120800,0.0,0.0,SandP500,GPN
2008-06-06 00:00:00-04:00,23.135675586803377,23.135675586803377,22.4197978849636,22.476688385009766,649800,0.0,0.0,SandP500,GPN
2008-06-09 00:00:00-04:00,22.604704604663098,22.604704604663098,22.08320417651842,22.28232192993164,781600,0.0,0.0,SandP500,GPN
2008-06-10 00:00:00-04:00,22.239658823658417,22.272845123716287,21.684971972533127,21.86512565612793,1205800,0.0,0.0,SandP500,GPN
2008-06-11 00:00:00-04:00,21.8888225970847,21.8888225970847,21.62807240852074,21.661258697509766,1071400,0.0,0.0,SandP500,GPN
2008-06-12 00:00:00-04:00,21.817699195775354,22.21593627685466,21.722880498658146,22.02155876159668,1396200,0.0,0.0,SandP500,GPN
2008-06-13 00:00:00-04:00,22.334471005751297,22.604703259888463,22.15905749886793,22.41506576538086,939800,0.0,0.0,SandP500,GPN
2008-06-16 00:00:00-04:00,22.291789919230908,22.33919836150333,21.789252111968974,22.178007125854492,1065600,0.0,0.0,SandP500,GPN
2008-06-17 00:00:00-04:00,22.291802900530865,23.268432933307565,22.253874677813076,23.0361270904541,964600,0.0,0.0,SandP500,GPN
2008-06-18 00:00:00-04:00,22.908117655728255,23.06930895431353,22.448247990363843,22.590476989746094,1059400,0.0,0.0,SandP500,GPN
2008-06-19 00:00:00-04:00,22.618917259961336,22.936559677124023,22.61417713814541,22.936559677124023,718000,0.0,0.0,SandP500,GPN
2008-06-20 00:00:00-04:00,23.254208524961722,23.605037344687506,22.652111564085132,23.35376739501953,1671400,0.0,0.0,SandP500,GPN
2008-06-23 00:00:00-04:00,23.420133280494657,23.642955174222283,23.055082414303488,23.59554672241211,1097800,0.0,0.0,SandP500,GPN
2008-06-24 00:00:00-04:00,23.533917359881144,23.552881466487,22.87493002771987,22.922338485717773,877800,0.0,0.0,SandP500,GPN
2008-06-25 00:00:00-04:00,22.950783116763514,23.571844002857933,22.756405558293753,23.002933502197266,1160800,0.0,0.0,SandP500,GPN
2008-06-26 00:00:00-04:00,22.82752217236864,22.837002417405103,22.01208365195657,22.059492111206055,952000,0.0,0.0,SandP500,GPN
2008-06-27 00:00:00-04:00,21.912523885295098,22.154309910974625,21.60910541835737,22.045269012451172,674400,0.0,0.0,SandP500,GPN
2008-06-30 00:00:00-04:00,22.06897574609374,22.187498711226915,21.770297367573402,22.092679977416992,801400,0.0,0.0,SandP500,GPN
2008-07-01 00:00:00-04:00,21.87933915533086,22.078456860187693,21.59488296601372,21.90778350830078,918400,0.0,0.0,SandP500,GPN
2008-07-02 00:00:00-04:00,22.06897837475882,22.500401946890328,21.95993745087032,22.083202362060547,1036600,0.0,0.0,SandP500,GPN
2008-07-03 00:00:00-04:00,22.72322307482812,22.979233114177404,21.794003459986566,21.89356231689453,366400,0.0,0.0,SandP500,GPN
2008-07-07 00:00:00-04:00,21.964675245256107,22.48143360126891,21.523769700817233,21.71814727783203,1061600,0.0,0.0,SandP500,GPN
2008-07-08 00:00:00-04:00,21.71339760622005,22.348680501202992,21.4573876764845,22.291790008544922,948800,0.0,0.0,SandP500,GPN
2008-07-09 00:00:00-04:00,22.291795326820214,22.44824467108392,22.012081109120533,22.12586212158203,608600,0.0,0.0,SandP500,GPN
2008-07-10 00:00:00-04:00,21.9030436906049,21.91726586728788,19.87392935588489,21.305686950683594,1606400,0.0,0.0,SandP500,GPN
2008-07-11 00:00:00-04:00,21.101828607610027,21.281984026896957,20.46180529833804,21.08760643005371,1350400,0.0,0.0,SandP500,GPN
2008-07-14 00:00:00-04:00,21.267756383797863,21.391019444148526,20.850555133697167,21.111305236816406,911800,0.0,0.0,SandP500,GPN
2008-07-15 00:00:00-04:00,20.888484929026756,21.471617613999577,20.76047992864004,21.229829788208008,1231200,0.0,0.0,SandP500,GPN
2008-07-16 00:00:00-04:00,21.253529955678488,21.5759106201854,21.05915063917926,21.547466278076172,1097800,0.0,0.0,SandP500,GPN
2008-07-17 00:00:00-04:00,21.623319504205817,22.002592445985936,21.428942008511253,21.997852325439453,566800,0.0,0.0,SandP500,GPN
2008-07-18 00:00:00-04:00,21.98363621131222,22.24438633903595,21.78451852383774,22.05000877380371,532800,0.0,0.0,SandP500,GPN
2008-07-21 00:00:00-04:00,22.073719288301913,22.092681589634136,21.57592135160215,21.983640670776367,1066200,0.0,0.0,SandP500,GPN
2008-07-22 00:00:00-04:00,21.884085229747527,22.358177199030198,21.666003357921657,22.27284049987793,1227200,0.0,0.0,SandP500,GPN
2008-07-23 00:00:00-04:00,22.27282640802188,22.31075460965592,21.831921010865262,22.02629852294922,1256000,0.0,0.0,SandP500,GPN
2008-07-24 00:00:00-04:00,22.14956941949697,22.14956941949697,21.55221274021709,21.680217742919922,1328400,0.0,0.0,SandP500,GPN
2008-07-25 00:00:00-04:00,21.319906971272776,21.50006053747905,19.679548111405182,20.310091018676758,3102800,0.0,0.0,SandP500,GPN
2008-07-28 00:00:00-04:00,20.38595067050938,21.334134422626096,20.29113193359431,21.08760643005371,2238200,0.0,0.0,SandP500,GPN
2008-07-29 00:00:00-04:00,21.16345730454388,21.428949359117663,20.822110635594246,21.28672218322754,1014800,0.0,0.0,SandP500,GPN
2008-07-30 00:00:00-04:00,21.329393041147505,21.594883318624998,21.272500717245002,21.504806518554688,1379400,0.0,0.0,SandP500,GPN
2008-07-31 00:00:00-04:00,21.357846780046962,21.400515137465526,20.92168295622844,20.99753761291504,1218600,0.0,0.0,SandP500,GPN
2008-08-01 00:00:00-04:00,21.078121821791193,21.35309594467871,20.80788962985926,21.153976440429688,1097800,0.0,0.0,SandP500,GPN
2008-08-04 00:00:00-04:00,21.281988524390393,21.281988524390393,20.79367436758096,20.9927921295166,798400,0.0,0.0,SandP500,GPN
2008-08-05 00:00:00-04:00,21.078126218079714,21.737113694044282,20.916934893788465,21.656518936157227,1129000,0.0,0.0,SandP500,GPN
2008-08-06 00:00:00-04:00,21.5806664823208,22.031054211160335,21.495329783866268,21.96468162536621,978200,0.0,0.0,SandP500,GPN
2008-08-07 00:00:00-04:00,21.81770733118075,22.27757700814027,21.575919472947987,21.89830207824707,1039400,0.0,0.0,SandP500,GPN
2008-08-08 00:00:00-04:00,21.798738085086214,22.680549014769017,21.656510924157224,22.633140563964844,1238800,0.0,0.0,SandP500,GPN
2008-08-11 00:00:00-04:00,22.756403899916958,23.17360514446672,22.14008498933084,22.571508407592773,1500600,0.0,0.0,SandP500,GPN
2008-08-12 00:00:00-04:00,22.652103136650393,22.993449773874428,22.509875973979213,22.571508407592773,1252200,0.0,0.0,SandP500,GPN
2008-08-13 00:00:00-04:00,22.490918458720497,22.903379702368653,22.490918458720497,22.81330108642578,1130800,0.0,0.0,SandP500,GPN
2008-08-14 00:00:00-04:00,22.761126667212483,23.150043447128837,22.761126667212483,23.078899383544922,865600,0.01,0.0,SandP500,GPN
2008-08-15 00:00:00-04:00,23.16901328277689,23.24015734529649,22.960326806931356,23.107357025146484,678200,0.0,0.0,SandP500,GPN
2008-08-18 00:00:00-04:00,22.879701941476196,23.20696069706982,22.708957613594674,22.874958038330078,1047000,0.0,0.0,SandP500,GPN
2008-08-19 00:00:00-04:00,22.860727290564682,23.183243914798368,22.457580605638213,22.647296905517578,964000,0.0,0.0,SandP500,GPN
2008-08-20 00:00:00-04:00,22.765865255901986,22.765865255901986,22.04494597235288,22.12557601928711,932600,0.0,0.0,SandP500,GPN
2008-08-21 00:00:00-04:00,21.97854726085473,22.324777933850257,20.78808294163088,22.17774772644043,3316000,0.0,0.0,SandP500,GPN
2008-08-22 00:00:00-04:00,22.30580981717114,22.813298873447422,22.225181560224836,22.794328689575195,1776800,0.0,0.0,SandP500,GPN
2008-08-25 00:00:00-04:00,22.680500916134697,22.742158995668422,22.05443955104024,22.244155883789062,779600,0.0,0.0,SandP500,GPN
2008-08-26 00:00:00-04:00,22.229919478678088,22.514493894539257,22.177747411973446,22.443349838256836,1077200,0.0,0.0,SandP500,GPN
2008-08-27 00:00:00-04:00,22.419631310742016,22.86546212181318,22.26785904274893,22.808547973632812,1154600,0.0,0.0,SandP500,GPN
2008-08-28 00:00:00-04:00,22.879701513899708,23.311304419414885,22.718443186055083,23.306560516357422,1241400,0.0,0.0,SandP500,GPN
2008-08-29 00:00:00-04:00,23.30656366283773,23.344507655344422,22.57141599607745,22.865474700927734,945800,0.0,0.0,SandP500,GPN
2008-09-02 00:00:00-04:00,22.76587290824122,23.35399208778249,22.652042747621646,22.81330108642578,1045600,0.0,0.0,SandP500,GPN
2008-09-03 00:00:00-04:00,22.761129343388586,23.173760256592416,22.62358510256434,23.116846084594727,1135800,0.0,0.0,SandP500,GPN
2008-09-04 00:00:00-04:00,22.950840365743428,23.273356973505255,22.59512367858865,22.63780975341797,1281400,0.0,0.0,SandP500,GPN
2008-09-05 00:00:00-04:00,22.576158065012315,22.576158065012315,21.409407435786257,21.5659236907959,1688800,0.0,0.0,SandP500,GPN
2008-09-08 00:00:00-04:00,21.831517096970824,22.234663740310488,21.527972495891124,21.845746994018555,2341400,0.0,0.0,SandP500,GPN
2008-09-09 00:00:00-04:00,21.78883813323905,22.45758561607621,21.78883813323905,22.016496658325195,1978800,0.0,0.0,SandP500,GPN
2008-09-10 00:00:00-04:00,22.154040231238593,22.177754320964166,21.64655111218124,21.9548397064209,1249200,0.0,0.0,SandP500,GPN
2008-09-11 00:00:00-04:00,21.883691441220343,22.395924365784627,21.603860893749573,22.267866134643555,1392800,0.0,0.0,SandP500,GPN
2008-09-12 00:00:00-04:00,22.097122206003732,22.59986914327418,22.097122206003732,22.42912483215332,1414800,0.0,0.0,SandP500,GPN
2008-09-15 00:00:00-04:00,22.32478110566264,22.32478110566264,21.319289021417518,21.404661178588867,1686800,0.0,0.0,SandP500,GPN
2008-09-16 00:00:00-04:00,21.21020914393255,21.89318479701311,20.882948506800112,21.608612060546875,1790000,0.0,0.0,SandP500,GPN
2008-09-17 00:00:00-04:00,21.404675407310037,21.736678260422625,21.177016773273692,21.25290298461914,1585400,0.0,0.0,SandP500,GPN
2008-09-18 00:00:00-04:00,21.480550693408247,21.74615139339485,20.024483509916305,21.551692962646484,2128400,0.0,0.0,SandP500,GPN
2008-09-19 00:00:00-04:00,21.58014452041479,22.282091861329246,21.50900046312359,22.17774772644043,2359800,0.0,0.0,SandP500,GPN
2008-09-22 00:00:00-04:00,22.111346087266227,22.291576360177714,21.584885164596106,22.030717849731445,1275000,0.0,0.0,SandP500,GPN
2008-09-23 00:00:00-04:00,22.073413362440597,22.675760687821793,22.073413362440597,22.31529998779297,1212000,0.0,0.0,SandP500,GPN
2008-09-24 00:00:00-04:00,22.258376284808286,22.286834267668542,21.81728750145053,22.030717849731445,609600,0.0,0.0,SandP500,GPN
2008-09-25 00:00:00-04:00,22.09238160529742,22.547698592871395,21.893179292440756,22.50501251220703,696400,0.0,0.0,SandP500,GPN
2008-09-26 00:00:00-04:00,22.125584859065093,22.41489965916258,21.518493646055596,21.803068161010742,1210600,0.0,0.0,SandP500,GPN
2008-09-29 00:00:00-04:00,21.452083402744588,21.452083402744588,20.242647257177623,20.76436424255371,1668000,0.0,0.0,SandP500,GPN
2008-09-30 00:00:00-04:00,21.05842365338794,21.333510219307545,20.27584640188847,21.276596069335938,1189200,0.0,0.0,SandP500,GPN
2008-10-01 00:00:00-04:00,21.176996509457503,21.34299687253659,20.645791729067888,20.911394119262695,1658600,0.0,0.0,SandP500,GPN
2008-10-02 00:00:00-04:00,20.83077106515366,20.95408721274169,19.27510379479782,19.474306106567383,1782400,0.0,0.0,SandP500,GPN
2008-10-03 00:00:00-04:00,22.481297246758714,23.4251312563714,21.969064305632585,23.206958770751953,6847200,0.0,0.0,SandP500,GPN
2008-10-06 00:00:00-04:00,22.571408408980414,22.80381076179189,20.906655196621923,22.130319595336914,3364600,0.0,0.0,SandP500,GPN
2008-10-07 00:00:00-04:00,22.704211880193434,22.723183872710642,21.07740061185291,21.096372604370117,2643000,0.0,0.0,SandP500,GPN
2008-10-08 00:00:00-04:00,20.8639701779257,21.803062013008464,19.67350398745777,20.669511795043945,2660600,0.0,0.0,SandP500,GPN
2008-10-09 00:00:00-04:00,21.129568082461304,21.300312359373056,18.805553783574677,18.919382095336914,2098800,0.0,0.0,SandP500,GPN
2008-10-10 00:00:00-04:00,18.269613035534448,20.3944276010424,17.17400476190905,19.502763748168945,3628400,0.0,0.0,SandP500,GPN
2008-10-13 00:00:00-04:00,20.347000096223386,20.565172615643505,19.673508733282905,20.275856018066406,521400,0.0,0.0,SandP500,GPN
2008-10-14 00:00:00-04:00,20.27584828191234,20.660022900695715,19.39367073384795,19.825273513793945,1924600,0.0,0.0,SandP500,GPN
2008-10-15 00:00:00-04:00,19.70669928078384,19.70669928078384,17.899660110473633,17.899660110473633,1371800,0.0,0.0,SandP500,GPN
2008-10-16 00:00:00-04:00,17.932862269195045,19.004754286033112,17.46331550639704,18.99052619934082,1809000,0.0,0.0,SandP500,GPN
2008-10-17 00:00:00-04:00,18.73440575160863,19.991271671309832,17.86645646479432,19.327266693115234,1560200,0.0,0.0,SandP500,GPN
2008-10-20 00:00:00-04:00,19.502754452197767,20.1999595493889,19.213438002090747,20.190473556518555,947400,0.0,0.0,SandP500,GPN
2008-10-21 00:00:00-04:00,19.867959231220013,20.370706053288178,19.56441466290276,19.711444854736328,1273200,0.0,0.0,SandP500,GPN
2008-10-22 00:00:00-04:00,19.403155616928355,19.403155616928355,17.85697485477821,18.293319702148438,2301400,0.0,0.0,SandP500,GPN
2008-10-23 00:00:00-04:00,18.3502357336386,18.59686616321365,17.45857396048471,18.198463439941406,1788600,0.0,0.0,SandP500,GPN
2008-10-24 00:00:00-04:00,17.43961507272118,17.932876302426845,17.05544014798064,17.70047378540039,1781800,0.0,0.0,SandP500,GPN
2008-10-27 00:00:00-04:00,17.501259400846422,17.70994584484696,16.73291015625,16.73291015625,1182800,0.0,0.0,SandP500,GPN
2008-10-28 00:00:00-04:00,17.026974045999374,18.18898052726445,16.6238273525287,18.18423843383789,1404400,0.0,0.0,SandP500,GPN
2008-10-29 00:00:00-04:00,18.27909010990305,19.109095479193076,17.74314327913784,18.33600425720215,1548200,0.0,0.0,SandP500,GPN
2008-10-30 00:00:00-04:00,18.73915297532397,19.388930047848497,18.279093989016584,18.644296646118164,1624400,0.0,0.0,SandP500,GPN
2008-10-31 00:00:00-04:00,18.53521593084454,19.384191908965054,18.49252984630347,19.21344757080078,1036400,0.0,0.0,SandP500,GPN
2008-11-03 00:00:00-05:00,19.199213122039524,20.043446726465174,19.085384807132115,19.93436050415039,1233000,0.0,0.0,SandP500,GPN
2008-11-04 00:00:00-05:00,20.11459612192834,20.735915354131265,19.664021216698366,20.674257278442383,1927400,0.0,0.0,SandP500,GPN
2008-11-05 00:00:00-05:00,20.45133630077078,20.688480744269924,20.351736068725586,20.351736068725586,1339600,0.0,0.0,SandP500,GPN
2008-11-06 00:00:00-05:00,20.290077166000483,20.58887965902222,19.611843940957417,19.626073837280273,1997200,0.0,0.0,SandP500,GPN
2008-11-07 00:00:00-05:00,19.739904412980334,20.090879011088475,19.018985034941743,19.479045867919922,1663800,0.0,0.0,SandP500,GPN
2008-11-10 00:00:00-05:00,19.79207284545103,19.79681674698602,18.871953157909775,18.976295471191406,1270000,0.0,0.0,SandP500,GPN
2008-11-11 00:00:00-05:00,18.85298419974153,19.203958789726858,18.345495210049727,18.748640060424805,1324600,0.0,0.0,SandP500,GPN
2008-11-12 00:00:00-05:00,18.387996179078094,18.743892879318313,17.367758247649103,17.448429107666016,1624800,0.01,0.0,SandP500,GPN
2008-11-13 00:00:00-05:00,17.396232119906312,18.051082611083984,17.083043069375144,18.051082611083984,2688600,0.0,0.0,SandP500,GPN
2008-11-14 00:00:00-05:00,17.79008940984783,18.150730580455612,17.334540286206273,17.443681716918945,1397800,0.0,0.0,SandP500,GPN
2008-11-17 00:00:00-05:00,17.301330657062515,17.709425975180736,16.86950924583658,16.897981643676758,1473200,0.0,0.0,SandP500,GPN
2008-11-18 00:00:00-05:00,16.992888497417226,17.23489755296972,16.3285470030542,16.822057723999023,1744200,0.0,0.0,SandP500,GPN
2008-11-19 00:00:00-05:00,16.807817716690774,17.16371449645318,15.891978335472032,15.901467323303223,1415200,0.0,0.0,SandP500,GPN
2008-11-20 00:00:00-05:00,15.768598104165132,16.148220933735523,14.824285523653097,14.881229400634766,1464600,0.0,0.0,SandP500,GPN
2008-11-21 00:00:00-05:00,15.05206314310882,15.583536148071289,14.07927882319967,15.583536148071289,2350000,0.0,0.0,SandP500,GPN
2008-11-24 00:00:00-05:00,15.825550745776718,16.897987931050732,15.379493874755063,16.698684692382812,2130200,0.0,0.0,SandP500,GPN
2008-11-25 00:00:00-05:00,16.88848559972852,17.728402068239156,16.015352249145508,16.015352249145508,3886600,0.0,0.0,SandP500,GPN
2008-11-26 00:00:00-05:00,15.763855651265025,16.869507398643705,15.763855651265025,16.73189353942871,1374400,0.0,0.0,SandP500,GPN
2008-11-28 00:00:00-05:00,16.698675241744787,17.163713455200195,16.361760078453297,17.163713455200195,520400,0.0,0.0,SandP500,GPN
2008-12-01 00:00:00-05:00,16.69393302768765,16.69393302768765,15.730639583290381,15.797073364257812,1356000,0.0,0.0,SandP500,GPN
2008-12-02 00:00:00-05:00,15.279838625876156,15.649970774747219,14.27383645374294,15.51710319519043,1892200,0.0,0.0,SandP500,GPN
2008-12-03 00:00:00-05:00,15.199162328654582,15.854012814055087,15.099511679406609,15.531332969665527,1306600,0.0,0.0,SandP500,GPN
2008-12-04 00:00:00-05:00,15.801815789143337,16.983393829361432,15.351012864234923,15.61674976348877,1712400,0.0,0.0,SandP500,GPN
2008-12-05 00:00:00-05:00,15.412703942862676,16.133988344916403,15.2086562983916,16.129243850708008,1419400,0.0,0.0,SandP500,GPN
2008-12-08 00:00:00-05:00,16.489880121417173,16.68443690799631,16.300067827600568,16.518352508544922,1288200,0.0,0.0,SandP500,GPN
2008-12-09 00:00:00-05:00,16.37125078984764,16.404467675620975,15.517098936762055,15.607258796691895,1551200,0.0,0.0,SandP500,GPN
2008-12-10 00:00:00-05:00,15.483876754199065,15.839773388753484,15.246612331162787,15.630979537963867,1152800,0.0,0.0,SandP500,GPN
2008-12-11 00:00:00-05:00,15.455407035944132,15.906209879458435,14.919189745690414,15.052057266235352,1090400,0.0,0.0,SandP500,GPN
2008-12-12 00:00:00-05:00,14.729378782686185,15.60725660063077,14.729378782686185,15.47438907623291,1062200,0.0,0.0,SandP500,GPN
2008-12-15 00:00:00-05:00,15.483877803763374,15.50285758315305,14.729376814957305,14.95715045928955,1345400,0.0,0.0,SandP500,GPN
2008-12-16 00:00:00-05:00,15.13747940583681,15.640480041503906,14.976139425607128,15.640480041503906,1014800,0.0,0.0,SandP500,GPN
2008-12-17 00:00:00-05:00,15.422191962630347,15.839777974931666,15.284578122981078,15.612004280090332,1445000,0.0,0.0,SandP500,GPN
2008-12-18 00:00:00-05:00,15.654715283153534,16.09128117169855,15.445921327601743,15.759110450744629,1299200,0.0,0.0,SandP500,GPN
2008-12-19 00:00:00-05:00,15.868255821876849,16.133992825971298,15.62150042025741,15.702171325683594,1867000,0.0,0.0,SandP500,GPN
2008-12-22 00:00:00-05:00,15.702168135092162,15.820800411177723,15.184931338951724,15.507611274719238,1232200,0.0,0.0,SandP500,GPN
2008-12-23 00:00:00-05:00,15.545570071821155,15.706910012825082,15.279834976180268,15.469645500183105,1623400,0.0,0.0,SandP500,GPN
2008-12-24 00:00:00-05:00,15.526592413694239,15.578790903256204,15.11375170689739,15.422195434570312,589400,0.0,0.0,SandP500,GPN
2008-12-26 00:00:00-05:00,15.697418313020423,15.697418313020423,15.412699860934074,15.649964332580566,495200,0.0,0.0,SandP500,GPN
2008-12-29 00:00:00-05:00,15.692675102222651,15.697421406294056,15.28932614501492,15.431684494018555,710600,0.0,0.0,SandP500,GPN
2008-12-30 00:00:00-05:00,15.460155892983577,15.659457206726074,15.426937197175326,15.659457206726074,1166000,0.0,0.0,SandP500,GPN
2008-12-31 00:00:00-05:00,15.692681101289333,15.768605703795034,15.531341094691554,15.559813499450684,1448400,0.0,0.0,SandP500,GPN
2009-01-02 00:00:00-05:00,15.626248378926977,16.26211764762077,15.42694515222736,16.219409942626953,1503400,0.0,0.0,SandP500,GPN
2009-01-05 00:00:00-05:00,16.13398828079451,16.214657353309814,15.77334698629333,15.896723747253418,1378200,0.0,0.0,SandP500,GPN
2009-01-06 00:00:00-05:00,16.010611033997176,16.551573864425958,15.891978770826487,16.504119873046875,1857600,0.0,0.0,SandP500,GPN
2009-01-07 00:00:00-05:00,15.782828644642482,16.81730167525542,15.782828644642482,16.58478355407715,3613600,0.0,0.0,SandP500,GPN
2009-01-08 00:00:00-05:00,16.489883377783997,16.784090862133073,16.371251123267566,16.7176570892334,1753600,0.0,0.0,SandP500,GPN
2009-01-09 00:00:00-05:00,16.841028213500977,17.201669311551978,16.608508300808804,16.841028213500977,2101000,0.0,0.0,SandP500,GPN
2009-01-12 00:00:00-05:00,16.689179156252997,16.988132845243797,16.655962280830014,16.727142333984375,2143400,0.0,0.0,SandP500,GPN
2009-01-13 00:00:00-05:00,16.765116471549653,17.00712555215161,16.466162587124188,16.81256866455078,2135800,0.0,0.0,SandP500,GPN
2009-01-14 00:00:00-05:00,16.60851985878443,16.836293628196987,16.30956599447451,16.394981384277344,2750000,0.0,0.0,SandP500,GPN
2009-01-15 00:00:00-05:00,16.30956451769327,16.660716845107487,16.07704627442771,16.475650787353516,2241600,0.0,0.0,SandP500,GPN
2009-01-16 00:00:00-05:00,16.869510093396226,16.869510093396226,15.944177934225765,16.428197860717773,1829600,0.0,0.0,SandP500,GPN
2009-01-20 00:00:00-05:00,16.22414529513288,16.456665293542414,15.502861022949219,15.502861022949219,3725000,0.0,0.0,SandP500,GPN
2009-01-21 00:00:00-05:00,15.749612209122557,15.934679985046387,15.360498688801785,15.934679985046387,1708400,0.0,0.0,SandP500,GPN
2009-01-22 00:00:00-05:00,15.550315005388175,15.872994858959501,15.412701165738905,15.612004280090332,2119000,0.0,0.0,SandP500,GPN
2009-01-23 00:00:00-05:00,15.407961710528065,15.74487696450993,15.066300151456309,15.51710319519043,1456600,0.0,0.0,SandP500,GPN
2009-01-26 00:00:00-05:00,15.493374605155946,15.754365227333249,15.208656081720484,15.365251541137695,1844200,0.0,0.0,SandP500,GPN
2009-01-27 00:00:00-05:00,15.469640109361617,16.01060453022644,15.44591402840234,15.934679985046387,1729800,0.0,0.0,SandP500,GPN
2009-01-28 00:00:00-05:00,16.1434726049375,16.836284330577538,16.01534959098752,16.70341682434082,1873800,0.0,0.0,SandP500,GPN
2009-01-29 00:00:00-05:00,16.523103222021714,16.603774110829683,16.38074485315544,16.43294334411621,1309600,0.0,0.0,SandP500,GPN
2009-01-30 00:00:00-05:00,16.432942012737303,16.731894020080244,16.347526636300827,16.470903396606445,2007600,0.0,0.0,SandP500,GPN
2009-02-02 00:00:00-05:00,16.171952857732663,16.70342495145323,16.133989660231606,16.618009567260742,2178200,0.0,0.0,SandP500,GPN
2009-02-03 00:00:00-05:00,16.693931000367023,17.01661087746648,16.39497721213394,16.7176570892334,1752200,0.0,0.0,SandP500,GPN
2009-02-04 00:00:00-05:00,16.750867926347343,16.860009343865453,16.423443673793006,16.58478355407715,1682800,0.0,0.0,SandP500,GPN
2009-02-05 00:00:00-05:00,16.523097227898074,17.049824630787494,16.523097227898074,16.93119239807129,1180400,0.0,0.0,SandP500,GPN
2009-02-06 00:00:00-05:00,16.864765312998816,17.40572821868583,16.82205761990853,17.225406646728516,1436600,0.0,0.0,SandP500,GPN
2009-02-09 00:00:00-05:00,17.211168000092357,17.211168000092357,16.755620569315937,16.964412689208984,702400,0.0,0.0,SandP500,GPN
2009-02-10 00:00:00-05:00,16.864765086801032,17.15422813495447,16.4756513595018,16.513612747192383,1131400,0.0,0.0,SandP500,GPN
2009-02-11 00:00:00-05:00,16.627560264458978,16.760504196951178,16.371166842173817,16.599071502685547,888600,0.01,0.0,SandP500,GPN
2009-02-12 00:00:00-05:00,16.38066538113948,16.898199519253485,16.38066538113948,16.86496353149414,1064600,0.0,0.0,SandP500,GPN
2009-02-13 00:00:00-05:00,16.803238790754744,17.121357002554394,16.70353082740095,16.736766815185547,879600,0.0,0.0,SandP500,GPN
2009-02-17 00:00:00-05:00,16.485120329990984,16.60382078902323,16.110026444755007,16.133766174316406,1664600,0.0,0.0,SandP500,GPN
2009-02-18 00:00:00-05:00,16.238217602400063,16.432886216163464,16.043548988636662,16.22397232055664,1196600,0.0,0.0,SandP500,GPN
2009-02-19 00:00:00-05:00,16.409150828318747,16.409150828318747,15.59249115430548,15.635223388671875,1388000,0.0,0.0,SandP500,GPN
2009-02-20 00:00:00-05:00,15.597246094743994,15.734939119318847,15.08920896879905,15.573506355285645,1540800,0.0,0.0,SandP500,GPN
2009-02-23 00:00:00-05:00,15.644724399664756,15.825149645327503,14.861300468444824,14.861300468444824,1835400,0.0,0.0,SandP500,GPN
2009-02-24 00:00:00-05:00,15.013240570170758,15.554513688352335,14.889791933836152,15.526026725769043,1581000,0.0,0.0,SandP500,GPN
2009-02-25 00:00:00-05:00,15.397824868301068,15.59249356355465,15.008487477793905,15.131936073303223,1194600,0.0,0.0,SandP500,GPN
2009-02-26 00:00:00-05:00,15.30761594079506,15.33610289912397,14.647640602585026,14.699868202209473,1253400,0.0,0.0,SandP500,GPN
2009-02-27 00:00:00-05:00,14.476710522544465,14.861299826574934,14.348513785996708,14.566923141479492,2325200,0.0,0.0,SandP500,GPN
2009-03-02 00:00:00-05:00,14.33901640478632,14.490952853716545,13.740765957914059,13.750261306762695,2073400,0.0,0.0,SandP500,GPN
2009-03-03 00:00:00-05:00,13.997161686107745,14.305782781689567,13.74076909637971,14.187082290649414,2264000,0.0,0.0,SandP500,GPN
2009-03-04 00:00:00-05:00,14.215567503110934,14.324771710192557,13.930686214783206,14.020898818969727,2199600,0.0,0.0,SandP500,GPN
2009-03-05 00:00:00-05:00,13.769254391675206,13.973419343070491,13.550845963604802,13.612569808959961,1709800,0.0,0.0,SandP500,GPN
2009-03-06 00:00:00-05:00,13.71227649793907,13.778749370178689,13.11402698707088,13.455883979797363,1805000,0.0,0.0,SandP500,GPN
2009-03-09 00:00:00-04:00,13.341935877964348,13.579336869011353,13.047558250596378,13.099786758422852,1305000,0.0,0.0,SandP500,GPN
2009-03-10 00:00:00-04:00,13.284955332495308,13.792993158945796,13.104531030859794,13.78349781036377,1957200,0.0,0.0,SandP500,GPN
2009-03-11 00:00:00-04:00,13.88320869894894,14.035145175748532,13.726524094047754,13.935437202453613,2114200,0.0,0.0,SandP500,GPN
2009-03-12 00:00:00-04:00,13.811986477131057,14.158591625044163,13.593577145911535,14.058883666992188,2145200,0.0,0.0,SandP500,GPN
2009-03-13 00:00:00-04:00,14.168089453739451,14.619151642801793,14.144349719836296,14.566923141479492,2191800,0.0,0.0,SandP500,GPN
2009-03-16 00:00:00-04:00,14.63814081053389,14.866045478248289,14.50044874672785,14.576416969299316,1741800,0.0,0.0,SandP500,GPN
2009-03-17 00:00:00-04:00,14.538434035641714,14.946763038635254,14.481457411291625,14.946763038635254,1084800,0.0,0.0,SandP500,GPN
2009-03-18 00:00:00-04:00,14.861303345030214,15.478545628774084,14.799579478901032,15.250640869140625,1686200,0.0,0.0,SandP500,GPN
2009-03-19 00:00:00-04:00,15.374085454059987,15.492785924619875,14.989495277404785,14.989495277404785,1203000,0.0,0.0,SandP500,GPN
2009-03-20 00:00:00-04:00,15.051221480796613,15.359841647280755,15.051221480796613,15.15092945098877,2040400,0.0,0.0,SandP500,GPN
2009-03-23 00:00:00-04:00,15.40732196662218,15.872627609746292,15.155676634428405,15.858384132385254,1879200,0.0,0.0,SandP500,GPN
2009-03-24 00:00:00-04:00,15.620979971474673,15.711191661589464,15.336097804247474,15.359837532043457,1425200,0.0,0.0,SandP500,GPN
2009-03-25 00:00:00-04:00,15.426312617704465,15.744428981923985,15.188910791489093,15.559256553649902,1541600,0.0,0.0,SandP500,GPN
2009-03-26 00:00:00-04:00,15.620985254998482,16.14801391073798,15.60199274184776,16.100534439086914,1750800,0.0,0.0,SandP500,GPN
2009-03-27 00:00:00-04:00,15.943849859346319,16.095786333768892,15.658967611384762,15.715943336486816,1192800,0.0,0.0,SandP500,GPN
2009-03-30 00:00:00-04:00,15.431057162464919,15.630473031791864,15.31235672275365,15.521268844604492,1693600,0.0,0.0,SandP500,GPN
2009-03-31 00:00:00-04:00,15.625739026005869,16.072052404731497,15.564014238011668,15.863140106201172,1561000,0.0,0.0,SandP500,GPN
2009-04-01 00:00:00-04:00,15.65896150150649,15.991323088833267,15.412064374098739,15.834637641906738,2024600,0.0,0.0,SandP500,GPN
2009-04-02 00:00:00-04:00,16.081538115821118,16.328435294607228,15.948594177715258,16.057798385620117,2200400,0.0,0.0,SandP500,GPN
2009-04-03 00:00:00-04:00,16.29995002781834,16.499365955591202,14.633394351542847,15.193660736083984,6034000,0.0,0.0,SandP500,GPN
2009-04-06 00:00:00-04:00,15.122439251530196,15.245887842411125,14.837557957621332,15.141430854797363,2205200,0.0,0.0,SandP500,GPN
2009-04-07 00:00:00-04:00,14.913526764660105,15.578250111625684,14.804322551171907,15.369336128234863,2989400,0.0,0.0,SandP500,GPN
2009-04-08 00:00:00-04:00,15.431064607760009,15.744433847345485,15.231648642217362,15.711197853088379,1997600,0.0,0.0,SandP500,GPN
2009-04-09 00:00:00-04:00,15.90111637569387,15.90111637569387,15.58774719517251,15.858384132385254,2730400,0.0,0.0,SandP500,GPN
2009-04-13 00:00:00-04:00,15.682704235424195,15.725436473581698,15.393074822492819,15.559256553649902,1663600,0.0,0.0,SandP500,GPN
2009-04-14 00:00:00-04:00,15.393079615280545,15.564008621130993,15.283875375148503,15.302867889404297,1730800,0.0,0.0,SandP500,GPN
2009-04-15 00:00:00-04:00,15.207899756215744,15.521268844604494,15.207899756215744,15.521268844604492,1368800,0.0,0.0,SandP500,GPN
2009-04-16 00:00:00-04:00,15.663723945065687,15.986587745264318,15.492794878872804,15.924864768981934,1269400,0.0,0.0,SandP500,GPN
2009-04-17 00:00:00-04:00,15.920107075100088,15.977084606995247,15.573501906585967,15.858384132385254,1967600,0.0,0.0,SandP500,GPN
2009-04-20 00:00:00-04:00,15.635227583906856,15.76817154372925,15.397826620666516,15.450055122375488,1721200,0.0,0.0,SandP500,GPN
2009-04-21 00:00:00-04:00,15.431060359147658,15.431060359147658,14.989494487049406,15.293367385864258,2086000,0.0,0.0,SandP500,GPN
2009-04-22 00:00:00-04:00,15.174668225469759,15.545014937545147,15.027479890660516,15.193660736083984,2464200,0.0,0.0,SandP500,GPN
2009-04-23 00:00:00-04:00,15.184168354658793,15.326608598154744,14.742602331963171,15.022735595703125,2016400,0.0,0.0,SandP500,GPN
2009-04-24 00:00:00-04:00,15.136685281123249,15.236394158337854,14.65238799595158,14.704615592956543,4047400,0.0,0.0,SandP500,GPN
2009-04-27 00:00:00-04:00,14.633397040594666,14.956262535464669,14.60965730357719,14.847058296203613,2247400,0.0,0.0,SandP500,GPN
2009-04-28 00:00:00-04:00,14.676127699636876,15.036977277957302,14.676127699636876,14.875544548034668,1122800,0.0,0.0,SandP500,GPN
2009-04-29 00:00:00-04:00,14.904029760700498,15.260131147698662,14.704612947757019,15.222147941589355,1840000,0.0,0.0,SandP500,GPN
2009-04-30 00:00:00-04:00,15.38832786436504,15.630476010584653,15.098698446477147,15.222147941589355,1993600,0.0,0.0,SandP500,GPN
2009-05-01 00:00:00-04:00,15.169920210880434,15.402572114460602,14.866046396217893,15.369336128234863,1754000,0.0,0.0,SandP500,GPN
2009-05-04 00:00:00-04:00,15.435804676470562,15.744426550075183,15.288617287615287,15.69694709777832,2476800,0.0,0.0,SandP500,GPN
2009-05-05 00:00:00-04:00,15.677957981018922,15.677957981018922,15.2458883513195,15.431060791015625,1991000,0.0,0.0,SandP500,GPN
2009-05-06 00:00:00-04:00,15.52127633342561,15.80140957875398,15.269631859414408,15.711197853088379,2964000,0.0,0.0,SandP500,GPN
2009-05-07 00:00:00-04:00,15.791908176157744,16.038805346782297,15.516524054723796,15.682703971862793,2261000,0.0,0.0,SandP500,GPN
2009-05-08 00:00:00-04:00,15.79666039413214,16.0720445710966,15.559259429647843,15.967589378356934,1474000,0.0,0.0,SandP500,GPN
2009-05-11 00:00:00-04:00,15.863132507386357,15.939100744209217,15.663716564935966,15.692203521728516,1952400,0.0,0.0,SandP500,GPN
2009-05-12 00:00:00-04:00,15.768170184540445,15.920106643019556,15.59724121594508,15.80615520477295,1760800,0.0,0.0,SandP500,GPN
2009-05-13 00:00:00-04:00,15.777650920531013,15.791904773822182,15.145784762775584,15.174290657043457,2466800,0.01,0.0,SandP500,GPN
2009-05-14 00:00:00-04:00,15.255055332729953,15.33106923740466,14.746712005408886,14.8987398147583,2528600,0.0,0.0,SandP500,GPN
2009-05-15 00:00:00-04:00,14.979502891352759,15.012758857359042,14.727706296201147,14.817973136901855,2368600,0.0,0.0,SandP500,GPN
2009-05-18 00:00:00-04:00,14.965250063613754,15.0222609387557,14.737208375360204,14.903489112854004,2240800,0.0,0.0,SandP500,GPN
2009-05-19 00:00:00-04:00,14.846474069305154,15.459336953841365,14.803716151493006,15.288305282592773,3626000,0.0,0.0,SandP500,GPN
2009-05-20 00:00:00-04:00,15.383325682630167,15.801401158312558,15.369071832737923,15.63512134552002,2792800,0.0,0.0,SandP500,GPN
2009-05-21 00:00:00-04:00,16.005693070028805,16.37626245626199,15.915427120880913,16.352506637573242,2896000,0.0,0.0,SandP500,GPN
2009-05-22 00:00:00-04:00,16.376251907582574,16.476019757478106,16.15296040440494,16.186216354370117,1916600,0.0,0.0,SandP500,GPN
2009-05-26 00:00:00-04:00,16.110212181252866,16.751579387396287,15.83941253311992,16.6898193359375,2189800,0.0,0.0,SandP500,GPN
2009-05-27 00:00:00-04:00,16.708827210402315,16.960624828405393,16.552049271188192,16.628063201904297,1902000,0.0,0.0,SandP500,GPN
2009-05-28 00:00:00-04:00,16.76108180009488,16.92736346665059,16.523538115570563,16.84659767150879,1791800,0.0,0.0,SandP500,GPN
2009-05-29 00:00:00-04:00,16.832341301984105,17.084136962890625,16.59004579117887,17.084136962890625,1386000,0.0,0.0,SandP500,GPN
2009-06-01 00:00:00-04:00,17.117400372347724,17.658999779452262,17.117400372347724,17.39295196533203,2259000,0.0,0.0,SandP500,GPN
2009-06-02 00:00:00-04:00,17.383449495570954,17.692257056381006,17.383449495570954,17.65424919128418,1603800,0.0,0.0,SandP500,GPN
2009-06-03 00:00:00-04:00,17.582980757557028,17.749262405449283,17.483212856210244,17.5734806060791,1324000,0.0,0.0,SandP500,GPN
2009-06-04 00:00:00-04:00,17.563986554710606,17.711262529050707,17.378702708079448,17.706512451171875,2040400,0.0,0.0,SandP500,GPN
2009-06-05 00:00:00-04:00,17.801522774539254,18.06757051855387,17.592483190168533,17.93929672241211,1392000,0.0,0.0,SandP500,GPN
2009-06-08 00:00:00-04:00,17.801522080505258,17.86328212592117,17.464208713143723,17.735010147094727,1298200,0.0,0.0,SandP500,GPN
2009-06-09 00:00:00-04:00,17.811018220788526,17.90128412771651,17.687494545714788,17.796764373779297,1110200,0.0,0.0,SandP500,GPN
2009-06-10 00:00:00-04:00,17.744509428358207,17.963050957537877,17.654243496343547,17.86328125,780000,0.0,0.0,SandP500,GPN
2009-06-11 00:00:00-04:00,17.920288830479524,18.096070577875246,17.706499239152972,17.792015075683594,758000,0.0,0.0,SandP500,GPN
2009-06-12 00:00:00-04:00,17.777773388987256,18.390636699249615,17.63049742379513,18.290868759155273,2672000,0.0,0.0,SandP500,GPN
2009-06-15 00:00:00-04:00,17.815770024411034,18.067565660815614,17.735006070211018,17.958295822143555,1910800,0.0,0.0,SandP500,GPN
2009-06-16 00:00:00-04:00,18.010561328027823,18.11508112474803,17.70175382625325,17.725509643554688,1812200,0.0,0.0,SandP500,GPN
2009-06-17 00:00:00-04:00,17.763512472320443,18.09132384364785,17.725506433686505,17.96780014038086,1465600,0.0,0.0,SandP500,GPN
2009-06-18 00:00:00-04:00,17.925037853965357,18.043809640815628,17.792014032633418,17.996301651000977,2073800,0.0,0.0,SandP500,GPN
2009-06-19 00:00:00-04:00,18.091332878966593,18.44289661424617,18.029570996487482,18.290868759155273,1979200,0.0,0.0,SandP500,GPN
2009-06-22 00:00:00-04:00,18.14358636150718,18.314618108011114,17.730260848999023,17.730260848999023,1580800,0.0,0.0,SandP500,GPN
2009-06-23 00:00:00-04:00,17.787263189035365,17.85377691591432,17.568723523374334,17.792015075683594,1180400,0.0,0.0,SandP500,GPN
2009-06-24 00:00:00-04:00,17.929790807378083,17.929790807378083,17.725503176852897,17.853776931762695,1045800,0.0,0.0,SandP500,GPN
2009-06-25 00:00:00-04:00,17.820529542549153,18.06757523528108,17.69700760234059,18.02006721496582,1025600,0.0,0.0,SandP500,GPN
2009-06-26 00:00:00-04:00,17.99630850668467,18.07232240673375,17.872784786408456,17.93929672241211,1252600,0.0,0.0,SandP500,GPN
2009-06-29 00:00:00-04:00,17.967803623351344,18.0248135985104,17.697003975952793,17.9820556640625,923800,0.0,0.0,SandP500,GPN
2009-06-30 00:00:00-04:00,18.01055395578102,18.01055395578102,17.65898866401,17.796764373779297,1379600,0.0,0.0,SandP500,GPN
2009-07-01 00:00:00-04:00,17.94404893153118,18.09132665839794,17.83002717326105,18.048568725585938,1806200,0.0,0.0,SandP500,GPN
2009-07-02 00:00:00-04:00,17.868032866034344,17.934544795172002,17.483211517333984,17.483211517333984,889200,0.0,0.0,SandP500,GPN
2009-07-06 00:00:00-04:00,17.430958081794536,17.65899984285122,17.407204071493492,17.625743865966797,871600,0.0,0.0,SandP500,GPN
2009-07-07 00:00:00-04:00,17.68275104303726,17.68275104303726,17.169655855551298,17.212413787841797,977600,0.0,0.0,SandP500,GPN
2009-07-08 00:00:00-04:00,17.212414130412277,17.236168134976573,16.94161449128765,17.07463836669922,1554800,0.0,0.0,SandP500,GPN
2009-07-09 00:00:00-04:00,17.18390867226644,17.316934363357685,17.098394616134502,17.207664489746094,787600,0.0,0.0,SandP500,GPN
2009-07-10 00:00:00-04:00,17.10789433555211,17.24092002327806,17.003376353006324,17.07463836669922,808600,0.0,0.0,SandP500,GPN
2009-07-13 00:00:00-04:00,17.174415354581264,17.716014862060547,16.908365678839182,17.716014862060547,1417200,0.0,0.0,SandP500,GPN
2009-07-14 00:00:00-04:00,17.735006070211018,18.020057665676056,17.568724462594876,17.958295822143555,660200,0.0,0.0,SandP500,GPN
2009-07-15 00:00:00-04:00,17.986811322694766,18.613926617836263,17.986811322694766,18.609174728393555,1387000,0.0,0.0,SandP500,GPN
2009-07-16 00:00:00-04:00,18.580658660977797,18.9939839725731,18.381121116278017,18.946475982666016,776600,0.0,0.0,SandP500,GPN
2009-07-17 00:00:00-04:00,18.86572051323761,19.0034962963416,18.803960455141034,18.96548843383789,432000,0.0,0.0,SandP500,GPN
2009-07-20 00:00:00-04:00,18.97499579637518,19.24104547262768,18.894231784055666,19.188785552978516,828600,0.0,0.0,SandP500,GPN
2009-07-21 00:00:00-04:00,19.283800255986037,19.393070155340073,18.932234734847743,19.245792388916016,571000,0.0,0.0,SandP500,GPN
2009-07-22 00:00:00-04:00,19.193533983292827,19.369315834894078,18.984494342379623,19.112768173217773,1519600,0.0,0.0,SandP500,GPN
2009-07-23 00:00:00-04:00,19.07476267077372,19.250544527459144,18.965490957691422,19.146024703979492,2332400,0.0,0.0,SandP500,GPN
2009-07-24 00:00:00-04:00,20.096193078096537,20.56653031774068,19.597351759410756,20.11044692993164,3369200,0.0,0.0,SandP500,GPN
2009-07-27 00:00:00-04:00,19.050999773898518,20.14845207601452,18.518902511803276,20.091442108154297,2559400,0.0,0.0,SandP500,GPN
2009-07-28 00:00:00-04:00,20.058191159205283,20.428758761449014,20.00593125379867,20.24347496032715,1453000,0.0,0.0,SandP500,GPN
2009-07-29 00:00:00-04:00,20.186462301262793,20.28623020981892,19.90140880384104,20.0391845703125,707200,0.0,0.0,SandP500,GPN
2009-07-30 00:00:00-04:00,20.181705723035908,20.547523115047376,20.06768580041472,20.29097557067871,1072400,0.0,0.0,SandP500,GPN
2009-07-31 00:00:00-04:00,20.30048678680433,20.457266517268057,20.07719510244017,20.09619903564453,831000,0.0,0.0,SandP500,GPN
2009-08-03 00:00:00-04:00,20.23397908157751,20.23397908157751,19.739887588405182,19.95842742919922,1325000,0.0,0.0,SandP500,GPN
2009-08-04 00:00:00-04:00,19.939414551230772,20.262474060058594,19.920410624284614,20.262474060058594,901800,0.0,0.0,SandP500,GPN
2009-08-05 00:00:00-04:00,20.229218308820005,20.656795795762562,19.96791884132183,20.10094451904297,698800,0.0,0.0,SandP500,GPN
2009-08-06 00:00:00-04:00,20.10569381574039,20.257721602405358,19.801638242410462,20.04393196105957,656000,0.0,0.0,SandP500,GPN
2009-08-07 00:00:00-04:00,20.181701749064658,20.41449524807413,20.04867792809561,20.39073944091797,519600,0.0,0.0,SandP500,GPN
2009-08-10 00:00:00-04:00,20.343235779835126,20.462007591633473,20.08193815634158,20.214962005615234,396600,0.0,0.0,SandP500,GPN
2009-08-11 00:00:00-04:00,20.134210280435845,20.22447625983033,20.034440520529692,20.086700439453125,525800,0.0,0.0,SandP500,GPN
2009-08-12 00:00:00-04:00,19.95366781270834,20.428755141582347,19.95366781270834,20.352741241455078,602600,0.0,0.0,SandP500,GPN
2009-08-13 00:00:00-04:00,20.409780169710004,20.409780169710004,20.086569708884774,20.238670349121094,497800,0.01,0.0,SandP500,GPN
2009-08-14 00:00:00-04:00,20.286197435809985,20.35274043578641,20.053295122731736,20.200641632080078,399600,0.0,0.0,SandP500,GPN
2009-08-17 00:00:00-04:00,19.943979009160735,20.16262086533634,19.924966200842544,20.005769729614258,866600,0.0,0.0,SandP500,GPN
2009-08-18 00:00:00-04:00,20.053294270461993,20.309961670743284,19.94872748058348,20.29094886779785,617600,0.0,0.0,SandP500,GPN
2009-08-19 00:00:00-04:00,19.996256089590275,20.500084448739333,19.996256089590275,20.47156524658203,588600,0.0,0.0,SandP500,GPN
2009-08-20 00:00:00-04:00,20.471570683850672,20.528607290153708,20.214903235745474,20.43829917907715,700600,0.0,0.0,SandP500,GPN
2009-08-21 00:00:00-04:00,20.552369898832197,20.63792388378147,20.34798680480969,20.41452980041504,1257000,0.0,0.0,SandP500,GPN
2009-08-24 00:00:00-04:00,20.41452859907761,20.642676776224626,20.31471411154339,20.523849487304688,718600,0.0,0.0,SandP500,GPN
2009-08-25 00:00:00-04:00,20.56187427157444,20.956381760189572,20.438294682910307,20.66644287109375,824400,0.0,0.0,SandP500,GPN
2009-08-26 00:00:00-04:00,20.585645410100504,20.91360815802244,20.585645410100504,20.83755874633789,781200,0.0,0.0,SandP500,GPN
2009-08-27 00:00:00-04:00,20.875576153945516,20.875576153945516,20.38125603592666,20.675947189331055,558400,0.0,0.0,SandP500,GPN
2009-08-28 00:00:00-04:00,20.847064853991753,20.847064853991753,20.30521257677352,20.561878204345703,653800,0.0,0.0,SandP500,GPN
2009-08-31 00:00:00-04:00,20.476324319982997,20.52860681687817,20.143607466757345,20.1721248626709,1081800,0.0,0.0,SandP500,GPN
2009-09-01 00:00:00-04:00,19.9677378392301,20.490579024739496,19.95823325121849,20.129343032836914,2140000,0.0,0.0,SandP500,GPN
2009-09-02 00:00:00-04:00,19.9439718750823,20.471565331640974,19.9439718750823,20.1768741607666,1319200,0.0,0.0,SandP500,GPN
2009-09-03 00:00:00-04:00,20.229164556387662,20.443052291870117,20.01052089935142,20.443052291870117,1084000,0.0,0.0,SandP500,GPN
2009-09-04 00:00:00-04:00,20.371751342193406,20.723479113070436,20.319467043321268,20.685455322265625,952400,0.0,0.0,SandP500,GPN
2009-09-08 00:00:00-04:00,20.723478317260742,20.904096302839257,20.628417937318865,20.723478317260742,930600,0.0,0.0,SandP500,GPN
2009-09-09 00:00:00-04:00,20.723481036668566,20.7805194479111,20.10082712580402,20.538110733032227,1327800,0.0,0.0,SandP500,GPN
2009-09-10 00:00:00-04:00,20.580898746254388,20.794788360595703,20.46207138419384,20.794788360595703,515600,0.0,0.0,SandP500,GPN
2009-09-11 00:00:00-04:00,20.79953849964698,21.037193199114967,20.756760581216287,20.95163917541504,586600,0.0,0.0,SandP500,GPN
2009-09-14 00:00:00-04:00,20.7615071323039,21.141754150390625,20.7615071323039,21.141754150390625,422800,0.0,0.0,SandP500,GPN
2009-09-15 00:00:00-04:00,21.094227966996797,21.284350605637393,20.927868618379982,21.227313995361328,582600,0.0,0.0,SandP500,GPN
2009-09-16 00:00:00-04:00,21.251069451709988,21.57427978515625,21.160761375337774,21.57427978515625,840600,0.0,0.0,SandP500,GPN
2009-09-17 00:00:00-04:00,21.545759022358514,21.830943712740318,21.398412571537225,21.650325775146484,516600,0.0,0.0,SandP500,GPN
2009-09-18 00:00:00-04:00,21.688363638918066,21.897499075983774,21.426943889295664,21.612314224243164,1231400,0.0,0.0,SandP500,GPN
2009-09-21 00:00:00-04:00,21.474471972272877,21.764410903693452,21.422187664880855,21.71687889099121,467800,0.0,0.0,SandP500,GPN
2009-09-22 00:00:00-04:00,21.764410837038643,21.84996664647977,21.60755791534294,21.769163131713867,562400,0.0,0.0,SandP500,GPN
2009-09-23 00:00:00-04:00,21.764415920112413,22.12089793831978,21.66935368595819,21.75490951538086,609000,0.0,0.0,SandP500,GPN
2009-09-24 00:00:00-04:00,21.77866698828349,21.94027218576265,21.422185095005396,21.607555389404297,838800,0.0,0.0,SandP500,GPN
2009-09-25 00:00:00-04:00,21.65033411158775,21.77866781562235,21.265334812644696,21.274839401245117,824200,0.0,0.0,SandP500,GPN
2009-09-28 00:00:00-04:00,21.412675872993617,22.087615778203048,21.303354991034716,21.94977569580078,939800,0.0,0.0,SandP500,GPN
2009-09-29 00:00:00-04:00,21.973545807609966,22.23496552531208,21.81669470225303,22.177928924560547,799000,0.0,0.0,SandP500,GPN
2009-09-30 00:00:00-04:00,22.144660876104258,22.39182193544922,21.826202694831682,22.196945190429688,1790200,0.0,0.0,SandP500,GPN
2009-10-01 00:00:00-04:00,22.320518353754405,22.572433448673884,21.91175217441393,21.940271377563477,1286600,0.0,0.0,SandP500,GPN
2009-10-02 00:00:00-04:00,21.80243778412407,22.049598845648053,21.103734323614756,21.65984535217285,2394800,0.0,0.0,SandP500,GPN
2009-10-05 00:00:00-04:00,21.783423606872212,22.719781588215053,21.59805147794196,22.68651008605957,2599600,0.0,0.0,SandP500,GPN
2009-10-06 00:00:00-04:00,22.529649780146258,23.446996395155242,22.353784125508373,23.214094161987305,2854600,0.0,0.0,SandP500,GPN
2009-10-07 00:00:00-04:00,23.21411057782682,23.252134386015314,22.86238083298579,23.06201171875,1624600,0.0,0.0,SandP500,GPN
2009-10-08 00:00:00-04:00,23.133304595947266,23.342441864962122,22.995466266014382,23.133304595947266,1247200,0.0,0.0,SandP500,GPN
2009-10-09 00:00:00-04:00,23.047742902735536,23.20459398906569,22.91940920674143,22.995458602905273,1518000,0.0,0.0,SandP500,GPN
2009-10-12 00:00:00-04:00,23.138052048183894,23.22360784941102,22.976446847328283,23.08576774597168,766400,0.0,0.0,SandP500,GPN
2009-10-13 00:00:00-04:00,23.114293771406018,23.14281117145626,22.90515650084428,23.081022262573242,1177400,0.0,0.0,SandP500,GPN
2009-10-14 00:00:00-04:00,23.356695816528905,23.40898012315336,23.01922669052124,23.370954513549805,1300200,0.0,0.0,SandP500,GPN
2009-10-15 00:00:00-04:00,23.271135871479732,23.694160730739,23.023974892473756,23.684656143188477,1710800,0.0,0.0,SandP500,GPN
2009-10-16 00:00:00-04:00,23.694164876560425,24.145709016960573,23.508794563161416,24.003116607666016,2073600,0.0,0.0,SandP500,GPN
2009-10-19 00:00:00-04:00,24.107688590427323,24.430899063692884,24.107688590427323,24.26453971862793,2109800,0.0,0.0,SandP500,GPN
2009-10-20 00:00:00-04:00,24.259780649795644,24.42138584130672,24.098175458284565,24.174224853515625,1753600,0.0,0.0,SandP500,GPN
2009-10-21 00:00:00-04:00,24.083923971102433,24.34534556496639,24.012628656271495,24.05540657043457,1700000,0.0,0.0,SandP500,GPN
2009-10-22 00:00:00-04:00,23.960333634978923,24.236013806036937,23.903297045958823,24.017370223999023,2555400,0.0,0.0,SandP500,GPN
2009-10-23 00:00:00-04:00,24.155207594211916,24.240763374704873,23.93656584991226,24.159961700439453,1591200,0.0,0.0,SandP500,GPN
2009-10-26 00:00:00-04:00,24.236013806036937,24.37860618516742,23.936568540650587,24.017370223999023,1329800,0.0,0.0,SandP500,GPN
2009-10-27 00:00:00-04:00,24.00787229638131,24.22651595558192,23.51830429043176,23.546823501586914,1459600,0.0,0.0,SandP500,GPN
2009-10-28 00:00:00-04:00,23.527809519403366,23.660895538493513,23.271142071305775,23.318674087524414,1265000,0.0,0.0,SandP500,GPN
2009-10-29 00:00:00-04:00,23.38521887014986,23.527811303295174,23.11904499862709,23.466020584106445,1092000,0.0,0.0,SandP500,GPN
2009-10-30 00:00:00-04:00,23.342442298454433,23.575342862886423,23.199849857126097,23.399478912353516,1512400,0.0,0.0,SandP500,GPN
2009-11-02 00:00:00-05:00,23.413729623611015,23.651384215789268,23.171322737379878,23.56583023071289,1142400,0.0,0.0,SandP500,GPN
2009-11-03 00:00:00-05:00,23.40897939955774,23.61811480643011,23.180831188471295,23.556325912475586,1655800,0.0,0.0,SandP500,GPN
2009-11-04 00:00:00-05:00,23.74645149169917,24.16947646610308,23.51355095694604,23.931821823120117,1552800,0.0,0.0,SandP500,GPN
2009-11-05 00:00:00-05:00,24.036382904803123,24.901445388793945,23.946074821541828,24.901445388793945,1883800,0.0,0.0,SandP500,GPN
2009-11-06 00:00:00-05:00,24.801636538282036,25.010771953252455,24.649537725001572,24.9537353515625,1302800,0.0,0.0,SandP500,GPN
2009-11-09 00:00:00-05:00,25.04879879038586,25.51935395041375,25.04879879038586,25.276947021484375,1509000,0.0,0.0,SandP500,GPN
2009-11-10 00:00:00-05:00,25.248418539969233,25.766505524429814,25.248418539969233,25.604900360107422,1493200,0.0,0.0,SandP500,GPN
2009-11-11 00:00:00-05:00,25.714227428915514,25.82830243663236,25.509844324411688,25.585895538330078,940000,0.0,0.0,SandP500,GPN
2009-11-12 00:00:00-05:00,25.51457522617591,25.562123094191577,25.153206713286107,25.238794326782227,807400,0.01,0.0,SandP500,GPN
2009-11-13 00:00:00-05:00,25.286340074040066,25.400455673240785,24.91546165588561,25.219772338867188,1068200,0.0,0.0,SandP500,GPN
2009-11-16 00:00:00-05:00,25.257801819991144,25.666719843675306,25.257801819991144,25.614416122436523,959400,0.0,0.0,SandP500,GPN
2009-11-17 00:00:00-05:00,25.604914239922742,25.700011779905864,25.48128870762898,25.56212043762207,1029400,0.0,0.0,SandP500,GPN
2009-11-18 00:00:00-05:00,25.56211435416411,25.61441807939894,24.668202407032673,24.672956466674805,2322000,0.0,0.0,SandP500,GPN
2009-11-19 00:00:00-05:00,24.492277976451923,24.535071780119825,23.64591365261425,23.698217391967773,3739200,0.0,0.0,SandP500,GPN
2009-11-20 00:00:00-05:00,23.61738490510479,23.826599871904897,23.50802336056603,23.712482452392578,1631200,0.0,0.0,SandP500,GPN
2009-11-23 00:00:00-05:00,23.926446482834994,24.52080376194722,23.926446482834994,24.4589900970459,1720400,0.0,0.0,SandP500,GPN
2009-11-24 00:00:00-05:00,24.449477484543614,24.882171277617932,24.249774331279408,24.7537899017334,1836800,0.0,0.0,SandP500,GPN
2009-11-25 00:00:00-05:00,24.72527047233706,25.081884950303458,24.620662978373037,24.848896026611328,796400,0.0,0.0,SandP500,GPN
2009-11-27 00:00:00-05:00,24.26880348135832,24.568358325847846,24.083364249864335,24.35439109802246,573200,0.0,0.0,SandP500,GPN
2009-11-30 00:00:00-05:00,24.420958955072486,24.454242826837575,24.13091223211816,24.373409271240234,859600,0.0,0.0,SandP500,GPN
2009-12-01 00:00:00-05:00,24.630166042316993,24.65393997144689,24.482766593410936,24.53506851196289,886800,0.0,0.0,SandP500,GPN
2009-12-02 00:00:00-05:00,24.487519405289216,24.58737099084489,24.116641051034186,24.121395111083984,1588200,0.0,0.0,SandP500,GPN
2009-12-03 00:00:00-05:00,24.121406741461485,24.230768313680965,23.81709596418375,23.840869903564453,1209600,0.0,0.0,SandP500,GPN
2009-12-04 00:00:00-05:00,24.08811337854969,24.325856306412923,23.84086051591177,24.24026870727539,1744600,0.0,0.0,SandP500,GPN
2009-12-07 00:00:00-05:00,24.24026860172546,24.397179804072557,24.073849278479674,24.230758666992188,1006800,0.0,0.0,SandP500,GPN
2009-12-08 00:00:00-05:00,24.149925649038916,24.192719446129303,23.63164602375954,24.09762191772461,1005200,0.0,0.0,SandP500,GPN
2009-12-09 00:00:00-05:00,24.012034640216697,24.183209830835725,23.683950067419904,24.12615203857422,1162000,0.0,0.0,SandP500,GPN
2009-12-10 00:00:00-05:00,24.306841317156927,24.497036423168456,24.216499639410674,24.24502944946289,772400,0.0,0.0,SandP500,GPN
2009-12-11 00:00:00-05:00,24.297324139858738,24.392421664525397,24.05007311509361,24.102375030517578,1218000,0.0,0.0,SandP500,GPN
2009-12-14 00:00:00-05:00,24.178453283771052,24.449480056762695,24.054827768339646,24.449480056762695,1090800,0.0,0.0,SandP500,GPN
2009-12-15 00:00:00-05:00,24.44473264389017,24.70624955391143,24.159441799109697,24.63492774963379,994600,0.0,0.0,SandP500,GPN
2009-12-16 00:00:00-05:00,24.78232193314163,25.210259922622384,24.65869641053306,24.872665405273438,1097800,0.0,0.0,SandP500,GPN
2009-12-17 00:00:00-05:00,24.772816345210238,24.863159833193958,24.530319317845002,24.53982925415039,639200,0.0,0.0,SandP500,GPN
2009-12-18 00:00:00-05:00,24.63016502460911,24.825114137554266,24.416196043612118,24.810850143432617,1199200,0.0,0.0,SandP500,GPN
2009-12-21 00:00:00-05:00,24.87742708129961,25.172227889946647,24.806103456607286,24.972524642944336,672800,0.0,0.0,SandP500,GPN
2009-12-22 00:00:00-05:00,25.091388596797813,25.110408466174686,24.891683596009788,25.081878662109375,1189000,0.0,0.0,SandP500,GPN
2009-12-23 00:00:00-05:00,25.167467855260487,25.419474792052004,24.977272777108784,25.143693923950195,949000,0.0,0.0,SandP500,GPN
2009-12-24 00:00:00-05:00,25.22452135500011,25.419470460661334,25.22452135500011,25.386186599731445,192000,0.0,0.0,SandP500,GPN
2009-12-28 00:00:00-05:00,25.48604178906185,25.490797663487346,25.276828660206085,25.357662200927734,521600,0.0,0.0,SandP500,GPN
2009-12-29 00:00:00-05:00,25.38618396095408,25.486035533364635,25.281576515285394,25.409957885742188,1011200,0.0,0.0,SandP500,GPN
2009-12-30 00:00:00-05:00,25.31486843337937,25.77608849235035,25.31486843337937,25.747560501098633,1470600,0.0,0.0,SandP500,GPN
2009-12-31 00:00:00-05:00,25.837901727024256,25.923489327004134,25.5906488619529,25.609668731689453,817000,0.0,0.0,SandP500,GPN
2010-01-04 00:00:00-05:00,25.78085282670246,25.913988333124262,24.943996407903374,25.043848037719727,2533400,0.0,0.0,SandP500,GPN
2010-01-05 00:00:00-05:00,24.963005384776004,25.091386772986414,24.806094194574023,24.991535186767578,1288600,0.0,0.0,SandP500,GPN
2010-01-06 00:00:00-05:00,25.02005933268709,25.081872987259118,24.744278544456964,24.901187896728516,1628200,0.0,0.0,SandP500,GPN
2010-01-07 00:00:00-05:00,24.901194980403865,24.91546079018434,24.620658239183612,24.744285583496094,2467800,0.0,0.0,SandP500,GPN
2010-01-08 00:00:00-05:00,23.393899776283448,23.65066252223982,22.937433881583825,23.28453826904297,6437000,0.0,0.0,SandP500,GPN
2010-01-11 00:00:00-05:00,23.2655273427338,23.28454721577961,22.53327855498453,22.73773765563965,4421000,0.0,0.0,SandP500,GPN
2010-01-12 00:00:00-05:00,22.680672972066898,22.751994753606837,22.442930072598344,22.713956832885742,2311200,0.0,0.0,SandP500,GPN
2010-01-13 00:00:00-05:00,22.699689243208937,22.818560674111335,22.485720304817804,22.732973098754883,2179600,0.0,0.0,SandP500,GPN
2010-01-14 00:00:00-05:00,22.614110101014603,22.78528350172671,22.324063411236263,22.338327407836914,2981600,0.0,0.0,SandP500,GPN
2010-01-15 00:00:00-05:00,22.347834982826065,22.442932515732664,22.062544197940838,22.100582122802734,2340800,0.0,0.0,SandP500,GPN
2010-01-19 00:00:00-05:00,22.1433791077689,22.26225058754599,22.014997691949468,22.233720779418945,2058600,0.0,0.0,SandP500,GPN
2010-01-20 00:00:00-05:00,22.062542317296113,22.228961625320895,21.853327399968475,22.20043182373047,2188000,0.0,0.0,SandP500,GPN
2010-01-21 00:00:00-05:00,22.23847342142794,22.35734488392403,21.758231697196393,21.810535430908203,3046800,0.0,0.0,SandP500,GPN
2010-01-22 00:00:00-05:00,21.815295873823395,21.919901549319484,21.577552899041905,21.58706283569336,2421200,0.0,0.0,SandP500,GPN
2010-01-25 00:00:00-05:00,21.782007620824068,21.782007620824068,21.34931556631485,21.539508819580078,2003600,0.0,0.0,SandP500,GPN
2010-01-26 00:00:00-05:00,21.453922900529484,21.677401849794133,21.34931723788549,21.510982513427734,1948000,0.0,0.0,SandP500,GPN
2010-01-27 00:00:00-05:00,21.401617500742145,21.658380297345893,21.373089510342567,21.639360427856445,2506200,0.0,0.0,SandP500,GPN
2010-01-28 00:00:00-05:00,22.286023330193718,22.295533265728036,21.51098262941161,21.530000686645508,2522200,0.0,0.0,SandP500,GPN
2010-01-29 00:00:00-05:00,21.544270581644934,21.544270581644934,21.15912628173828,21.15912628173828,2063200,0.0,0.0,SandP500,GPN
2010-02-01 00:00:00-05:00,21.25421475129632,21.396860122680664,20.945148268434988,21.396860122680664,1520200,0.0,0.0,SandP500,GPN
2010-02-02 00:00:00-05:00,21.36357588427168,21.634602629245595,21.2779883001921,21.549015045166016,1491200,0.0,0.0,SandP500,GPN
2010-02-03 00:00:00-05:00,21.40637884264469,21.658385829326352,21.40637884264469,21.52049446105957,1595200,0.0,0.0,SandP500,GPN
2010-02-04 00:00:00-05:00,22.057794005827137,22.057794005827137,21.444416665098395,21.501476287841797,2590600,0.0,0.0,SandP500,GPN
2010-02-05 00:00:00-05:00,21.472937469958357,21.658376631507043,21.282742434924984,21.45867347717285,2548200,0.0,0.0,SandP500,GPN
2010-02-08 00:00:00-05:00,21.420632031442533,21.568033262496183,21.23519288472499,21.387348175048828,1417800,0.0,0.0,SandP500,GPN
2010-02-09 00:00:00-05:00,21.615585433155363,21.729702830636167,21.42063631507797,21.62509536743164,1079600,0.0,0.0,SandP500,GPN
2010-02-10 00:00:00-05:00,21.548987851937778,21.639371083078146,21.406279683640072,21.501419067382812,740400,0.01,0.0,SandP500,GPN
2010-02-11 00:00:00-05:00,21.52044289833749,21.74401831750309,21.306379782427918,21.686935424804688,697000,0.0,0.0,SandP500,GPN
2010-02-12 00:00:00-05:00,21.558505174355467,21.563263142297462,21.0447553292381,21.163679122924805,2655000,0.0,0.0,SandP500,GPN
2010-02-16 00:00:00-05:00,21.277843520130627,21.320656155568837,21.08280858416389,21.211246490478516,2835400,0.0,0.0,SandP500,GPN
2010-02-17 00:00:00-05:00,21.211244475695626,21.306383858147235,20.716521138653487,20.78787612915039,3589800,0.0,0.0,SandP500,GPN
2010-02-18 00:00:00-05:00,20.71176684221241,20.973398806426044,20.687982448126252,20.854475021362305,2535000,0.0,0.0,SandP500,GPN
2010-02-19 00:00:00-05:00,20.773606502814825,20.854475622598766,20.61187189251295,20.735551834106445,2136000,0.0,0.0,SandP500,GPN
2010-02-22 00:00:00-05:00,20.77360193848046,20.806902261403994,20.445373007627342,20.464401245117188,1924400,0.0,0.0,SandP500,GPN
2010-02-23 00:00:00-05:00,20.388294265262857,20.516732172548185,20.217043722215752,20.321697235107422,2873000,0.0,0.0,SandP500,GPN
2010-02-24 00:00:00-05:00,20.369267542732405,20.54527425192902,20.278886111444006,20.497705459594727,1398400,0.0,0.0,SandP500,GPN
2010-02-25 00:00:00-05:00,20.33596251548999,20.502455049997714,20.217038758089462,20.42634391784668,1431000,0.0,0.0,SandP500,GPN
2010-02-26 00:00:00-05:00,20.464401292928436,20.47391541169559,20.250338157249065,20.364505767822266,1969800,0.0,0.0,SandP500,GPN
2010-03-01 00:00:00-05:00,20.44061703427251,20.844957103987337,20.44061703427251,20.8211727142334,2413000,0.0,0.0,SandP500,GPN
2010-03-02 00:00:00-05:00,20.811662137571965,20.878259166070926,20.488189300891637,20.697494506835938,1795000,0.0,0.0,SandP500,GPN
2010-03-03 00:00:00-05:00,20.65943504302277,20.668949161261217,20.359746669725418,20.369260787963867,1580200,0.0,0.0,SandP500,GPN
2010-03-04 00:00:00-05:00,20.354996259422286,20.454891807154606,20.23607246984581,20.335968017578125,1300000,0.0,0.0,SandP500,GPN
2010-03-05 00:00:00-05:00,20.412081950219655,20.825936286210904,20.354999031546132,20.764097213745117,1486400,0.0,0.0,SandP500,GPN
2010-03-08 00:00:00-05:00,20.76408245418143,20.963873434839595,20.745054223271516,20.91154670715332,916800,0.0,0.0,SandP500,GPN
2010-03-09 00:00:00-05:00,20.963878806933817,21.60606634033523,20.94009441951755,21.42054557800293,2737200,0.0,0.0,SandP500,GPN
2010-03-10 00:00:00-05:00,21.95333165760455,21.95333165760455,21.501420907133777,21.601316452026367,2272400,0.0,0.0,SandP500,GPN
2010-03-11 00:00:00-05:00,21.577529322202896,21.577529322202896,21.296869149776352,21.529958724975586,1322800,0.0,0.0,SandP500,GPN
2010-03-12 00:00:00-05:00,21.563259939010518,21.62985696324059,21.311140299897332,21.501419067382812,1298600,0.0,0.0,SandP500,GPN
2010-03-15 00:00:00-04:00,21.420550288717113,21.491905281290435,21.097077467748313,21.225515365600586,1133400,0.0,0.0,SandP500,GPN
2010-03-16 00:00:00-04:00,21.225515862888038,21.411036670365785,21.12562032265123,21.406280517578125,781400,0.0,0.0,SandP500,GPN
2010-03-17 00:00:00-04:00,21.439579662542457,22.029442430396617,21.439579662542457,21.910518646240234,1786800,0.0,0.0,SandP500,GPN
2010-03-18 00:00:00-04:00,21.891488910800696,22.172149094835298,21.891488910800696,22.091279983520508,1018600,0.0,0.0,SandP500,GPN
2010-03-19 00:00:00-04:00,21.891489028930664,22.324371503458977,21.758294979732053,21.891489028930664,1747000,0.0,0.0,SandP500,GPN
2010-03-22 00:00:00-04:00,21.829647792830578,22.24350202067498,21.767806921891548,22.233989715576172,930000,0.0,0.0,SandP500,GPN
2010-03-23 00:00:00-04:00,22.276790013348887,22.276790013348887,21.891476543398042,22.062726974487305,972800,0.0,0.0,SandP500,GPN
2010-03-24 00:00:00-04:00,21.962834566947087,21.962834566947087,21.396758240115368,21.458599090576172,1634800,0.0,0.0,SandP500,GPN
2010-03-25 00:00:00-04:00,21.6108300415695,21.7345099777351,21.40152483627659,21.620344161987305,1335400,0.0,0.0,SandP500,GPN
2010-03-26 00:00:00-04:00,21.587034986603573,21.71547282686265,21.582277021428038,21.691686630249023,1681600,0.0,0.0,SandP500,GPN
2010-03-29 00:00:00-04:00,21.696451388075058,21.829645420577574,21.6298543718238,21.820131301879883,1008800,0.0,0.0,SandP500,GPN
2010-03-30 00:00:00-04:00,21.86294064998045,22.176899261390474,21.86294064998045,22.034191131591797,2114400,0.0,0.0,SandP500,GPN
2010-03-31 00:00:00-04:00,22.034198915366975,22.200691489841688,21.577532012836656,21.66791343688965,3135000,0.0,0.0,SandP500,GPN
2010-04-01 00:00:00-04:00,22.9475261665097,23.290025311187666,21.648877300669028,21.710718154907227,7231600,0.0,0.0,SandP500,GPN
2010-04-05 00:00:00-04:00,21.772569355838378,21.772569355838378,21.16368008516103,21.258817672729492,4005200,0.0,0.0,SandP500,GPN
2010-04-06 00:00:00-04:00,21.21124638316072,21.615586526650194,21.049509962838336,21.510934829711914,2748400,0.0,0.0,SandP500,GPN
2010-04-07 00:00:00-04:00,21.425309168864988,21.47287795618534,20.921071675957833,21.030481338500977,3634800,0.0,0.0,SandP500,GPN
2010-04-08 00:00:00-04:00,20.88302101951769,20.97815861242914,20.687986050636,20.764097213745117,2802800,0.0,0.0,SandP500,GPN
2010-04-09 00:00:00-04:00,20.71652230119731,20.745064661924335,20.407321559169226,20.583328247070312,1893400,0.0,0.0,SandP500,GPN
2010-04-12 00:00:00-04:00,20.48818280162064,20.916309012779177,20.48818280162064,20.89252281188965,2554400,0.0,0.0,SandP500,GPN
2010-04-13 00:00:00-04:00,20.844963955943435,20.873506321809906,20.616630472911318,20.71652603149414,2185200,0.0,0.0,SandP500,GPN
2010-04-14 00:00:00-04:00,20.849720625218097,21.06853997266142,20.72128270877099,21.05426788330078,2762800,0.0,0.0,SandP500,GPN
2010-04-15 00:00:00-04:00,21.3063848830007,21.734509402676878,21.282600489901945,21.705968856811523,3820800,0.0,0.0,SandP500,GPN
2010-04-16 00:00:00-04:00,21.644124642554043,22.096035300215206,21.59655586369817,21.820131301879883,5495000,0.0,0.0,SandP500,GPN
2010-04-19 00:00:00-04:00,21.753534548655647,21.82488953243482,21.387249140212287,21.810617446899414,3900000,0.0,0.0,SandP500,GPN
2010-04-20 00:00:00-04:00,21.867706924742034,21.901005440526017,21.491907315599327,21.58228874206543,2938200,0.0,0.0,SandP500,GPN
2010-04-21 00:00:00-04:00,21.644122301420445,21.705963158950148,21.258808701687933,21.639366149902344,2796800,0.0,0.0,SandP500,GPN
2010-04-22 00:00:00-04:00,21.501418181271937,21.60131371350018,21.315897388667274,21.529958724975586,2485400,0.0,0.0,SandP500,GPN
2010-04-23 00:00:00-04:00,21.529958393191443,21.853431190821368,21.401522319238797,21.839160919189453,2326600,0.0,0.0,SandP500,GPN
2010-04-26 00:00:00-04:00,21.786832042935732,21.89148553037119,21.539470409218072,21.54898452758789,2158200,0.0,0.0,SandP500,GPN
2010-04-27 00:00:00-04:00,21.520449059158132,21.644128997850203,21.163677702050713,21.211246490478516,2835600,0.0,0.0,SandP500,GPN
2010-04-28 00:00:00-04:00,21.28735515829191,21.40152277769099,21.08756409263445,21.130374908447266,1642200,0.0,0.0,SandP500,GPN
2010-04-29 00:00:00-04:00,21.182697859392416,21.206484061199493,20.935336240584675,21.06377410888672,2200200,0.0,0.0,SandP500,GPN
2010-04-30 00:00:00-04:00,21.016207478994925,21.24454088550872,20.345477530287965,20.364505767822266,3140800,0.0,0.0,SandP500,GPN
2010-05-03 00:00:00-04:00,20.359743160914622,20.69748613432643,20.269361775174506,20.55953598022461,2612200,0.0,0.0,SandP500,GPN
2010-05-04 00:00:00-04:00,20.426353484655316,20.43586760745926,20.150451181874466,20.393054962158203,2260600,0.0,0.0,SandP500,GPN
2010-05-05 00:00:00-04:00,20.126665962020716,20.516735907920182,20.126665962020716,20.45489501953125,2705200,0.0,0.0,SandP500,GPN
2010-05-06 00:00:00-04:00,20.359754774738427,21.163680846913365,19.86027516349338,20.416837692260742,6863200,0.0,0.0,SandP500,GPN
2010-05-07 00:00:00-04:00,20.459633736974208,20.459633736974208,19.122932432760567,19.256126403808594,5665800,0.0,0.0,SandP500,GPN
2010-05-10 00:00:00-04:00,20.012493791285184,20.012493791285184,19.574855146703097,19.79367446899414,3078200,0.0,0.0,SandP500,GPN
2010-05-11 00:00:00-04:00,19.60816005096729,19.76989651898923,19.53680503300951,19.574861526489258,2409400,0.0,0.0,SandP500,GPN
2010-05-12 00:00:00-04:00,19.66048380461522,19.98871284464942,19.66048380461522,19.969684600830078,1801200,0.0,0.0,SandP500,GPN
2010-05-13 00:00:00-04:00,19.955400933652097,20.536026102301825,19.860216211914796,20.398008346557617,4655000,0.01,0.0,SandP500,GPN
2010-05-14 00:00:00-04:00,20.112456324571085,20.288548713974013,19.669850679998145,19.80310821533203,3894400,0.0,0.0,SandP500,GPN
2010-05-17 00:00:00-04:00,19.817380473878003,20.183840422490693,19.769789027251864,20.15052604675293,3706800,0.0,0.0,SandP500,GPN
2010-05-18 00:00:00-04:00,20.298074010117194,20.497960378519615,20.102946062891725,20.231443405151367,4040200,0.0,0.0,SandP500,GPN
2010-05-19 00:00:00-04:00,20.126722285273225,20.436070195791068,19.888761516184147,20.14575958251953,3694800,0.0,0.0,SandP500,GPN
2010-05-20 00:00:00-04:00,19.784068787324774,20.017271264684876,19.455683403774486,19.52231216430664,4786200,0.0,0.0,SandP500,GPN
2010-05-21 00:00:00-04:00,19.403331962113977,20.012511283844116,19.14633375494748,20.002992630004883,4205200,0.0,0.0,SandP500,GPN
2010-05-24 00:00:00-04:00,19.91732333671504,20.007749625800656,19.650808334350586,19.650808334350586,2557200,0.0,0.0,SandP500,GPN
2010-05-25 00:00:00-04:00,19.30339388142641,19.627020934825424,19.122543042056826,19.598464965820312,3276600,0.0,0.0,SandP500,GPN
2010-05-26 00:00:00-04:00,19.712688977764547,19.950649985118527,19.522321261180405,19.61750602722168,3301600,0.0,0.0,SandP500,GPN
2010-05-27 00:00:00-04:00,19.922089555118735,20.131494522094727,19.826904819039527,20.131494522094727,1838000,0.0,0.0,SandP500,GPN
2010-05-28 00:00:00-04:00,20.03631048222084,20.283790078426872,19.96492328930431,20.079143524169922,2111200,0.0,0.0,SandP500,GPN
2010-06-01 00:00:00-04:00,19.979202487371914,20.06962700087202,19.707927131373506,19.722204208374023,2912000,0.0,0.0,SandP500,GPN
2010-06-02 00:00:00-04:00,19.779309242941164,19.82690069332871,19.422367918542186,19.788827896118164,1654800,0.0,0.0,SandP500,GPN
2010-06-03 00:00:00-04:00,19.85546078451264,20.164808907397774,19.74123873811802,20.131494522094727,1828800,0.0,0.0,SandP500,GPN
2010-06-04 00:00:00-04:00,19.788829785482168,19.936364385068092,19.389055391366437,19.450923919677734,1495200,0.0,0.0,SandP500,GPN
2010-06-07 00:00:00-04:00,19.436650088631932,19.55087214121799,19.051152703589164,19.065431594848633,1445600,0.0,0.0,SandP500,GPN
2010-06-08 00:00:00-04:00,19.155855943422235,19.189170330257916,18.894099268785613,19.0844669342041,1415600,0.0,0.0,SandP500,GPN
2010-06-09 00:00:00-04:00,19.160615578057694,19.43189274098404,18.979766556770844,19.036876678466797,1412400,0.0,0.0,SandP500,GPN
2010-06-10 00:00:00-04:00,19.289119479023817,19.76980175059029,19.227250921692278,19.74600601196289,1511400,0.0,0.0,SandP500,GPN
2010-06-11 00:00:00-04:00,19.550866511321424,19.82690018437893,19.498514827940493,19.784067153930664,1231000,0.0,0.0,SandP500,GPN
2010-06-14 00:00:00-04:00,19.960158387833285,20.041066032822826,19.72219750274253,19.73171615600586,862600,0.0,0.0,SandP500,GPN
2010-06-15 00:00:00-04:00,19.80311117390776,20.317105898056,19.76503654926817,20.293310165405273,1157200,0.0,0.0,SandP500,GPN
2010-06-16 00:00:00-04:00,20.264753820253787,20.40753001621116,20.198123234342372,20.25047492980957,1398000,0.0,0.0,SandP500,GPN
2010-06-17 00:00:00-04:00,20.255233764648438,20.355176913358605,20.188603183343954,20.255233764648438,713800,0.0,0.0,SandP500,GPN
2010-06-18 00:00:00-04:00,20.226678153432296,20.340900193588332,20.141012077189707,20.279029846191406,643000,0.0,0.0,SandP500,GPN
2010-06-21 00:00:00-04:00,20.393250302758855,20.393250302758855,18.24684358371088,18.50860023498535,8140400,0.0,0.0,SandP500,GPN
2010-06-22 00:00:00-04:00,18.484801140037987,18.99879569424945,18.384858006649292,18.751317977905273,3561800,0.0,0.0,SandP500,GPN
2010-06-23 00:00:00-04:00,18.794147623781765,18.794147623781765,18.48479781082106,18.518112182617188,2010800,0.0,0.0,SandP500,GPN
2010-06-24 00:00:00-04:00,18.465769814748274,18.541917248016386,18.127865693089653,18.156421661376953,1657800,0.0,0.0,SandP500,GPN
2010-06-25 00:00:00-04:00,18.161164877646954,18.484791651979478,18.051703147431024,18.394367218017578,1966200,0.0,0.0,SandP500,GPN
2010-06-28 00:00:00-04:00,18.413424764640894,18.470536721843526,18.24209433952901,18.365833282470703,897400,0.0,0.0,SandP500,GPN
2010-06-29 00:00:00-04:00,18.146896838657987,18.16117391020104,17.60910475273518,17.69477081298828,1565600,0.0,0.0,SandP500,GPN
2010-06-30 00:00:00-04:00,17.6233812206386,17.71380751197368,17.342587325092897,17.390180587768555,2489800,0.0,0.0,SandP500,GPN
2010-07-01 00:00:00-04:00,17.41398874772375,17.44730314763984,16.93806667406691,17.1807861328125,2630000,0.0,0.0,SandP500,GPN
2010-07-02 00:00:00-04:00,17.294999912311916,17.342591370591876,17.042761915532157,17.214092254638672,875800,0.0,0.0,SandP500,GPN
2010-07-06 00:00:00-04:00,17.494880285754938,17.571027682491195,17.14269925666118,17.252161026000977,1403400,0.0,0.0,SandP500,GPN
2010-07-07 00:00:00-04:00,17.228369531621894,17.823271781916176,17.228369531621894,17.813753128051758,1150200,0.0,0.0,SandP500,GPN
2010-07-08 00:00:00-04:00,17.83279403572464,17.92797696258843,17.485371269277515,17.65194320678711,1416600,0.0,0.0,SandP500,GPN
2010-07-09 00:00:00-04:00,17.675729796952126,17.92320927290182,17.613859474090447,17.8946533203125,941000,0.0,0.0,SandP500,GPN
2010-07-12 00:00:00-04:00,17.823273915578916,17.947012799634237,17.761403565802354,17.875625610351562,847200,0.0,0.0,SandP500,GPN
2010-07-13 00:00:00-04:00,17.98033411237759,18.2516095302717,17.98033411237759,18.208776473999023,1216200,0.0,0.0,SandP500,GPN
2010-07-14 00:00:00-04:00,18.189735475890718,18.294437058643705,18.118346465174536,18.270641326904297,679600,0.0,0.0,SandP500,GPN
2010-07-15 00:00:00-04:00,18.204015317844373,18.25636702492443,17.956535676055722,18.199256896972656,966000,0.0,0.0,SandP500,GPN
2010-07-16 00:00:00-04:00,18.09454221210075,18.104060863413448,17.57578751628984,17.58530616760254,1073400,0.0,0.0,SandP500,GPN
2010-07-19 00:00:00-04:00,17.675739571754722,17.789961629780535,17.585315061795384,17.71857261657715,673000,0.0,0.0,SandP500,GPN
2010-07-20 00:00:00-04:00,17.523440599522967,17.81375318914178,17.356868695068368,17.794715881347656,1109600,0.0,0.0,SandP500,GPN
2010-07-21 00:00:00-04:00,17.8470675700327,17.91845656651187,17.6043482498992,17.794715881347656,1283000,0.0,0.0,SandP500,GPN
2010-07-22 00:00:00-04:00,17.980324153128183,18.49907896265002,17.980324153128183,18.46100616455078,1437200,0.0,0.0,SandP500,GPN
2010-07-23 00:00:00-04:00,18.3943723605793,18.898848143873206,18.35153933978104,18.884571075439453,1560800,0.0,0.0,SandP500,GPN
2010-07-26 00:00:00-04:00,18.936929090312724,19.07970526896686,18.85602143926023,19.070186614990234,1317200,0.0,0.0,SandP500,GPN
2010-07-27 00:00:00-04:00,19.174893189036702,19.30339231589113,18.9274135908909,19.00356101989746,1599400,0.0,0.0,SandP500,GPN
2010-07-28 00:00:00-04:00,16.80003171480021,17.404452350193317,16.471646472238803,17.394933700561523,9337600,0.0,0.0,SandP500,GPN
2010-07-29 00:00:00-04:00,17.42825824052563,17.870865721550395,17.418739585337182,17.79947853088379,3220600,0.0,0.0,SandP500,GPN
2010-07-30 00:00:00-04:00,17.594833579516692,17.985089400163165,17.494888598718543,17.956533432006836,2133000,0.0,0.0,SandP500,GPN
2010-08-02 00:00:00-04:00,18.118345207739974,18.37058321456841,17.970808776398112,18.337268829345703,2133600,0.0,0.0,SandP500,GPN
2010-08-03 00:00:00-04:00,18.24683916512645,18.3229865691576,18.14213580377212,18.22304344177246,1635800,0.0,0.0,SandP500,GPN
2010-08-04 00:00:00-04:00,18.308716303688836,18.31823495966803,18.099309503142592,18.194494247436523,2423400,0.0,0.0,SandP500,GPN
2010-08-05 00:00:00-04:00,18.12310727279078,18.25636482713547,18.03268094763001,18.156421661376953,974000,0.0,0.0,SandP500,GPN
2010-08-06 00:00:00-04:00,18.03744769829959,18.40866634262334,17.961300237528086,18.365833282470703,1149200,0.0,0.0,SandP500,GPN
2010-08-09 00:00:00-04:00,18.461012504451155,18.660898847986722,18.427698113861894,18.62758445739746,907600,0.0,0.0,SandP500,GPN
2010-08-10 00:00:00-04:00,18.43245061949094,18.55619130096975,18.2658787199974,18.46576499938965,907200,0.0,0.0,SandP500,GPN
2010-08-11 00:00:00-04:00,18.270634668448793,18.284911739189784,17.989840779059747,18.042192459106445,1505000,0.0,0.0,SandP500,GPN
2010-08-12 00:00:00-04:00,17.90417507149473,17.999359781111124,17.65669555269104,17.847064971923828,1285600,0.0,0.0,SandP500,GPN
2010-08-13 00:00:00-04:00,17.77087436406228,17.85658612276884,17.670877917726582,17.70897102355957,876400,0.01,0.0,SandP500,GPN
2010-08-16 00:00:00-04:00,17.632791563783513,17.880403229651165,17.55660349862937,17.785167694091797,541600,0.0,0.0,SandP500,GPN
2010-08-17 00:00:00-04:00,17.875649098300116,18.108974342254434,17.847077881778844,17.961360931396484,793400,0.0,0.0,SandP500,GPN
2010-08-18 00:00:00-04:00,17.92802019389265,18.166108101825,17.82802189204646,18.089920043945312,520600,0.0,0.0,SandP500,GPN
2010-08-19 00:00:00-04:00,18.013723492064994,18.013723492064994,17.761349193461335,17.90420150756836,701200,0.0,0.0,SandP500,GPN
2010-08-20 00:00:00-04:00,17.866110970448876,18.075627606795326,17.694687442317242,18.042295455932617,852600,0.0,0.0,SandP500,GPN
2010-08-23 00:00:00-04:00,18.070872340889043,18.156584131949906,17.83754539489746,17.83754539489746,469800,0.0,0.0,SandP500,GPN
2010-08-24 00:00:00-04:00,17.61850795160353,17.908975535494395,17.52327241019338,17.808979034423828,1698400,0.0,0.0,SandP500,GPN
2010-08-25 00:00:00-04:00,17.73278957988528,17.999446895250934,17.6946946397092,17.947067260742188,898000,0.0,0.0,SandP500,GPN
2010-08-26 00:00:00-04:00,18.04230311260448,18.066111542400648,17.908974452572522,17.98992347717285,752000,0.0,0.0,SandP500,GPN
2010-08-27 00:00:00-04:00,18.113723976524238,18.261337280273438,17.88039708540531,18.261337280273438,667200,0.0,0.0,SandP500,GPN
2010-08-30 00:00:00-04:00,18.208963111082525,18.375623911931676,18.047063268914854,18.06134796142578,925400,0.0,0.0,SandP500,GPN
2010-08-31 00:00:00-04:00,17.99467939973697,18.14229269813474,17.804208400974993,17.91849136352539,1099200,0.0,0.0,SandP500,GPN
2010-09-01 00:00:00-04:00,18.142291446174266,18.470853805541992,18.113722069857726,18.470853805541992,1183400,0.0,0.0,SandP500,GPN
2010-09-02 00:00:00-04:00,18.389905881886115,18.623232784998248,18.36609745907048,18.599424362182617,641800,0.0,0.0,SandP500,GPN
2010-09-03 00:00:00-04:00,18.92799057537996,18.92799057537996,18.67085517312089,18.80894660949707,627200,0.0,0.0,SandP500,GPN
2010-09-07 00:00:00-04:00,18.7375137466799,18.751800253394023,18.48038023988637,18.499425888061523,685200,0.0,0.0,SandP500,GPN
2010-09-08 00:00:00-04:00,18.499428657472766,18.713708125600725,18.48038300644643,18.580379486083984,669800,0.0,0.0,SandP500,GPN
2010-09-09 00:00:00-04:00,18.79466447529933,18.942277850565088,18.656573020110645,18.842281341552734,670000,0.0,0.0,SandP500,GPN
2010-09-10 00:00:00-04:00,18.904180947373312,19.04227237499743,18.813706376497752,18.994653701782227,460200,0.0,0.0,SandP500,GPN
2010-09-13 00:00:00-04:00,19.137505854811153,19.36130907502318,19.104173692200845,19.308929443359375,739400,0.0,0.0,SandP500,GPN
2010-09-14 00:00:00-04:00,19.2422673912376,19.38035883348833,19.199411489037956,19.247028350830078,532400,0.0,0.0,SandP500,GPN
2010-09-15 00:00:00-04:00,19.161314526936685,19.399402421167444,19.085126473441502,19.351783752441406,880000,0.0,0.0,SandP500,GPN
2010-09-16 00:00:00-04:00,19.266071588665913,19.523206945361647,19.266071588665913,19.466066360473633,820800,0.0,0.0,SandP500,GPN
2010-09-17 00:00:00-04:00,19.56129975858839,19.66605718344662,19.413684629128113,19.418445587158203,963000,0.0,0.0,SandP500,GPN
2010-09-20 00:00:00-04:00,19.508914403726582,19.69938354887237,19.27558756657578,19.68033790588379,955400,0.0,0.0,SandP500,GPN
2010-09-21 00:00:00-04:00,19.63272829796874,19.689868886178708,19.442259065113333,19.4851131439209,873800,0.0,0.0,SandP500,GPN
2010-09-22 00:00:00-04:00,19.442262335588577,19.61844690514497,19.36607244987029,19.39940643310547,432000,0.0,0.0,SandP500,GPN
2010-09-23 00:00:00-04:00,19.25178630294567,19.52320634337776,19.13750332022703,19.223215103149414,885600,0.0,0.0,SandP500,GPN
2010-09-24 00:00:00-04:00,19.308931160861544,19.761298600553104,19.308931160861544,19.723203659057617,800400,0.0,0.0,SandP500,GPN
2010-09-27 00:00:00-04:00,19.76605456018631,20.00890520962403,19.5898700415025,19.961286544799805,905800,0.0,0.0,SandP500,GPN
2010-09-28 00:00:00-04:00,20.02319066036738,20.046999085449443,19.713677501367805,19.99462127685547,841400,0.0,0.0,SandP500,GPN
2010-09-29 00:00:00-04:00,19.880335590953806,20.266038564131264,19.85176439485935,20.223182678222656,926800,0.0,0.0,SandP500,GPN
2010-09-30 00:00:00-04:00,20.304131884847536,20.561267202946706,20.175564225797952,20.423175811767578,1430600,0.0,0.0,SandP500,GPN
2010-10-01 00:00:00-04:00,20.594602407348738,20.72317008543995,19.789865996110887,20.03271484375,1941400,0.0,0.0,SandP500,GPN
2010-10-04 00:00:00-04:00,20.01842997139785,20.10890271451406,19.599394781740813,19.832721710205078,949400,0.0,0.0,SandP500,GPN
2010-10-05 00:00:00-04:00,19.999378086012587,20.032710237505327,19.77081398300551,19.95176124572754,1129200,0.0,0.0,SandP500,GPN
2010-10-06 00:00:00-04:00,19.927958999452834,20.023194534674687,19.77082191033351,19.88986587524414,516000,0.0,0.0,SandP500,GPN
2010-10-07 00:00:00-04:00,19.99937629971798,19.99937629971798,19.82319182664043,19.894617080688477,597000,0.0,0.0,SandP500,GPN
2010-10-08 00:00:00-04:00,19.899386886851186,20.089856114759268,19.76605642920238,20.013668060302734,591600,0.0,0.0,SandP500,GPN
2010-10-11 00:00:00-04:00,20.10413910162974,20.356511647214923,19.99937986393045,20.161279678344727,868400,0.0,0.0,SandP500,GPN
2010-10-12 00:00:00-04:00,18.532757236485043,18.7137045097715,17.942300390026677,18.523235321044922,9053600,0.0,0.0,SandP500,GPN
2010-10-13 00:00:00-04:00,18.54228527693449,18.594664906356886,18.280388946289065,18.456573486328125,2535400,0.0,0.0,SandP500,GPN
2010-10-14 00:00:00-04:00,18.40420063510921,18.64704956298781,18.337534478301652,18.375629425048828,1386400,0.0,0.0,SandP500,GPN
2010-10-15 00:00:00-04:00,18.504187857232424,18.575613121830095,18.332764315852213,18.523235321044922,1439800,0.0,0.0,SandP500,GPN
2010-10-18 00:00:00-04:00,18.585145261335406,18.632763942408516,18.49467249199692,18.60419273376465,1080800,0.0,0.0,SandP500,GPN
2010-10-19 00:00:00-04:00,18.442286135856364,18.48038106684375,18.1613423774564,18.270862579345703,1459800,0.0,0.0,SandP500,GPN
2010-10-20 00:00:00-04:00,18.356583244571972,18.613718703824933,18.256586727018213,18.289918899536133,1929800,0.0,0.0,SandP500,GPN
2010-10-21 00:00:00-04:00,18.366106416130865,18.537530050351847,18.17563530778153,18.304203033447266,2144400,0.0,0.0,SandP500,GPN
2010-10-22 00:00:00-04:00,18.304201123565562,18.737521124203433,18.14230124330158,18.713712692260742,1750400,0.0,0.0,SandP500,GPN
2010-10-25 00:00:00-04:00,18.827991889651322,19.047032325441933,18.775612260121708,18.970844268798828,2608200,0.0,0.0,SandP500,GPN
2010-10-26 00:00:00-04:00,18.866088461114778,19.080367977269752,18.666095457014727,18.980371475219727,1681000,0.0,0.0,SandP500,GPN
2010-10-27 00:00:00-04:00,18.8375194447098,18.89942100446741,18.61847714802306,18.713712692260742,1863000,0.0,0.0,SandP500,GPN
2010-10-28 00:00:00-04:00,18.770848838502758,18.808943773745906,18.45657288861275,18.57561683654785,831000,0.0,0.0,SandP500,GPN
2010-10-29 00:00:00-04:00,18.570851051538558,18.647039085758024,18.547042631432355,18.551803588867188,738000,0.0,0.0,SandP500,GPN
2010-11-01 00:00:00-04:00,18.632754396987504,18.747035540083697,18.42799871443531,18.551803588867188,797600,0.0,0.0,SandP500,GPN
2010-11-02 00:00:00-04:00,18.670848258716042,18.9565547609089,18.670848258716042,18.894651412963867,1174400,0.0,0.0,SandP500,GPN
2010-11-03 00:00:00-04:00,18.932744864229928,18.970839791794585,18.77560782919104,18.885128021240234,1116400,0.0,0.0,SandP500,GPN
2010-11-04 00:00:00-04:00,19.047036713141697,19.199412861529474,18.913708037419138,19.161319732666016,1695200,0.0,0.0,SandP500,GPN
2010-11-05 00:00:00-04:00,19.185122759752293,19.237502386589906,19.118458440674043,19.20417022705078,2660400,0.0,0.0,SandP500,GPN
2010-11-08 00:00:00-05:00,19.142263928022953,19.56129906193105,19.142263928022953,19.489871978759766,1111000,0.0,0.0,SandP500,GPN
2010-11-09 00:00:00-05:00,19.499398519697177,19.647011848696753,19.413686734131932,19.466066360473633,933400,0.0,0.0,SandP500,GPN
2010-11-10 00:00:00-05:00,19.523204877877205,19.737484319098375,19.389876255102365,19.72796058654785,1213800,0.0,0.0,SandP500,GPN
2010-11-11 00:00:00-05:00,19.56129859156451,19.727959359668443,19.332732657498912,19.708911895751953,866000,0.0,0.0,SandP500,GPN
2010-11-12 00:00:00-05:00,19.637460869858323,19.75179732107261,19.542179282283,19.651752471923828,1490800,0.01,0.0,SandP500,GPN
2010-11-15 00:00:00-05:00,19.68509209325324,19.718440361629124,19.56122735604915,19.58028221130371,1070400,0.0,0.0,SandP500,GPN
2010-11-16 00:00:00-05:00,19.446892868822506,19.446892868822506,19.09911670521907,19.199161529541016,1247400,0.0,0.0,SandP500,GPN
2010-11-17 00:00:00-05:00,19.246804025901653,19.370668792055373,19.141994119455983,19.16105079650879,1387600,0.0,0.0,SandP500,GPN
2010-11-18 00:00:00-05:00,19.327790122383078,19.718442873706678,19.313498524785366,19.62316131591797,875800,0.0,0.0,SandP500,GPN
2010-11-19 00:00:00-05:00,19.57552052603299,19.666037002140268,19.38019415954767,19.551700592041016,686000,0.0,0.0,SandP500,GPN
2010-11-22 00:00:00-05:00,19.48976592681458,19.58504747336587,19.299202833712013,19.546934127807617,779200,0.0,0.0,SandP500,GPN
2010-11-23 00:00:00-05:00,19.361133768635806,19.504055162495312,19.22774071001282,19.2801456451416,730600,0.0,0.0,SandP500,GPN
2010-11-24 00:00:00-05:00,19.327783457398628,19.751784335134314,19.308726788943467,19.68032455444336,592200,0.0,0.0,SandP500,GPN
2010-11-26 00:00:00-05:00,19.54217309472188,19.870892559563213,19.489768147280966,19.7994327545166,303200,0.0,0.0,SandP500,GPN
2010-11-29 00:00:00-05:00,19.656510977366324,19.76132088007367,19.365904840727698,19.627927780151367,886400,0.0,0.0,SandP500,GPN
2010-11-30 00:00:00-05:00,19.423071602299643,19.813724352057015,19.423071602299643,19.7994327545166,1132400,0.0,0.0,SandP500,GPN
2010-12-01 00:00:00-05:00,20.004289025356414,20.337771776243876,19.956647334269142,20.151973724365234,1126400,0.0,0.0,SandP500,GPN
2010-12-02 00:00:00-05:00,20.1948469398772,20.29012848867588,20.132913660556394,20.18055534362793,876600,0.0,0.0,SandP500,GPN
2010-12-03 00:00:00-05:00,20.156737312192632,20.428288570611038,20.132915559737516,20.371118545532227,1870000,0.0,0.0,SandP500,GPN
2010-12-06 00:00:00-05:00,20.309187037781445,20.323478635350767,19.880420937256183,20.085275650024414,1420200,0.0,0.0,SandP500,GPN
2010-12-07 00:00:00-05:00,20.256781218351584,20.547389138716653,20.18055633902177,20.490219116210938,1158600,0.0,0.0,SandP500,GPN
2010-12-08 00:00:00-05:00,20.504512624608193,20.84752367449426,20.499747547371946,20.680782318115234,1242800,0.0,0.0,SandP500,GPN
2010-12-09 00:00:00-05:00,20.80465304481578,21.023801227048704,20.718901620709858,20.980924606323242,1282600,0.0,0.0,SandP500,GPN
2010-12-10 00:00:00-05:00,21.014259857145134,21.095247969773208,20.804640144754575,21.00949478149414,521000,0.0,0.0,SandP500,GPN
2010-12-13 00:00:00-05:00,21.05714587165219,21.133370760073994,20.8475260654837,20.947572708129883,657000,0.0,0.0,SandP500,GPN
2010-12-14 00:00:00-05:00,20.890404222836086,21.219125555043824,20.79035939014018,21.10955238342285,765400,0.0,0.0,SandP500,GPN
2010-12-15 00:00:00-05:00,21.057151963469664,21.34299492340941,21.057151963469664,21.166725158691406,966600,0.0,0.0,SandP500,GPN
2010-12-16 00:00:00-05:00,21.233413223758117,21.35727978950733,20.69031072698946,20.91898536682129,2078000,0.0,0.0,SandP500,GPN
2010-12-17 00:00:00-05:00,21.09525653006203,21.395392810831705,21.09525653006203,21.30487632751465,1488000,0.0,0.0,SandP500,GPN
2010-12-20 00:00:00-05:00,21.414451987345785,21.504968481233718,21.190540565679264,21.347755432128906,618200,0.0,0.0,SandP500,GPN
2010-12-21 00:00:00-05:00,21.36680708211869,21.543078599956846,21.176245784038855,21.533550262451172,699000,0.0,0.0,SandP500,GPN
2010-12-22 00:00:00-05:00,21.605008802324082,21.867033525022002,21.52878392408772,21.862268447875977,983400,0.0,0.0,SandP500,GPN
2010-12-23 00:00:00-05:00,21.87656353304623,21.95755350134322,21.77651870516001,21.833688735961914,574800,0.0,0.0,SandP500,GPN
2010-12-27 00:00:00-05:00,21.805101833493556,21.995663134307364,21.752696885132767,21.976608276367188,511600,0.0,0.0,SandP500,GPN
2010-12-28 00:00:00-05:00,22.0242481410167,22.205282921481604,21.928966581964406,22.16716957092285,844200,0.0,0.0,SandP500,GPN
2010-12-29 00:00:00-05:00,22.186221601623323,22.23862653899859,22.005186859057172,22.01471519470215,831000,0.0,0.0,SandP500,GPN
2010-12-30 00:00:00-05:00,22.048067535988228,22.286270519107703,22.029012678520516,22.219573974609375,693800,0.0,0.0,SandP500,GPN
2010-12-31 00:00:00-05:00,22.21956986770864,22.310088147663816,22.01471519470215,22.01471519470215,628000,0.0,0.0,SandP500,GPN
2011-01-03 00:00:00-05:00,22.171940800355117,22.59117686875727,22.171940800355117,22.29104232788086,1089400,0.0,0.0,SandP500,GPN
2011-01-04 00:00:00-05:00,22.34820388429586,22.34820388429586,21.709819814536075,21.852741241455078,1602800,0.0,0.0,SandP500,GPN
2011-01-05 00:00:00-05:00,21.900386228607417,22.152880848121686,21.771756379795008,22.000431060791016,1407600,0.0,0.0,SandP500,GPN
2011-01-06 00:00:00-05:00,22.095710254411525,22.291036636993237,21.86227052042625,21.876562118530273,1733400,0.0,0.0,SandP500,GPN
2011-01-07 00:00:00-05:00,22.438722515537027,22.772207088554428,22.210047847070875,22.614994049072266,2838200,0.0,0.0,SandP500,GPN
2011-01-10 00:00:00-05:00,22.514937808435704,22.86747890789712,22.33390490890249,22.743614196777344,1291600,0.0,0.0,SandP500,GPN
2011-01-11 00:00:00-05:00,22.776967878277194,22.867484349583656,22.557819772078627,22.634044647216797,1168000,0.0,0.0,SandP500,GPN
2011-01-12 00:00:00-05:00,22.786503370542853,22.796029892750436,22.586411874629665,22.638816833496094,1177600,0.0,0.0,SandP500,GPN
2011-01-13 00:00:00-05:00,22.59116357294688,22.681681843693646,22.372017327438734,22.4482421875,1035200,0.0,0.0,SandP500,GPN
2011-01-14 00:00:00-05:00,22.457774226660472,22.57687570373639,22.414897622219367,22.52923583984375,1824800,0.0,0.0,SandP500,GPN
2011-01-18 00:00:00-05:00,22.45301387050341,22.796024933041085,22.28627069062975,22.791261672973633,1681000,0.0,0.0,SandP500,GPN
2011-01-19 00:00:00-05:00,22.719805537782758,23.22479664209088,22.695985597003457,22.729333877563477,1436200,0.0,0.0,SandP500,GPN
2011-01-20 00:00:00-05:00,22.667391573093926,22.74837969654703,22.148109115704113,22.405366897583008,1057400,0.0,0.0,SandP500,GPN
2011-01-21 00:00:00-05:00,22.514944828240697,22.54829491733584,22.157640358902903,22.190990447998047,765600,0.0,0.0,SandP500,GPN
2011-01-24 00:00:00-05:00,22.233868455090576,22.610229653384426,22.143351964012023,22.481599807739258,832600,0.0,0.0,SandP500,GPN
2011-01-25 00:00:00-05:00,22.448253677135433,22.638816833496094,22.281512278328563,22.638816833496094,888400,0.0,0.0,SandP500,GPN
2011-01-26 00:00:00-05:00,22.710269186530386,22.824607406219073,22.553056178970838,22.60546112060547,465400,0.0,0.0,SandP500,GPN
2011-01-27 00:00:00-05:00,22.610230652499318,22.75791718195386,22.543534096405285,22.69598388671875,534000,0.0,0.0,SandP500,GPN
2011-01-28 00:00:00-05:00,22.71027079286579,22.810317423673986,22.238629919482847,22.305326461791992,799200,0.0,0.0,SandP500,GPN
2011-01-31 00:00:00-05:00,22.28626498419475,22.72932256814882,22.243388385188098,22.505413055419922,968000,0.0,0.0,SandP500,GPN
2011-02-01 00:00:00-05:00,22.519715326848324,22.96277312087466,22.519715326848324,22.87701988220215,967400,0.0,0.0,SandP500,GPN
2011-02-02 00:00:00-05:00,22.805552727649594,23.153328859320695,22.715036249766268,22.843666076660156,826000,0.0,0.0,SandP500,GPN
2011-02-03 00:00:00-05:00,22.796020979331086,23.09615719717283,22.600694638240736,22.967527389526367,927800,0.0,0.0,SandP500,GPN
2011-02-04 00:00:00-05:00,22.919889699453105,23.243845878885576,22.896069766301036,23.17238426208496,1084600,0.0,0.0,SandP500,GPN
2011-02-07 00:00:00-05:00,23.215257216385385,23.277190486712716,23.053279152152143,23.18667221069336,919000,0.0,0.0,SandP500,GPN
2011-02-08 00:00:00-05:00,23.20097374409023,23.5868614606262,23.115220514338954,23.548749923706055,1311200,0.0,0.0,SandP500,GPN
2011-02-09 00:00:00-05:00,23.434411248424723,23.56780616856041,23.224793255846823,23.23432159423828,809600,0.0,0.0,SandP500,GPN
2011-02-10 00:00:00-05:00,23.091344805490795,23.320113324824547,23.091344805490795,23.281984329223633,811000,0.01,0.0,SandP500,GPN
2011-02-11 00:00:00-05:00,23.234323229488368,23.544114933117726,23.16759931008277,23.515518188476562,334200,0.0,0.0,SandP500,GPN
2011-02-14 00:00:00-05:00,23.55363893385959,23.687088554333805,23.401126640251878,23.66802406311035,457400,0.0,0.0,SandP500,GPN
2011-02-15 00:00:00-05:00,23.596541960768228,23.734756846728462,23.458328892898624,23.65850067138672,583600,0.0,0.0,SandP500,GPN
2011-02-16 00:00:00-05:00,23.710918091515488,23.80623872886821,23.544108339715674,23.62512969970703,545000,0.0,0.0,SandP500,GPN
2011-02-17 00:00:00-05:00,23.5726971926299,23.65372034986265,23.46307912421221,23.539335250854492,429200,0.0,0.0,SandP500,GPN
2011-02-18 00:00:00-05:00,23.567939050315072,23.66802490566622,23.39636225937596,23.544109344482422,895000,0.0,0.0,SandP500,GPN
2011-02-22 00:00:00-05:00,23.367767317538288,23.625132523727704,23.067509728407455,23.177127838134766,802200,0.0,0.0,SandP500,GPN
2011-02-23 00:00:00-05:00,23.19619636050817,23.243857605940704,22.381208153563342,22.471763610839844,1327800,0.0,0.0,SandP500,GPN
2011-02-24 00:00:00-05:00,22.519417524262305,22.71005882313234,22.13336971219106,22.366905212402344,1230000,0.0,0.0,SandP500,GPN
2011-02-25 00:00:00-05:00,22.49558894771471,22.857805252075195,22.409800540717967,22.857805252075195,707800,0.0,0.0,SandP500,GPN
2011-02-28 00:00:00-05:00,22.91976024043355,23.034145370612524,22.829206633522258,22.872100830078125,426600,0.0,0.0,SandP500,GPN
2011-03-01 00:00:00-05:00,22.97219081009197,23.04367993846956,22.571845509670474,22.619504928588867,592000,0.0,0.0,SandP500,GPN
2011-03-02 00:00:00-05:00,22.576616101152695,23.081814425220585,22.576616101152695,22.88640785217285,672600,0.0,0.0,SandP500,GPN
2011-03-03 00:00:00-05:00,23.019849712738676,23.262917470805903,23.019849712738676,23.1675968170166,570800,0.0,0.0,SandP500,GPN
2011-03-04 00:00:00-05:00,23.10086525635683,23.124694957391846,22.905458798926237,22.991247177124023,507200,0.0,0.0,SandP500,GPN
2011-03-07 00:00:00-05:00,23.015082520997385,23.177127073091103,22.51941661834717,22.638566970825195,443000,0.0,0.0,SandP500,GPN
2011-03-08 00:00:00-05:00,22.714825476233834,23.224788892208863,22.657633810186336,23.119935989379883,672600,0.0,0.0,SandP500,GPN
2011-03-09 00:00:00-05:00,23.100868740259493,23.13899590404765,22.867333271481055,23.067506790161133,396400,0.0,0.0,SandP500,GPN
2011-03-10 00:00:00-05:00,22.814901236379466,22.814901236379466,22.285873560119715,22.462217330932617,453600,0.0,0.0,SandP500,GPN
2011-03-11 00:00:00-05:00,22.419327123710882,22.643328513750454,22.385965175873288,22.505115509033203,614200,0.0,0.0,SandP500,GPN
2011-03-14 00:00:00-04:00,22.314483621422337,22.46223075111071,22.14290677871082,22.300186157226562,385600,0.0,0.0,SandP500,GPN
2011-03-15 00:00:00-04:00,21.814047819103802,22.438396351204695,21.704429707621696,22.24775505065918,845000,0.0,0.0,SandP500,GPN
2011-03-16 00:00:00-04:00,22.157200073837434,22.29541309926094,21.866472926477858,21.876005172729492,908400,0.0,0.0,SandP500,GPN
2011-03-17 00:00:00-04:00,22.195326574110066,22.195326574110066,21.847407777780614,21.880769729614258,420600,0.0,0.0,SandP500,GPN
2011-03-18 00:00:00-04:00,21.96656208681142,22.123839628378818,21.771155554506265,22.10000991821289,1004600,0.0,0.0,SandP500,GPN
2011-03-21 00:00:00-04:00,22.324013095394918,22.519419626840715,22.25728917998762,22.42409896850586,691400,0.0,0.0,SandP500,GPN
2011-03-22 00:00:00-04:00,22.433629121579806,22.586141433439764,22.290649056472365,22.366905212402344,399200,0.0,0.0,SandP500,GPN
2011-03-23 00:00:00-04:00,22.338304319350023,22.51464812435323,22.166727545881947,22.443157196044922,279200,0.0,0.0,SandP500,GPN
2011-03-24 00:00:00-04:00,22.662399132851537,22.662399132851537,22.366906735758857,22.619504928588867,290000,0.0,0.0,SandP500,GPN
2011-03-25 00:00:00-04:00,22.66239836344661,22.876869377478513,22.62903640771834,22.74342155456543,356600,0.0,0.0,SandP500,GPN
2011-03-28 00:00:00-04:00,22.791078755515812,22.99601750254006,22.67192840576172,22.67192840576172,652200,0.0,0.0,SandP500,GPN
2011-03-29 00:00:00-04:00,22.624268784869166,23.091337933435643,22.538480388388585,22.953123092651367,873600,0.0,0.0,SandP500,GPN
2011-03-30 00:00:00-04:00,23.048438851627335,23.210483364190647,22.953118229280154,23.005544662475586,789000,0.0,0.0,SandP500,GPN
2011-03-31 00:00:00-04:00,23.04844441680625,23.39636322700425,23.038912170460954,23.315340042114258,1005600,0.0,0.0,SandP500,GPN
2011-04-01 00:00:00-04:00,22.376441015639966,24.259017323357874,22.32877977430215,24.087440490722656,5690800,0.0,0.0,SandP500,GPN
2011-04-04 00:00:00-04:00,23.93969375085936,24.082673840968297,23.553645871283784,23.67279624938965,1637200,0.0,0.0,SandP500,GPN
2011-04-05 00:00:00-04:00,23.60130680760602,24.95485515807592,23.60130680760602,24.821407318115234,2735600,0.0,0.0,SandP500,GPN
2011-04-06 00:00:00-04:00,24.788036306600347,24.788036306600347,24.430585281222154,24.597396850585938,1461600,0.0,0.0,SandP500,GPN
2011-04-07 00:00:00-04:00,24.51637657035598,25.00251024049736,24.46395194096664,24.869062423706055,1111800,0.0,0.0,SandP500,GPN
2011-04-08 00:00:00-04:00,24.978673934936523,24.988206179059453,24.768970018501076,24.978673934936523,702400,0.0,0.0,SandP500,GPN
2011-04-11 00:00:00-04:00,24.969146492020165,25.126425823156545,24.859528390662994,25.059701919555664,1036600,0.0,0.0,SandP500,GPN
2011-04-12 00:00:00-04:00,24.92625617980957,25.06923625525515,24.63552899615239,24.92625617980957,813200,0.0,0.0,SandP500,GPN
2011-04-13 00:00:00-04:00,25.02158217896845,25.126435105126482,24.835707859390624,24.98822021484375,584800,0.0,0.0,SandP500,GPN
2011-04-14 00:00:00-04:00,24.53543987843092,24.940552159691162,24.26854243965088,24.716548919677734,1340600,0.0,0.0,SandP500,GPN
2011-04-15 00:00:00-04:00,24.683184231636066,24.92625011898296,24.630757792499125,24.84046173095703,1203200,0.0,0.0,SandP500,GPN
2011-04-18 00:00:00-04:00,24.58786604176923,24.59739828784042,24.206585289371798,24.483013153076172,836200,0.0,0.0,SandP500,GPN
2011-04-19 00:00:00-04:00,24.592633977145475,24.821404271989365,24.50208035658369,24.697486877441406,1024400,0.0,0.0,SandP500,GPN
2011-04-20 00:00:00-04:00,24.883358707889965,24.91672066051011,24.664122499789013,24.730846405029297,939000,0.0,0.0,SandP500,GPN
2011-04-21 00:00:00-04:00,24.78803981390023,24.811871340102684,24.664124240862346,24.68795394897461,902600,0.0,0.0,SandP500,GPN
2011-04-25 00:00:00-04:00,24.730847196477374,24.959615658089533,24.56880264224083,24.931020736694336,945200,0.0,0.0,SandP500,GPN
2011-04-26 00:00:00-04:00,24.978681828306733,25.054937987297777,24.625995956666767,24.71178436279297,1111800,0.0,0.0,SandP500,GPN
2011-04-27 00:00:00-04:00,24.768973648461564,25.12642467405334,24.668885979547518,25.112125396728516,937000,0.0,0.0,SandP500,GPN
2011-04-28 00:00:00-04:00,25.078767871828866,25.39809178977854,24.992979465101506,25.2694091796875,1415000,0.0,0.0,SandP500,GPN
2011-04-29 00:00:00-04:00,25.19791990563326,25.57920072854363,25.10259924538307,25.374263763427734,776000,0.0,0.0,SandP500,GPN
2011-05-02 00:00:00-04:00,25.469579322227936,25.526772801859288,25.216981150504946,25.355195999145508,834000,0.0,0.0,SandP500,GPN
2011-05-03 00:00:00-04:00,25.29323128757291,25.47434029380305,25.21220993784004,25.445743560791016,1046600,0.0,0.0,SandP500,GPN
2011-05-04 00:00:00-04:00,25.37902222562246,25.37902222562246,24.740376335390245,24.940549850463867,924800,0.0,0.0,SandP500,GPN
2011-05-05 00:00:00-04:00,24.81662861156262,25.25033570551618,24.749904722968164,25.102588653564453,1053200,0.0,0.0,SandP500,GPN
2011-05-06 00:00:00-04:00,25.259869947261905,25.259869947261905,24.602159616928446,24.616458892822266,1233400,0.0,0.0,SandP500,GPN
2011-05-09 00:00:00-04:00,24.6164663193592,24.97868263169402,24.492548920706813,24.92625617980957,724600,0.0,0.0,SandP500,GPN
2011-05-10 00:00:00-04:00,25.012043603074094,25.379026933713646,24.864296500684596,25.345664978027344,662600,0.0,0.0,SandP500,GPN
2011-05-11 00:00:00-04:00,25.359970290364508,25.48865293845855,25.012051346150596,25.21222496032715,649200,0.0,0.0,SandP500,GPN
2011-05-12 00:00:00-04:00,25.107367184478406,25.431456350171295,24.98821680938809,25.27894401550293,1308000,0.0,0.0,SandP500,GPN
2011-05-13 00:00:00-04:00,25.355223585300003,25.46011602809722,24.916583948964636,25.007173538208008,790400,0.01,0.0,SandP500,GPN
2011-05-16 00:00:00-04:00,24.87367976446469,25.10253639097961,24.79739482855183,24.859376907348633,858800,0.0,0.0,SandP500,GPN
2011-05-17 00:00:00-04:00,24.792623132200685,24.8498363686331,24.60667874971334,24.706802368164062,852200,0.0,0.0,SandP500,GPN
2011-05-18 00:00:00-04:00,24.77354944752801,25.393364612049293,24.65435415362869,25.226491928100586,2230800,0.0,0.0,SandP500,GPN
2011-05-19 00:00:00-04:00,25.269397499269918,25.579305931959844,24.997632426383586,25.379056930541992,1549600,0.0,0.0,SandP500,GPN
2011-05-20 00:00:00-04:00,25.31707773631773,25.436273020987358,25.135902213138415,25.154972076416016,1432200,0.0,0.0,SandP500,GPN
2011-05-23 00:00:00-04:00,24.825999312234245,24.86414268489377,24.506556750703215,24.601911544799805,715000,0.0,0.0,SandP500,GPN
2011-05-24 00:00:00-04:00,24.7115791427608,24.792631102197532,24.568543277534552,24.668668746948242,645400,0.0,0.0,SandP500,GPN
2011-05-25 00:00:00-04:00,24.18710443025809,24.54945907646543,23.972552576421574,24.23001480102539,1514400,0.0,0.0,SandP500,GPN
2011-05-26 00:00:00-04:00,24.206187075134682,24.773556173372818,24.18711538642676,24.71634292602539,1560400,0.0,0.0,SandP500,GPN
2011-05-27 00:00:00-04:00,24.835533868836226,24.897515936809025,24.611446113010278,24.721105575561523,653800,0.0,0.0,SandP500,GPN
2011-05-31 00:00:00-04:00,24.916578270793917,24.997631999604987,24.692492401487836,24.773544311523438,1104800,0.0,0.0,SandP500,GPN
2011-06-01 00:00:00-04:00,24.77355170161892,24.792623386884305,24.36351956229321,24.382591247558594,829000,0.0,0.0,SandP500,GPN
2011-06-02 00:00:00-04:00,24.46363837156709,24.62097518543248,24.30629973892618,24.516082763671875,921000,0.0,0.0,SandP500,GPN
2011-06-03 00:00:00-04:00,24.244321736034664,24.272929260957437,23.824755616488957,23.834291458129883,787600,0.0,0.0,SandP500,GPN
2011-06-06 00:00:00-04:00,23.78661070798464,24.21571446013092,23.777074866961865,24.134660720825195,1369000,0.0,0.0,SandP500,GPN
2011-06-07 00:00:00-04:00,24.234790643145978,24.234790643145978,23.75324058532715,23.75324058532715,1468200,0.0,0.0,SandP500,GPN
2011-06-08 00:00:00-04:00,23.66740894736842,24.16802864203987,23.400412746890424,24.05360221862793,2087400,0.0,0.0,SandP500,GPN
2011-06-09 00:00:00-04:00,24.129893462223183,24.311070802246295,23.991626496974604,24.244319915771484,941600,0.0,0.0,SandP500,GPN
2011-06-10 00:00:00-04:00,24.091745648291926,24.158494703661155,23.424253275824302,23.443323135375977,1366800,0.0,0.0,SandP500,GPN
2011-06-13 00:00:00-04:00,23.538694992222457,23.586374218998767,23.367053413380805,23.390893936157227,760200,0.0,0.0,SandP500,GPN
2011-06-14 00:00:00-04:00,23.572062720200346,23.810453328765878,23.500546628896288,23.686491012573242,1167600,0.0,0.0,SandP500,GPN
2011-06-15 00:00:00-04:00,23.4767096112908,23.68172387604971,23.257388853450802,23.2955322265625,795400,0.0,0.0,SandP500,GPN
2011-06-16 00:00:00-04:00,23.23831745577607,23.395654312563217,23.133425005400632,23.166799545288086,846800,0.0,0.0,SandP500,GPN
2011-06-17 00:00:00-04:00,23.324138452921524,23.5386903844746,23.085747822035035,23.433799743652344,1240000,0.0,0.0,SandP500,GPN
2011-06-20 00:00:00-04:00,23.37658195352561,23.724632015732208,23.36704611115031,23.69125747680664,781000,0.0,0.0,SandP500,GPN
2011-06-21 00:00:00-04:00,23.791383943385473,24.129898177886663,23.72463304386565,24.11082649230957,782600,0.0,0.0,SandP500,GPN
2011-06-22 00:00:00-04:00,24.034542186485155,24.08698841378205,23.800918579101562,23.800918579101562,623200,0.0,0.0,SandP500,GPN
2011-06-23 00:00:00-04:00,23.567296926897892,23.948721556570078,23.519619530229907,23.853364944458008,904800,0.0,0.0,SandP500,GPN
2011-06-24 00:00:00-04:00,23.843820205436977,23.958248461034444,23.41471833919116,23.45285987854004,587800,0.0,0.0,SandP500,GPN
2011-06-27 00:00:00-04:00,23.48148003208408,23.719870692308284,23.300302621056293,23.638818740844727,537400,0.0,0.0,SandP500,GPN
2011-06-28 00:00:00-04:00,23.64834153755135,23.843821713362328,23.64834153755135,23.743698120117188,824600,0.0,0.0,SandP500,GPN
2011-06-29 00:00:00-04:00,23.877205058685444,24.287235391929496,23.819990001117937,24.12512969970703,1494000,0.0,0.0,SandP500,GPN
2011-06-30 00:00:00-04:00,24.21571995685072,24.42550305064323,24.044078417031344,24.31584358215332,1099200,0.0,0.0,SandP500,GPN
2011-07-01 00:00:00-04:00,24.37304809040139,24.520850878687437,24.277691511467662,24.487476348876953,879000,0.0,0.0,SandP500,GPN
2011-07-05 00:00:00-04:00,24.52085991007394,24.535162765610536,24.23479188668525,24.349218368530273,637200,0.0,0.0,SandP500,GPN
2011-07-06 00:00:00-04:00,24.24432416603014,24.640053449301003,24.168039244032574,24.616214752197266,631000,0.0,0.0,SandP500,GPN
2011-07-07 00:00:00-04:00,24.759245464791192,24.926118141127436,24.716335088193908,24.897512435913086,804000,0.0,0.0,SandP500,GPN
2011-07-08 00:00:00-04:00,24.64958879780376,24.93565679486647,24.539929338303857,24.90705108642578,785800,0.0,0.0,SandP500,GPN
2011-07-11 00:00:00-04:00,24.630523368108836,24.68296960527053,24.34922231142229,24.401668548583984,670800,0.0,0.0,SandP500,GPN
2011-07-12 00:00:00-04:00,24.296772686808026,24.544699161421516,24.196649058245704,24.344451904296875,890800,0.0,0.0,SandP500,GPN
2011-07-13 00:00:00-04:00,24.430269536546348,24.506554455946084,24.11559401667545,24.15850257873535,1265200,0.0,0.0,SandP500,GPN
2011-07-14 00:00:00-04:00,24.263396187823854,24.730641568887915,24.230021647660426,24.415966033935547,1803800,0.0,0.0,SandP500,GPN
2011-07-15 00:00:00-04:00,24.49702148510878,24.53039602758469,24.31107708594983,24.454111099243164,979800,0.0,0.0,SandP500,GPN
2011-07-18 00:00:00-04:00,24.353984669610263,24.353984669610263,24.03454031852726,24.086986541748047,665000,0.0,0.0,SandP500,GPN
2011-07-19 00:00:00-04:00,24.315834563639918,24.759241104125977,24.315834563639918,24.759241104125977,962200,0.0,0.0,SandP500,GPN
2011-07-20 00:00:00-04:00,24.79738966696178,24.992869888222693,24.735409419842536,24.854604721069336,948200,0.0,0.0,SandP500,GPN
2011-07-21 00:00:00-04:00,24.930889889065764,25.150208808998183,24.802158744207347,24.88797950744629,1301800,0.0,0.0,SandP500,GPN
2011-07-22 00:00:00-04:00,24.568536888514352,24.568536888514352,22.42779012432672,22.995159149169922,6485400,0.0,0.0,SandP500,GPN
2011-07-25 00:00:00-04:00,22.9474794451847,23.409955967981787,22.76153506997211,23.052370071411133,2143200,0.0,0.0,SandP500,GPN
2011-07-26 00:00:00-04:00,23.090512077636753,23.24308190566934,22.957013932802194,23.0476016998291,1476400,0.0,0.0,SandP500,GPN
2011-07-27 00:00:00-04:00,22.88549877448054,22.976086552370152,22.642341150263135,22.77107048034668,1927200,0.0,0.0,SandP500,GPN
2011-07-28 00:00:00-04:00,22.72338727392987,23.10481179220045,22.718620263165796,22.790136337280273,1263800,0.0,0.0,SandP500,GPN
2011-07-29 00:00:00-04:00,22.508841844307756,22.828286220025685,22.294289923120505,22.604198455810547,1010400,0.0,0.0,SandP500,GPN
2011-08-01 00:00:00-04:00,22.852119236858375,22.91886830268277,22.351499424399773,22.585121154785156,1336200,0.0,0.0,SandP500,GPN
2011-08-02 00:00:00-04:00,22.40871954653906,22.747233809565596,21.908099579999277,21.912866592407227,667600,0.0,0.0,SandP500,GPN
2011-08-03 00:00:00-04:00,21.893796732589596,22.58512999112107,21.612497507636988,22.5565242767334,1571600,0.0,0.0,SandP500,GPN
2011-08-04 00:00:00-04:00,22.198934691763974,22.518377242393935,21.464691162109375,21.464691162109375,1554400,0.0,0.0,SandP500,GPN
2011-08-05 00:00:00-04:00,21.765063618751817,21.765063618751817,20.768590787124662,21.28828239440918,1681200,0.0,0.0,SandP500,GPN
2011-08-08 00:00:00-04:00,20.897316966298742,20.978368882149304,19.76257741296168,19.776880264282227,2268600,0.0,0.0,SandP500,GPN
2011-08-09 00:00:00-04:00,20.167837902033973,20.73520851135254,19.810252117179555,20.73520851135254,4915200,0.0,0.0,SandP500,GPN
2011-08-10 00:00:00-04:00,20.32041254407847,20.62078518434464,19.977131345407205,20.11539649963379,2852200,0.0,0.0,SandP500,GPN
2011-08-11 00:00:00-04:00,20.31564700400089,21.211996159595483,20.210754559123334,20.97837257385254,2679800,0.0,0.0,SandP500,GPN
2011-08-12 00:00:00-04:00,21.24061171755648,21.622036486574405,21.107113503094396,21.350271224975586,1582800,0.0,0.0,SandP500,GPN
2011-08-15 00:00:00-04:00,21.560135800843398,21.69846454012663,21.154689684280992,21.57921600341797,1168000,0.01,0.0,SandP500,GPN
2011-08-16 00:00:00-04:00,21.374118033509024,21.541065332508023,21.245329337314473,21.378887176513672,988800,0.0,0.0,SandP500,GPN
2011-08-17 00:00:00-04:00,21.431349925443254,21.61260823409013,20.86372747259276,21.087913513183594,831200,0.0,0.0,SandP500,GPN
2011-08-18 00:00:00-04:00,20.706313977503754,20.706313977503754,19.957433379948228,20.07191276550293,1420200,0.0,0.0,SandP500,GPN
2011-08-19 00:00:00-04:00,19.728478121095918,20.105303932208848,19.56630003907189,19.599689483642578,1582600,0.0,0.0,SandP500,GPN
2011-08-22 00:00:00-04:00,19.990825824185535,20.205473567097155,19.81433848871971,19.952667236328125,1891200,0.0,0.0,SandP500,GPN
2011-08-23 00:00:00-04:00,20.090996347038452,20.577530677299187,19.995597137648165,20.57276153564453,2338400,0.0,0.0,SandP500,GPN
2011-08-24 00:00:00-04:00,20.5107478939711,21.11175970605934,20.49643865212726,20.897113800048828,1744400,0.0,0.0,SandP500,GPN
2011-08-25 00:00:00-04:00,21.059299728863937,21.11176757504375,20.49644629176311,20.51075553894043,2017400,0.0,0.0,SandP500,GPN
2011-08-26 00:00:00-04:00,20.391510529470477,21.092692877313805,20.176862686295046,21.083152770996094,1650200,0.0,0.0,SandP500,GPN
2011-08-29 00:00:00-04:00,21.35025923892456,21.612607500264414,21.25963099747253,21.60306739807129,1249400,0.0,0.0,SandP500,GPN
2011-08-30 00:00:00-04:00,21.464736787140478,21.865411946617296,21.374108553535443,21.727083206176758,1720400,0.0,0.0,SandP500,GPN
2011-08-31 00:00:00-04:00,21.851109004768887,22.051445732476957,21.655541419325328,21.86064910888672,1397800,0.0,0.0,SandP500,GPN
2011-09-01 00:00:00-04:00,21.865412649621803,22.122989936050157,21.407498686808065,21.43611717224121,1682000,0.0,0.0,SandP500,GPN
2011-09-02 00:00:00-04:00,21.087923381469825,21.254872524260758,20.88758659362793,20.88758659362793,1415800,0.0,0.0,SandP500,GPN
2011-09-06 00:00:00-04:00,20.27701530289179,20.544132613270754,20.14822851673909,20.491662979125977,2358800,0.0,0.0,SandP500,GPN
2011-09-07 00:00:00-04:00,20.835101130898526,21.15468628451489,20.71108165368324,21.140377044677734,1308400,0.0,0.0,SandP500,GPN
2011-09-08 00:00:00-04:00,21.083150336419322,21.345496861299615,20.89712283367855,20.9495906829834,988200,0.0,0.0,SandP500,GPN
2011-09-09 00:00:00-04:00,20.76832771964987,21.002053856597765,20.219783666702156,20.3199520111084,1583000,0.0,0.0,SandP500,GPN
2011-09-12 00:00:00-04:00,20.086217437310605,20.443962933858515,19.928808545427437,20.401033401489258,1313200,0.0,0.0,SandP500,GPN
2011-09-13 00:00:00-04:00,20.49643477074931,20.701542356415175,20.367646159778563,20.610912322998047,1097000,0.0,0.0,SandP500,GPN
2011-09-14 00:00:00-04:00,20.782647236421592,21.102234451736642,20.38197184114845,20.88758659362793,1451200,0.0,0.0,SandP500,GPN
2011-09-15 00:00:00-04:00,21.002055718049093,21.140384483778114,20.768329560385613,21.05452537536621,1675200,0.0,0.0,SandP500,GPN
2011-09-16 00:00:00-04:00,21.016364169004927,21.12607261175757,20.878035420477875,21.121301651000977,1538000,0.0,0.0,SandP500,GPN
2011-09-19 00:00:00-04:00,20.75879552326574,20.839883694022774,20.486908873708753,20.6920166015625,909200,0.0,0.0,SandP500,GPN
2011-09-20 00:00:00-04:00,20.830328301857797,21.1403751474836,20.482122880228033,20.491662979125977,1191800,0.0,0.0,SandP500,GPN
2011-09-21 00:00:00-04:00,20.50121350752729,20.71586129295842,19.971749576660088,19.976520538330078,1227000,0.0,0.0,SandP500,GPN
2011-09-22 00:00:00-04:00,19.55199524439204,19.618774148723286,18.87943341998798,19.06068992614746,2529800,0.0,0.0,SandP500,GPN
2011-09-23 00:00:00-04:00,18.936672220902096,19.26102845872988,18.912822872153605,19.06068992614746,1940600,0.0,0.0,SandP500,GPN
2011-09-26 00:00:00-04:00,19.17993390032017,19.29918243511886,18.535992540242535,19.289642333984375,2392600,0.0,0.0,SandP500,GPN
2011-09-27 00:00:00-04:00,19.57107326662424,20.062378575705647,19.50906532495238,19.64739227294922,1715000,0.0,0.0,SandP500,GPN
2011-09-28 00:00:00-04:00,19.75708878252655,19.75708878252655,19.117918628342075,19.151308059692383,1679600,0.0,0.0,SandP500,GPN
2011-09-29 00:00:00-04:00,19.504290838482355,19.55676048702069,18.908048140707336,19.284873962402344,1297000,0.0,0.0,SandP500,GPN
2011-09-30 00:00:00-04:00,19.36596501299031,19.59969298634339,19.12746789795551,19.265796661376953,1813000,0.0,0.0,SandP500,GPN
2011-10-03 00:00:00-04:00,19.26102885405179,19.53768458047212,18.6504749599448,18.76018524169922,2429800,0.0,0.0,SandP500,GPN
2011-10-04 00:00:00-04:00,18.431059189943674,19.48521614074707,18.24980084912315,19.48521614074707,2200000,0.0,0.0,SandP500,GPN
2011-10-05 00:00:00-04:00,21.116531009753125,21.359797222995038,19.084534933829218,19.599689483642578,7027800,0.0,0.0,SandP500,GPN
2011-10-06 00:00:00-04:00,19.566298360317496,20.07668190592316,19.523368818183,20.07191276550293,2227600,0.0,0.0,SandP500,GPN
2011-10-07 00:00:00-04:00,20.25794505064607,20.415352196632497,19.85249887299417,20.176855087280273,2971000,0.0,0.0,SandP500,GPN
2011-10-10 00:00:00-04:00,20.587062148517592,20.59183128817266,20.181617953087983,20.491662979125977,2235000,0.0,0.0,SandP500,GPN
2011-10-11 00:00:00-04:00,20.401045000870113,20.93050892793128,20.2770254725842,20.83510971069336,2189200,0.0,0.0,SandP500,GPN
2011-10-12 00:00:00-04:00,20.982984384043966,21.331190076488898,20.868504927820663,21.083152770996094,2521000,0.0,0.0,SandP500,GPN
2011-10-13 00:00:00-04:00,20.9352778089562,21.19285514641048,20.81602924379278,21.035446166992188,1543600,0.0,0.0,SandP500,GPN
2011-10-14 00:00:00-04:00,21.345485179348955,21.397954819527246,20.96389027749049,21.111757278442383,1279600,0.0,0.0,SandP500,GPN
2011-10-17 00:00:00-04:00,21.05929097818912,21.211928949951925,20.3962676275835,20.429658889770508,1445600,0.0,0.0,SandP500,GPN
2011-10-18 00:00:00-04:00,20.496442667718433,21.044984941063436,20.243634488222526,20.94481658935547,1867800,0.0,0.0,SandP500,GPN
2011-10-19 00:00:00-04:00,20.92096624208331,20.959124832515528,20.358112931397216,20.391502380371094,1521200,0.0,0.0,SandP500,GPN
2011-10-20 00:00:00-04:00,20.49167977161663,20.901895262451887,20.424900844194948,20.854196548461914,1940800,0.0,0.0,SandP500,GPN
2011-10-21 00:00:00-04:00,21.064066573313337,21.369342610383445,20.987747564045808,21.159465789794922,1354800,0.0,0.0,SandP500,GPN
2011-10-24 00:00:00-04:00,21.164234777593876,21.793867054360426,21.159465635619465,21.607839584350586,1277200,0.0,0.0,SandP500,GPN
2011-10-25 00:00:00-04:00,21.440887992702876,21.440887992702876,20.86372549212198,20.901884078979492,2420400,0.0,0.0,SandP500,GPN
2011-10-26 00:00:00-04:00,21.0974594871755,21.221479034823542,20.677703957548975,20.987751007080078,2382800,0.0,0.0,SandP500,GPN
2011-10-27 00:00:00-04:00,21.770026862808372,22.752636105439937,21.42182112536642,22.590457916259766,3525200,0.0,0.0,SandP500,GPN
2011-10-28 00:00:00-04:00,22.571373846651177,22.63338362534553,22.132539891802896,22.342416763305664,1736400,0.0,0.0,SandP500,GPN
2011-10-31 00:00:00-04:00,22.037127853564268,22.36148398815642,21.841560344729718,21.903568267822266,1807600,0.0,0.0,SandP500,GPN
2011-11-01 00:00:00-04:00,21.531525494419963,21.727093112643868,21.264409812702887,21.426586151123047,2908400,0.0,0.0,SandP500,GPN
2011-11-02 00:00:00-04:00,21.708007517306164,22.051443959581263,21.63645947155796,22.008514404296875,2349000,0.0,0.0,SandP500,GPN
2011-11-03 00:00:00-04:00,22.361492476352787,22.50459039720594,21.760478661345235,22.471200942993164,2057800,0.0,0.0,SandP500,GPN
2011-11-04 00:00:00-04:00,22.285177914652557,22.351956836414992,21.84157299770021,22.280406951904297,1747200,0.0,0.0,SandP500,GPN
2011-11-07 00:00:00-05:00,22.31856483590455,22.418733207150044,21.90357846430646,22.18500518798828,1604200,0.0,0.0,SandP500,GPN
2011-11-08 00:00:00-05:00,22.39487608512118,22.48073517914014,21.998970060523924,22.447345733642578,1028800,0.0,0.0,SandP500,GPN
2011-11-09 00:00:00-05:00,21.81294418755473,22.046672142315206,21.541057643610195,21.60306739807129,1360800,0.0,0.0,SandP500,GPN
2011-11-10 00:00:00-05:00,22.041899088527547,22.056210150252607,21.464736607558816,21.57921600341797,1394600,0.0,0.0,SandP500,GPN
2011-11-11 00:00:00-05:00,21.8463395540365,22.4807428748383,21.8463395540365,22.347183227539062,978800,0.0,0.0,SandP500,GPN
2011-11-14 00:00:00-05:00,22.137217228609988,22.180165125886546,21.597982922885677,21.722055435180664,942800,0.01,0.0,SandP500,GPN
2011-11-15 00:00:00-05:00,21.602756306574154,21.96065485011508,21.488227971679965,21.74114418029785,1130600,0.0,0.0,SandP500,GPN
2011-11-16 00:00:00-05:00,21.617068512255535,21.85089632755208,21.278258377350994,21.283029556274414,1251000,0.0,0.0,SandP500,GPN
2011-11-17 00:00:00-05:00,21.244854069796762,21.445276345562238,20.948991834938568,21.053974151611328,1089600,0.0,0.0,SandP500,GPN
2011-11-18 00:00:00-05:00,21.139861172684167,21.139861172684167,20.67220756932161,20.753332138061523,990000,0.0,0.0,SandP500,GPN
2011-11-21 00:00:00-05:00,20.452706708497484,20.538602494703124,20.29045931459416,20.424074172973633,957800,0.0,0.0,SandP500,GPN
2011-11-22 00:00:00-05:00,20.43360872526925,20.462241247304405,20.118658264342773,20.128202438354492,895000,0.0,0.0,SandP500,GPN
2011-11-23 00:00:00-05:00,19.956416259230895,20.013679498179503,19.713046128425148,19.717817306518555,870200,0.0,0.0,SandP500,GPN
2011-11-25 00:00:00-05:00,19.693955169865717,19.875290859639247,19.6080594126238,19.73213005065918,367800,0.0,0.0,SandP500,GPN
2011-11-28 00:00:00-05:00,20.247507162839035,20.257051339339565,19.860976206212605,20.05662727355957,1005800,0.0,0.0,SandP500,GPN
2011-11-29 00:00:00-05:00,20.042312587179318,20.109120004544753,19.798942449581574,19.841890335083008,1063400,0.0,0.0,SandP500,GPN
2011-11-30 00:00:00-05:00,20.667439425472416,21.125548922072046,20.433611679294195,21.106460571289062,1465600,0.0,0.0,SandP500,GPN
2011-12-01 00:00:00-05:00,21.00625035474465,21.31642787653258,20.896495063616733,21.1016902923584,1133000,0.0,0.0,SandP500,GPN
2011-12-02 00:00:00-05:00,21.335508164878295,21.555018664175336,21.192349222743907,21.516843795776367,1463200,0.0,0.0,SandP500,GPN
2011-12-05 00:00:00-05:00,21.831805766383532,21.88429783106941,21.440503601008754,21.612295150756836,1323600,0.0,0.0,SandP500,GPN
2011-12-06 00:00:00-05:00,21.52162876651876,21.674331978723032,21.38324273196018,21.440505981445312,1656200,0.0,0.0,SandP500,GPN
2011-12-07 00:00:00-05:00,21.273492004689228,21.488229691709602,21.068296677671572,21.43573760986328,1001400,0.0,0.0,SandP500,GPN
2011-12-08 00:00:00-05:00,21.220992809574295,21.388011359131426,21.03965708407965,21.06351661682129,1381400,0.0,0.0,SandP500,GPN
2011-12-09 00:00:00-05:00,21.116016646978775,21.473915234215703,21.06352456292541,21.430967330932617,970800,0.0,0.0,SandP500,GPN
2011-12-12 00:00:00-05:00,21.263936822386697,21.263936822386697,21.02533789771148,21.158952713012695,839200,0.0,0.0,SandP500,GPN
2011-12-13 00:00:00-05:00,21.430963324404793,21.55980701016667,20.948994117991276,21.07306480407715,1266800,0.0,0.0,SandP500,GPN
2011-12-14 00:00:00-05:00,20.963306621874114,21.130325180472305,20.915587553807704,20.972850799560547,1533200,0.0,0.0,SandP500,GPN
2011-12-15 00:00:00-05:00,21.149412116200278,21.268711598724135,20.848776910537776,21.001480102539062,1189800,0.0,0.0,SandP500,GPN
2011-12-16 00:00:00-05:00,21.106472380855394,21.55503795304649,20.996717032990542,21.27349281311035,1861000,0.0,0.0,SandP500,GPN
2011-12-19 00:00:00-05:00,21.235302920342445,21.478673006783428,20.87740455651645,20.944211959838867,786400,0.0,0.0,SandP500,GPN
2011-12-20 00:00:00-05:00,21.311657785202993,22.218334508204396,21.206673666439645,22.1849308013916,1678800,0.0,0.0,SandP500,GPN
2011-12-21 00:00:00-05:00,22.07994862072937,22.15152721859735,21.788857589782207,22.089492797851562,1073000,0.0,0.0,SandP500,GPN
2011-12-22 00:00:00-05:00,22.19446975699301,22.318542209316643,21.998818724050555,22.16106605529785,551400,0.0,0.0,SandP500,GPN
2011-12-23 00:00:00-05:00,22.266057095677983,22.42830447747863,22.08949435736621,22.418760299682617,405800,0.0,0.0,SandP500,GPN
2011-12-27 00:00:00-05:00,22.46648020196379,22.657358288403575,22.342407716430515,22.614410400390625,687200,0.0,0.0,SandP500,GPN
2011-12-28 00:00:00-05:00,22.57622920230508,22.57622920230508,22.29468241964658,22.533281326293945,954600,0.0,0.0,SandP500,GPN
2011-12-29 00:00:00-05:00,22.533281314547093,22.71461517284162,22.385349337171377,22.681211471557617,1183800,0.0,0.0,SandP500,GPN
2011-12-30 00:00:00-05:00,22.623953569355667,22.709849341552953,22.480794555815397,22.609638214111328,864800,0.0,0.0,SandP500,GPN
2012-01-03 00:00:00-05:00,23.206132236463187,23.206132236463187,22.733705558276576,22.97707748413086,1659600,0.0,0.0,SandP500,GPN
2012-01-04 00:00:00-05:00,22.84824192236063,23.06298139745505,22.705082879086344,23.00571632385254,1657400,0.0,0.0,SandP500,GPN
2012-01-05 00:00:00-05:00,22.929360844662018,23.020029619054224,22.705079048835234,22.90073013305664,1574400,0.0,0.0,SandP500,GPN
2012-01-06 00:00:00-05:00,21.70295402427956,22.46169853961681,21.56933923327036,22.122888565063477,5620400,0.0,0.0,SandP500,GPN
2012-01-09 00:00:00-05:00,22.23742278677364,22.64304211907203,22.165844189567313,22.619182586669922,2574000,0.0,0.0,SandP500,GPN
2012-01-10 00:00:00-05:00,22.83392544566474,23.005717031020946,22.738487294125562,22.99140167236328,1543800,0.0,0.0,SandP500,GPN
2012-01-11 00:00:00-05:00,22.981847830400532,23.153639343526866,22.929355776904675,23.129779815673828,1190000,0.0,0.0,SandP500,GPN
2012-01-12 00:00:00-05:00,23.201365961719993,23.33020963856135,22.83869628719186,22.929363250732422,1681600,0.0,0.0,SandP500,GPN
2012-01-13 00:00:00-05:00,22.61918446718311,22.623955645913945,22.294689702512812,22.47125244140625,2372800,0.0,0.0,SandP500,GPN
2012-01-17 00:00:00-05:00,22.561921188297486,22.88164479957571,22.547605830604677,22.714624404907227,1176200,0.0,0.0,SandP500,GPN
2012-01-18 00:00:00-05:00,22.70507922254115,23.20613670349121,22.652587157042113,23.20613670349121,912800,0.0,0.0,SandP500,GPN
2012-01-19 00:00:00-05:00,23.382698528173076,23.45905012402187,23.148870741930466,23.210906982421875,1923800,0.0,0.0,SandP500,GPN
2012-01-20 00:00:00-05:00,23.172728023749986,23.244306608327804,22.91981192788547,23.00093650817871,1434000,0.0,0.0,SandP500,GPN
2012-01-23 00:00:00-05:00,23.058209234369375,23.058209234369375,22.80052185490703,22.948453903198242,2039400,0.0,0.0,SandP500,GPN
2012-01-24 00:00:00-05:00,22.73370729675201,23.249081894185114,22.633496176261847,23.167957305908203,2060400,0.0,0.0,SandP500,GPN
2012-01-25 00:00:00-05:00,23.15842047327465,23.974430511304767,23.11547257653622,23.95056915283203,1878600,0.0,0.0,SandP500,GPN
2012-01-26 00:00:00-05:00,23.78354109589079,24.146210663660735,23.678556985583413,23.898069381713867,1783200,0.0,0.0,SandP500,GPN
2012-01-27 00:00:00-05:00,23.78831544955758,24.189161772909237,23.78831544955758,23.964879989624023,1759200,0.0,0.0,SandP500,GPN
2012-01-30 00:00:00-05:00,23.72150887624474,23.950563666255974,23.578349860033427,23.864667892456055,1637200,0.0,0.0,SandP500,GPN
2012-01-31 00:00:00-05:00,23.988737641363443,24.050773875453665,23.649927583517254,23.86943817138672,1045400,0.0,0.0,SandP500,GPN
2012-02-01 00:00:00-05:00,23.974430511304767,24.117589560310837,23.869446359196154,23.95056915283203,2146000,0.0,0.0,SandP500,GPN
2012-02-02 00:00:00-05:00,24.088953650469193,24.19393778788247,23.960109978289033,24.022146224975586,2008200,0.0,0.0,SandP500,GPN
2012-02-03 00:00:00-05:00,24.189155974726,24.260736373310188,24.146208099648515,24.20824432373047,1395600,0.0,0.0,SandP500,GPN
2012-02-06 00:00:00-05:00,24.06986708065036,24.20348376191862,24.007832649726264,24.065095901489258,653600,0.0,0.0,SandP500,GPN
2012-02-07 00:00:00-05:00,23.99828574666573,24.18439265904239,23.96488203523226,24.122356414794922,770800,0.0,0.0,SandP500,GPN
2012-02-08 00:00:00-05:00,24.198709203025057,24.590011402194225,24.088953885732813,24.580467224121094,1802600,0.0,0.0,SandP500,GPN
2012-02-09 00:00:00-05:00,24.661590833300473,24.809522856921195,24.504114631991403,24.7761173248291,1341600,0.0,0.0,SandP500,GPN
2012-02-10 00:00:00-05:00,24.384813931082025,24.65204543199425,24.37527157423308,24.561378479003906,1615400,0.0,0.0,SandP500,GPN
2012-02-13 00:00:00-05:00,24.718920760803925,24.82394572932546,24.413395566276343,24.46590805053711,1318800,0.01,0.0,SandP500,GPN
2012-02-14 00:00:00-05:00,24.422931512137723,24.776195983716406,24.399062709439697,24.761873245239258,1332200,0.0,0.0,SandP500,GPN
2012-02-15 00:00:00-05:00,24.823939874366655,24.96715454788871,24.618664841258138,24.74755859375,1147800,0.0,0.0,SandP500,GPN
2012-02-16 00:00:00-05:00,24.761879422023583,24.952833533386602,24.62343960341243,24.87167739868164,745000,0.0,0.0,SandP500,GPN
2012-02-17 00:00:00-05:00,25.000565702215624,25.000565702215624,24.804838600207148,24.8812198638916,471200,0.0,0.0,SandP500,GPN
2012-02-21 00:00:00-05:00,24.900321249198853,24.928964912440996,24.56137942899708,24.62343978881836,585000,0.0,0.0,SandP500,GPN
2012-02-22 00:00:00-05:00,24.65686047112062,24.84303975960652,24.537514586596462,24.599573135375977,712800,0.0,0.0,SandP500,GPN
2012-02-23 00:00:00-05:00,24.675946898901113,24.81916337348734,24.499315553604056,24.79051971435547,608200,0.0,0.0,SandP500,GPN
2012-02-24 00:00:00-05:00,24.857354161554746,25.062629174767267,24.790520775127078,24.7952938079834,908600,0.0,0.0,SandP500,GPN
2012-02-27 00:00:00-05:00,24.652079148342224,24.919414515126093,24.45157898905922,24.7952938079834,999600,0.0,0.0,SandP500,GPN
2012-02-28 00:00:00-05:00,24.828715363107552,24.962383983210813,24.656858830529455,24.924192428588867,722600,0.0,0.0,SandP500,GPN
2012-02-29 00:00:00-05:00,25.005344778206908,25.08649908785676,24.57569895925687,24.642532348632812,1310400,0.0,0.0,SandP500,GPN
2012-03-01 00:00:00-05:00,24.652081445365525,24.943285645711114,24.618664749038,24.87167739868164,560000,0.0,0.0,SandP500,GPN
2012-03-02 00:00:00-05:00,24.833482555929713,24.862126213058552,24.351324343495715,24.451576232910156,1049400,0.0,0.0,SandP500,GPN
2012-03-05 00:00:00-05:00,24.480222188422584,24.666401438407227,24.308363858875744,24.46112823486328,1437200,0.0,0.0,SandP500,GPN
2012-03-06 00:00:00-05:00,24.24153191983021,24.370425674705903,24.141281828618027,24.227210998535156,1136800,0.0,0.0,SandP500,GPN
2012-03-07 00:00:00-05:00,24.2797184569255,24.403837331686475,24.179468386417824,24.313135147094727,719800,0.0,0.0,SandP500,GPN
2012-03-08 00:00:00-05:00,24.461121790792202,24.79051562159882,24.384740533457066,24.53272819519043,804600,0.0,0.0,SandP500,GPN
2012-03-09 00:00:00-05:00,24.566149988342882,24.90031874155442,24.566149988342882,24.7952938079834,1199400,0.0,0.0,SandP500,GPN
2012-03-12 00:00:00-04:00,24.84302338196264,24.97191707080503,24.73799849007496,24.785736083984375,553800,0.0,0.0,SandP500,GPN
2012-03-13 00:00:00-04:00,24.952833629972606,25.062631607055664,24.790523181007785,25.062631607055664,1128800,0.0,0.0,SandP500,GPN
2012-03-14 00:00:00-04:00,25.096049514352558,25.13901410059484,24.92419116938343,24.976703643798828,766600,0.0,0.0,SandP500,GPN
2012-03-15 00:00:00-04:00,24.962377544546086,25.3156402283126,24.962377544546086,25.244033813476562,656000,0.0,0.0,SandP500,GPN
2012-03-16 00:00:00-04:00,25.210624396516028,25.301326609908443,25.105599439165303,25.20107650756836,952800,0.0,0.0,SandP500,GPN
2012-03-19 00:00:00-04:00,25.224940793854785,25.368155460228767,25.110367968111632,25.115142822265625,685200,0.0,0.0,SandP500,GPN
2012-03-20 00:00:00-04:00,25.000573448050435,25.16288391130207,24.967156748652176,25.072181701660156,842000,0.0,0.0,SandP500,GPN
2012-03-21 00:00:00-04:00,25.076947504697475,25.263126725111476,25.019662010971555,25.02443504333496,810400,0.0,0.0,SandP500,GPN
2012-03-22 00:00:00-04:00,24.847805955949262,25.177201672078038,24.680722492023925,25.067401885986328,750000,0.0,0.0,SandP500,GPN
2012-03-23 00:00:00-04:00,25.07695614023278,25.220172655475338,24.890776855705823,25.11992073059082,611200,0.0,0.0,SandP500,GPN
2012-03-26 00:00:00-04:00,25.310864462168354,25.540008242827593,25.28699565980085,25.530460357666016,567000,0.0,0.0,SandP500,GPN
2012-03-27 00:00:00-04:00,25.602078004253922,25.745292692217205,25.30132588477953,25.430219650268555,1291200,0.0,0.0,SandP500,GPN
2012-03-28 00:00:00-04:00,25.411111709493447,25.444528393320343,24.914632662532885,25.096038818359375,1017400,0.0,0.0,SandP500,GPN
2012-03-29 00:00:00-04:00,24.967155406097444,25.06263246541849,24.838261649175053,24.933738708496094,896000,0.0,0.0,SandP500,GPN
2012-03-30 00:00:00-04:00,25.072181804543423,25.08172969313547,21.52999526413072,22.675716400146484,7379200,0.0,0.0,SandP500,GPN
2012-04-02 00:00:00-04:00,21.73527167937933,22.417930277400732,21.31517548142282,21.83552360534668,16351400,0.0,0.0,SandP500,GPN
2012-04-03 00:00:00-04:00,22.15058675212711,22.59932641684856,21.701845266332814,22.389278411865234,9435600,0.0,0.0,SandP500,GPN
2012-04-04 00:00:00-04:00,22.1696941843146,22.451350586949584,21.84984803985271,22.05034828186035,2878000,0.0,0.0,SandP500,GPN
2012-04-05 00:00:00-04:00,21.983510132677598,22.059891420953065,21.496578737018908,21.797330856323242,2185400,0.0,0.0,SandP500,GPN
2012-04-09 00:00:00-04:00,21.415420506916796,21.716172571337886,21.195824570832357,21.69707679748535,2629000,0.0,0.0,SandP500,GPN
2012-04-10 00:00:00-04:00,21.730492681033148,21.74481360035202,21.128988574616287,21.262657165527344,3550000,0.0,0.0,SandP500,GPN
2012-04-11 00:00:00-04:00,21.382001038985333,21.47747807478702,21.10989267064798,21.229238510131836,2587600,0.0,0.0,SandP500,GPN
2012-04-12 00:00:00-04:00,21.286526765022046,21.720945604264404,21.229241264537677,21.69707679748535,1924600,0.0,0.0,SandP500,GPN
2012-04-13 00:00:00-04:00,21.57295214947864,21.654108262996868,21.324712597941843,21.348583221435547,1667400,0.0,0.0,SandP500,GPN
2012-04-16 00:00:00-04:00,21.496579338024045,21.510902081964204,21.21492298818237,21.34381675720215,1062000,0.0,0.0,SandP500,GPN
2012-04-17 00:00:00-04:00,21.420190763679,21.80687193924743,21.39632195999346,21.66843032836914,1923600,0.0,0.0,SandP500,GPN
2012-04-18 00:00:00-04:00,21.472703818218918,21.59204966101987,21.286524594821117,21.40587043762207,2552200,0.0,0.0,SandP500,GPN
2012-04-19 00:00:00-04:00,21.45838318703496,21.649335445428456,21.3772270658861,21.572954177856445,2780600,0.0,0.0,SandP500,GPN
2012-04-20 00:00:00-04:00,21.6732079907063,21.830743572306623,21.520445442032496,21.69707679748535,2269800,0.0,0.0,SandP500,GPN
2012-04-23 00:00:00-04:00,21.49657088908831,21.52521454463702,21.057379097112136,21.348583221435547,1987200,0.0,0.0,SandP500,GPN
2012-04-24 00:00:00-04:00,21.324712899542153,21.372452326131857,21.21491494999521,21.358131408691406,1596000,0.0,0.0,SandP500,GPN
2012-04-25 00:00:00-04:00,21.491804313232773,21.845067065756854,21.491804313232773,21.749591827392578,1128000,0.0,0.0,SandP500,GPN
2012-04-26 00:00:00-04:00,21.692304445135093,22.36064203846346,21.668435635603387,22.222200393676758,2693600,0.0,0.0,SandP500,GPN
2012-04-27 00:00:00-04:00,22.308129204054065,22.312904058527245,22.06943747045057,22.303356170654297,2218400,0.0,0.0,SandP500,GPN
2012-04-30 00:00:00-04:00,22.260392144893114,22.284260954638313,22.00260462906868,22.164915084838867,1531600,0.0,0.0,SandP500,GPN
2012-05-01 00:00:00-04:00,22.055121205243342,22.456123475195902,22.040798459873532,22.398836135864258,2032200,0.0,0.0,SandP500,GPN
2012-05-02 00:00:00-04:00,22.188785756550892,22.365417148775485,22.050344098908607,22.131500244140625,1725200,0.0,0.0,SandP500,GPN
2012-05-03 00:00:00-04:00,22.150588419425393,22.19355299425516,21.467930075504114,21.60159683227539,1744000,0.0,0.0,SandP500,GPN
2012-05-04 00:00:00-04:00,21.276975472416044,21.491798341188538,20.861652473504517,21.45838165283203,4814600,0.0,0.0,SandP500,GPN
2012-05-07 00:00:00-04:00,21.46793034765426,21.515667955371182,21.186274091549222,21.205368041992188,2428800,0.0,0.0,SandP500,GPN
2012-05-08 00:00:00-04:00,21.109894939837247,21.109894939837247,20.87597626803189,20.990549087524414,2924400,0.0,0.0,SandP500,GPN
2012-05-09 00:00:00-04:00,20.823463139095566,20.961904760431175,20.670700598681492,20.813915252685547,1434600,0.0,0.0,SandP500,GPN
2012-05-10 00:00:00-04:00,20.971454103467355,21.0144186847601,20.665929001418174,20.704118728637695,1590800,0.0,0.0,SandP500,GPN
2012-05-11 00:00:00-04:00,20.594321057358954,20.952358632962756,20.556131329585988,20.713666915893555,924000,0.0,0.0,SandP500,GPN
2012-05-14 00:00:00-04:00,20.575221195833848,20.665925195789427,20.446329296764304,20.546579360961914,1252000,0.0,0.0,SandP500,GPN
2012-05-15 00:00:00-04:00,20.589563617087922,20.67075563900238,20.341208656418562,20.417625427246094,1157200,0.01,0.0,SandP500,GPN
2012-05-16 00:00:00-04:00,20.513146877421708,20.570459000149537,20.27911949157715,20.27911949157715,1576200,0.0,0.0,SandP500,GPN
2012-05-17 00:00:00-04:00,20.312553517661435,20.322105842617063,19.839725274835853,19.873157501220703,1802800,0.0,0.0,SandP500,GPN
2012-05-18 00:00:00-04:00,19.868380692870367,20.16927255626828,19.67256258346659,19.70121955871582,1164200,0.0,0.0,SandP500,GPN
2012-05-21 00:00:00-04:00,19.70599725619632,20.21703669101245,19.672565025215814,20.202707290649414,1383800,0.0,0.0,SandP500,GPN
2012-05-22 00:00:00-04:00,20.169274348401004,20.460613912602692,20.03076835526907,20.14061737060547,1582800,0.0,0.0,SandP500,GPN
2012-05-23 00:00:00-04:00,19.944803033979063,20.303007125854492,19.844506325514796,20.303007125854492,828000,0.0,0.0,SandP500,GPN
2012-05-24 00:00:00-04:00,20.303009270515318,20.34121858553989,20.064206517372995,20.10719108581543,1211200,0.0,0.0,SandP500,GPN
2012-05-25 00:00:00-04:00,20.097636944353315,20.455841009286154,20.097636944353315,20.37464714050293,888600,0.0,0.0,SandP500,GPN
2012-05-29 00:00:00-04:00,20.580016116706123,20.71852211564504,20.465390022638065,20.608673095703125,1221600,0.0,0.0,SandP500,GPN
2012-05-30 00:00:00-04:00,20.39374512477165,20.446281995286796,20.193149966615604,20.345983505249023,991200,0.0,0.0,SandP500,GPN
2012-05-31 00:00:00-04:00,20.33166750871129,20.417636650889733,20.06420775283164,20.28868293762207,1172400,0.0,0.0,SandP500,GPN
2012-06-01 00:00:00-04:00,19.949577950807132,20.0307699949944,19.74420748126047,19.76808738708496,1406000,0.0,0.0,SandP500,GPN
2012-06-04 00:00:00-04:00,19.772866791444073,19.858835920078892,19.52928698633867,19.78241729736328,935000,0.0,0.0,SandP500,GPN
2012-06-05 00:00:00-04:00,19.65346046919335,19.92091829355687,19.634355818333162,19.763309478759766,1088800,0.0,0.0,SandP500,GPN
2012-06-06 00:00:00-04:00,19.930474378361925,20.245693889334028,19.8110730208434,20.145397186279297,1773000,0.0,0.0,SandP500,GPN
2012-06-07 00:00:00-04:00,20.37465236748625,20.484501423616294,20.150177179526274,20.17405891418457,979000,0.0,0.0,SandP500,GPN
2012-06-08 00:00:00-04:00,20.18360913675497,20.34599509176752,19.997343269341858,20.28868293762207,1669200,0.0,0.0,SandP500,GPN
2012-06-11 00:00:00-04:00,20.441513638452637,20.479722950362845,19.992565155029297,19.992565155029297,672000,0.0,0.0,SandP500,GPN
2012-06-12 00:00:00-04:00,20.092861043656193,20.19793482518908,20.006891917296592,20.15017318725586,724600,0.0,0.0,SandP500,GPN
2012-06-13 00:00:00-04:00,20.016441415763595,20.18360257010285,19.271376366594463,19.333465576171875,3869400,0.0,0.0,SandP500,GPN
2012-06-14 00:00:00-04:00,19.357344609494405,19.562715059535652,19.23794326979228,19.386001586914062,1224400,0.0,0.0,SandP500,GPN
2012-06-15 00:00:00-04:00,19.462411343998596,19.73464615446786,19.462411343998596,19.643901824951172,1694000,0.0,0.0,SandP500,GPN
2012-06-18 00:00:00-04:00,19.57227026344437,19.86360986666622,19.462421233395496,19.82062530517578,1151800,0.0,0.0,SandP500,GPN
2012-06-19 00:00:00-04:00,19.92569912570604,20.18838174786277,19.882714564122566,20.145397186279297,1408400,0.0,0.0,SandP500,GPN
2012-06-20 00:00:00-04:00,20.17405891418457,20.221818739660048,20.00689588117928,20.17405891418457,1051400,0.0,0.0,SandP500,GPN
2012-06-21 00:00:00-04:00,20.226590587018688,20.226590587018688,19.38123052256488,19.4576473236084,2177200,0.0,0.0,SandP500,GPN
2012-06-22 00:00:00-04:00,19.59136464355289,19.701213615993584,19.486290921253456,19.653453826904297,2318000,0.0,0.0,SandP500,GPN
2012-06-25 00:00:00-04:00,19.4337655823018,19.514959458196095,19.285709055191415,19.29526138305664,1105000,0.0,0.0,SandP500,GPN
2012-06-26 00:00:00-04:00,19.237939378883958,19.39077291703823,19.070778265877564,19.362117767333984,1926200,0.0,0.0,SandP500,GPN
2012-06-27 00:00:00-04:00,19.381231781161674,19.868387780749345,19.371679452670886,19.825403213500977,1325400,0.0,0.0,SandP500,GPN
2012-06-28 00:00:00-04:00,19.706000781463537,19.992565155029297,19.658240963496045,19.992565155029297,1220600,0.0,0.0,SandP500,GPN
2012-06-29 00:00:00-04:00,20.269570529952038,20.665983847552017,20.188378494445438,20.646879196166992,1914400,0.0,0.0,SandP500,GPN
2012-07-02 00:00:00-04:00,20.732851959522232,20.909565461178822,20.484496913505325,20.76150894165039,1034800,0.0,0.0,SandP500,GPN
2012-07-03 00:00:00-04:00,20.766281127929688,20.78060870591801,20.618222808344104,20.766281127929688,556600,0.0,0.0,SandP500,GPN
2012-07-05 00:00:00-04:00,20.775829995148786,21.114929311831894,20.685085646463325,21.0576171875,1338200,0.0,0.0,SandP500,GPN
2012-07-06 00:00:00-04:00,20.871355157387608,20.96209952233559,20.63732772305242,20.895235061645508,1033600,0.0,0.0,SandP500,GPN
2012-07-09 00:00:00-04:00,20.799712045996174,20.89523347770679,20.556134125957893,20.88568115234375,1427800,0.0,0.0,SandP500,GPN
2012-07-10 00:00:00-04:00,21.000303971150935,21.03851144474554,20.527473959721156,20.622995376586914,891000,0.0,0.0,SandP500,GPN
2012-07-11 00:00:00-04:00,20.632551295223013,20.699415752102823,20.5370298617148,20.656431198120117,1254200,0.0,0.0,SandP500,GPN
2012-07-12 00:00:00-04:00,20.527475311411926,20.809262507665277,20.255240439666096,20.747173309326172,3374000,0.0,0.0,SandP500,GPN
2012-07-13 00:00:00-04:00,20.766278194690425,21.105377519928744,20.723293644877145,21.0958251953125,1559000,0.0,0.0,SandP500,GPN
2012-07-16 00:00:00-04:00,21.11016385475059,21.177028334479775,20.80449662060549,21.024194717407227,1706200,0.0,0.0,SandP500,GPN
2012-07-17 00:00:00-04:00,21.03851221676597,21.134033637136938,20.85224644909833,21.067169189453125,1814200,0.0,0.0,SandP500,GPN
2012-07-18 00:00:00-04:00,20.99553043516126,21.387166670558408,20.990755183377303,21.315526962280273,1531600,0.0,0.0,SandP500,GPN
2012-07-19 00:00:00-04:00,21.34418117755667,21.539999286638118,21.243884497229036,21.286869049072266,2574200,0.0,0.0,SandP500,GPN
2012-07-20 00:00:00-04:00,21.14836356407738,21.181795791636723,20.694639955223455,20.69941520690918,4780200,0.0,0.0,SandP500,GPN
2012-07-23 00:00:00-04:00,20.36031290206556,20.441504922374786,20.011661278188097,20.345983505249023,2371200,0.0,0.0,SandP500,GPN
2012-07-24 00:00:00-04:00,20.345988173352517,20.46061426458669,19.91136735653613,20.04987335205078,1723200,0.0,0.0,SandP500,GPN
2012-07-25 00:00:00-04:00,20.637323415635304,20.837918577757282,20.078526120568892,20.417625427246094,3197600,0.0,0.0,SandP500,GPN
2012-07-26 00:00:00-04:00,20.694645275804906,20.871358784325786,20.303007125854492,20.303007125854492,2305200,0.0,0.0,SandP500,GPN
2012-07-27 00:00:00-04:00,20.532255664114295,21.525673886614452,20.045097967937526,21.1722469329834,4897200,0.0,0.0,SandP500,GPN
2012-07-30 00:00:00-04:00,21.076724996214743,21.28209544627409,20.775833110001305,20.857025146484375,2087800,0.0,0.0,SandP500,GPN
2012-07-31 00:00:00-04:00,20.81404428171444,20.890461073113705,20.345989384733937,20.45106315612793,2402200,0.0,0.0,SandP500,GPN
2012-08-01 00:00:00-04:00,20.508373909963414,20.589567770174877,20.14061755682655,20.164499282836914,1425000,0.0,0.0,SandP500,GPN
2012-08-02 00:00:00-04:00,19.978232993854554,20.298227709100015,19.88271155789835,20.06897735595703,1143200,0.0,0.0,SandP500,GPN
2012-08-03 00:00:00-04:00,20.455838769016033,20.537030806987225,20.298228123185048,20.384197235107422,886000,0.0,0.0,SandP500,GPN
2012-08-06 00:00:00-04:00,20.355541041251872,20.651657692355254,20.29345365285403,20.551359176635742,1165200,0.0,0.0,SandP500,GPN
2012-08-07 00:00:00-04:00,20.61344755632129,20.89523479558425,20.541806022539905,20.766281127929688,1182000,0.0,0.0,SandP500,GPN
2012-08-08 00:00:00-04:00,20.618222238042787,20.828369759631553,20.446285841179026,20.56568717956543,1881800,0.0,0.0,SandP500,GPN
2012-08-09 00:00:00-04:00,20.59912227087527,20.771060513550246,20.307782673222682,20.37464714050293,739600,0.0,0.0,SandP500,GPN
2012-08-10 00:00:00-04:00,20.35553705561117,20.53225232561306,20.202703507769254,20.50359535217285,883600,0.0,0.0,SandP500,GPN
2012-08-13 00:00:00-04:00,20.221812228553148,20.312556596506514,19.920920323562555,20.250469207763672,2436800,0.0,0.0,SandP500,GPN
2012-08-14 00:00:00-04:00,20.154948707933467,20.240917827664298,19.892266096275957,20.05942726135254,1858200,0.0,0.0,SandP500,GPN
2012-08-15 00:00:00-04:00,20.05942080022035,20.197992750207142,19.572031123664654,19.68193244934082,3023400,0.01,0.0,SandP500,GPN
2012-08-16 00:00:00-04:00,19.767948055564002,20.01642140106412,19.715386140948283,19.853958129882812,2844200,0.0,0.0,SandP500,GPN
2012-08-17 00:00:00-04:00,19.887403610405755,19.930408641771635,19.52902895661936,19.562477111816406,2092200,0.0,0.0,SandP500,GPN
2012-08-20 00:00:00-04:00,19.562474870489957,19.591145495711586,19.204100257763525,19.275775909423828,3069800,0.0,0.0,SandP500,GPN
2012-08-21 00:00:00-04:00,19.323564063510275,19.35223469704293,18.97952557505873,19.055978775024414,2532600,0.0,0.0,SandP500,GPN
2012-08-22 00:00:00-04:00,18.993860885133316,19.232777374254493,18.81228384302054,19.175437927246094,2681400,0.0,0.0,SandP500,GPN
2012-08-23 00:00:00-04:00,19.13720466507609,19.261442222858495,19.08942211072139,19.21843719482422,1815200,0.0,0.0,SandP500,GPN
2012-08-24 00:00:00-04:00,19.223221512131047,19.543370572326946,19.184995819700816,19.514699935913086,2566600,0.0,0.0,SandP500,GPN
2012-08-27 00:00:00-04:00,19.548141533408216,19.720161648527107,19.46213147584877,19.701047897338867,2393400,0.0,0.0,SandP500,GPN
2012-08-28 00:00:00-04:00,19.667596481561528,19.925626611436112,19.581586438269998,19.85873031616211,2121600,0.0,0.0,SandP500,GPN
2012-08-29 00:00:00-04:00,19.83961656814458,19.911290389029297,19.720158377216055,19.85873031616211,1437800,0.0,0.0,SandP500,GPN
2012-08-30 00:00:00-04:00,19.724942566085243,19.85395767460497,19.615041212039838,19.73927879333496,1141200,0.0,0.0,SandP500,GPN
2012-08-31 00:00:00-04:00,19.853960449664502,19.93519300614055,19.572038911520938,19.901744842529297,1001600,0.0,0.0,SandP500,GPN
2012-09-04 00:00:00-04:00,19.873071884795436,19.963859486448403,19.610264134504845,19.853958129882812,1707600,0.0,0.0,SandP500,GPN
2012-09-05 00:00:00-04:00,19.863516710615173,20.064207508830755,19.791841034940717,20.02597999572754,1303200,0.0,0.0,SandP500,GPN
2012-09-06 00:00:00-04:00,20.07376055834382,20.303121968466687,20.064205503811003,20.111988067626953,1370800,0.0,0.0,SandP500,GPN
2012-09-07 00:00:00-04:00,20.15977162715792,20.15977162715792,19.887406989821066,19.992530822753906,1877800,0.0,0.0,SandP500,GPN
2012-09-10 00:00:00-04:00,20.02119689368214,20.413019679958058,19.959078113578602,20.288782119750977,1769400,0.0,0.0,SandP500,GPN
2012-09-11 00:00:00-04:00,20.2314439990635,20.355679744528608,20.116763307044526,20.303119659423828,1514600,0.0,0.0,SandP500,GPN
2012-09-12 00:00:00-04:00,20.13588766529831,20.4034748724251,20.131110136058865,20.360469818115234,825400,0.0,0.0,SandP500,GPN
2012-09-13 00:00:00-04:00,20.350897730047183,20.671044810739232,20.350897730047183,20.556365966796875,1247800,0.0,0.0,SandP500,GPN
2012-09-14 00:00:00-04:00,20.604153609725646,20.881297559563183,20.565927926554703,20.72361183166504,1082600,0.0,0.0,SandP500,GPN
2012-09-17 00:00:00-04:00,20.733170096791177,20.914747116681042,20.608934339679962,20.847850799560547,2281000,0.0,0.0,SandP500,GPN
2012-09-18 00:00:00-04:00,20.761837082644874,20.814398986235418,20.5611463437344,20.675827026367188,1322600,0.0,0.0,SandP500,GPN
2012-09-19 00:00:00-04:00,20.70927553658283,20.94819195863718,20.671048034116065,20.91952133178711,1019200,0.0,0.0,SandP500,GPN
2012-09-20 00:00:00-04:00,20.857410181672936,21.019873466815152,20.70450377480828,20.83351707458496,1177000,0.0,0.0,SandP500,GPN
2012-09-21 00:00:00-04:00,20.967308548709525,21.11543558385458,20.84307097165921,21.038982391357422,2194800,0.0,0.0,SandP500,GPN
2012-09-24 00:00:00-04:00,20.9673060059602,21.034202313434072,20.752280858517278,20.900409698486328,1147000,0.0,0.0,SandP500,GPN
2012-09-25 00:00:00-04:00,21.058092129051634,21.230112235060126,20.75227941738655,20.819175720214844,1856800,0.0,0.0,SandP500,GPN
2012-09-26 00:00:00-04:00,20.89563307791267,20.933860585911276,20.532480865865445,20.671051025390625,1474000,0.0,0.0,SandP500,GPN
2012-09-27 00:00:00-04:00,20.71883514024743,20.93863784000981,20.58504250957257,20.929080963134766,1294600,0.0,0.0,SandP500,GPN
2012-09-28 00:00:00-04:00,20.718828826711093,20.967302081382698,19.763163303875984,19.98774528503418,6518400,0.0,0.0,SandP500,GPN
2012-10-01 00:00:00-04:00,20.10719984293392,20.15975990605329,19.681927230958323,19.9686279296875,4279600,0.0,0.0,SandP500,GPN
2012-10-02 00:00:00-04:00,20.011643712573978,20.63760368722351,20.011643712573978,20.52770233154297,2842800,0.0,0.0,SandP500,GPN
2012-10-03 00:00:00-04:00,20.527700127796457,20.61371019218903,20.24100112834641,20.436912536621094,3377600,0.0,0.0,SandP500,GPN
2012-10-04 00:00:00-04:00,20.580259372233577,21.034200914923286,20.50858372025558,20.972082138061523,3545200,0.0,0.0,SandP500,GPN
2012-10-05 00:00:00-04:00,21.048540041461308,21.12021570953002,20.905190528111845,20.93863868713379,1198400,0.0,0.0,SandP500,GPN
2012-10-08 00:00:00-04:00,20.900419313828472,20.905196842508385,20.661502778485517,20.70450782775879,1175200,0.0,0.0,SandP500,GPN
2012-10-09 00:00:00-04:00,20.656726724331122,20.776185011071036,20.470372088663066,20.479928970336914,1409600,0.0,0.0,SandP500,GPN
2012-10-10 00:00:00-04:00,20.479920808640514,20.513368969774763,20.26967314118173,20.3652400970459,1956400,0.0,0.0,SandP500,GPN
2012-10-11 00:00:00-04:00,20.54682312219338,20.608941935036636,20.389137325619416,20.54204559326172,1942800,0.0,0.0,SandP500,GPN
2012-10-12 00:00:00-04:00,20.503812474125425,20.68538951137335,20.4369161506099,20.608936309814453,2001800,0.0,0.0,SandP500,GPN
2012-10-15 00:00:00-04:00,20.613708285804083,20.795285274150103,20.499029425744844,20.632822036743164,888600,0.0,0.0,SandP500,GPN
2012-10-16 00:00:00-04:00,20.666276611615213,20.780957330099532,20.628049097857712,20.771400451660156,732800,0.0,0.0,SandP500,GPN
2012-10-17 00:00:00-04:00,20.761841476374265,21.000757944864677,20.714057089003386,20.943418502807617,1339000,0.0,0.0,SandP500,GPN
2012-10-18 00:00:00-04:00,20.90519066873352,21.00553514647433,20.752284277093825,20.80962371826172,874400,0.0,0.0,SandP500,GPN
2012-10-19 00:00:00-04:00,20.785730786910054,20.828735820070346,20.666272563996777,20.74750328063965,2159200,0.0,0.0,SandP500,GPN
2012-10-22 00:00:00-04:00,20.74750328063965,20.795287663477655,20.642381283971687,20.74750328063965,1572800,0.0,0.0,SandP500,GPN
2012-10-23 00:00:00-04:00,20.585046985445118,20.618495150386572,20.307902964172158,20.565933227539062,1729800,0.0,0.0,SandP500,GPN
2012-10-24 00:00:00-04:00,20.62804742368446,20.656718056675675,20.293565819393788,20.403467178344727,1633600,0.0,0.0,SandP500,GPN
2012-10-25 00:00:00-04:00,20.542035419626515,20.61370925483596,20.427354731388622,20.513364791870117,1441400,0.0,0.0,SandP500,GPN
2012-10-26 00:00:00-04:00,20.527700846053364,20.58981963312991,20.33656878066162,20.575485229492188,1203400,0.0,0.0,SandP500,GPN
2012-10-31 00:00:00-04:00,20.456025440492482,20.575483655770974,20.140655825068773,20.42735481262207,1745800,0.0,0.0,SandP500,GPN
2012-11-01 00:00:00-04:00,20.470354775442452,21.124985122729324,20.08808894574162,20.976858139038086,2561800,0.0,0.0,SandP500,GPN
2012-11-02 00:00:00-04:00,20.986417276003177,21.07720668140052,20.666270150915487,20.675827026367188,1190200,0.0,0.0,SandP500,GPN
2012-11-05 00:00:00-05:00,20.718835378653413,20.771397290677033,20.489475799376812,20.518144607543945,777200,0.0,0.0,SandP500,GPN
2012-11-06 00:00:00-05:00,20.50381090896933,20.847851201116157,20.427357713246476,20.65671730041504,1542000,0.0,0.0,SandP500,GPN
2012-11-07 00:00:00-05:00,20.55637907418405,20.62805294165267,20.116771697998047,20.116771697998047,1424000,0.0,0.0,SandP500,GPN
2012-11-08 00:00:00-05:00,20.12632452425493,20.20277772782825,19.830068588256836,19.830068588256836,1398000,0.0,0.0,SandP500,GPN
2012-11-09 00:00:00-05:00,19.791833668775077,19.94474184149011,19.595922294006172,19.81094741821289,1768000,0.0,0.0,SandP500,GPN
2012-11-12 00:00:00-05:00,19.863512801270314,20.092872366384825,19.858735274466753,19.95907974243164,480600,0.0,0.0,SandP500,GPN
2012-11-13 00:00:00-05:00,19.863513978574165,20.217111134992326,19.863513978574165,20.016420364379883,1044000,0.0,0.0,SandP500,GPN
2012-11-14 00:00:00-05:00,20.03554510854754,20.25545282604689,19.72002478493493,19.79173469543457,2265000,0.01,0.0,SandP500,GPN
2012-11-15 00:00:00-05:00,19.777393536200304,19.88734740560802,19.66265985667006,19.80129623413086,910600,0.0,0.0,SandP500,GPN
2012-11-16 00:00:00-05:00,19.79173106170729,20.059444121282226,19.667434149483114,20.02120018005371,1460000,0.0,0.0,SandP500,GPN
2012-11-19 00:00:00-05:00,20.183743505150755,20.360625630267318,20.073789653123775,20.293697357177734,1883800,0.0,0.0,SandP500,GPN
2012-11-20 00:00:00-05:00,20.245893845678804,20.317603764900877,20.049888799952,20.069011688232422,1633600,0.0,0.0,SandP500,GPN
2012-11-21 00:00:00-05:00,20.107253980326735,20.317600243982604,20.073789843464635,20.312820434570312,1203400,0.0,0.0,SandP500,GPN
2012-11-23 00:00:00-05:00,20.39887306264534,20.69049072265625,20.19808820905952,20.69049072265625,352000,0.0,0.0,SandP500,GPN
2012-11-26 00:00:00-05:00,20.609213772707484,21.05859053841426,20.609213772707484,20.915172576904297,1633800,0.0,0.0,SandP500,GPN
2012-11-27 00:00:00-05:00,20.80044335202113,21.044255601005325,20.59009706696283,20.76219940185547,1227200,0.0,0.0,SandP500,GPN
2012-11-28 00:00:00-05:00,20.714394976141183,21.10162342408451,20.642685058698884,20.876934051513672,2066000,0.0,0.0,SandP500,GPN
2012-11-29 00:00:00-05:00,20.9677677154541,21.05859870076305,20.86737528585068,20.9677677154541,683400,0.0,0.0,SandP500,GPN
2012-11-30 00:00:00-05:00,21.04902980091449,21.154203827242082,20.805219440569523,20.991662979125977,884200,0.0,0.0,SandP500,GPN
2012-12-03 00:00:00-05:00,21.08248814294724,21.08248814294724,20.570963048624925,20.786090850830078,853200,0.0,0.0,SandP500,GPN
2012-12-04 00:00:00-05:00,20.71439094823902,21.0681551855624,20.63311960269699,21.053813934326172,1101600,0.0,0.0,SandP500,GPN
2012-12-05 00:00:00-05:00,21.082494417222296,21.321524974440955,20.915173756632605,21.254596710205078,972800,0.0,0.0,SandP500,GPN
2012-12-06 00:00:00-05:00,21.211571032592822,21.316745060822246,20.95341941804725,21.24025535583496,797000,0.0,0.0,SandP500,GPN
2012-12-07 00:00:00-05:00,21.364552562069434,21.42670102343039,21.240257463006124,21.26416015625,536600,0.0,0.0,SandP500,GPN
2012-12-10 00:00:00-05:00,21.03469134593864,21.18767077347096,20.551850369725756,21.087278366088867,2818600,0.0,0.0,SandP500,GPN
2012-12-11 00:00:00-05:00,21.225917477381696,21.488850766058853,21.168548821785485,21.402799606323242,1971800,0.0,0.0,SandP500,GPN
2012-12-12 00:00:00-05:00,21.503194898212943,21.66095598674459,21.441046424822392,21.507976531982422,818200,0.0,0.0,SandP500,GPN
2012-12-13 00:00:00-05:00,21.507969522574026,21.656167295269327,21.283280223767136,21.37411117553711,520000,0.0,0.0,SandP500,GPN
2012-12-14 00:00:00-05:00,21.369335119148968,21.4840687811453,21.130304529054815,21.14942741394043,1007600,0.0,0.0,SandP500,GPN
2012-12-17 00:00:00-05:00,21.14464385232062,21.441041246379008,21.14464385232062,21.359771728515625,805600,0.0,0.0,SandP500,GPN
2012-12-18 00:00:00-05:00,21.278498378515405,21.790025424144247,21.278498378515405,21.76612091064453,1250400,0.0,0.0,SandP500,GPN
2012-12-19 00:00:00-05:00,21.852173458231825,21.89998066464722,21.699194045019464,21.703975677490234,940000,0.0,0.0,SandP500,GPN
2012-12-20 00:00:00-05:00,21.71831622053247,21.847392938164184,21.58445969424405,21.837831497192383,912400,0.0,0.0,SandP500,GPN
2012-12-21 00:00:00-05:00,21.512759503614735,21.6466160902885,21.417146874422382,21.441049575805664,1833400,0.0,0.0,SandP500,GPN
2012-12-24 00:00:00-05:00,21.417142671668365,21.445827001895022,21.283286111261702,21.393239974975586,246800,0.0,0.0,SandP500,GPN
2012-12-26 00:00:00-05:00,21.46016900287904,21.46016900287904,21.245041077830948,21.259384155273438,526600,0.0,0.0,SandP500,GPN
2012-12-27 00:00:00-05:00,21.273719276239067,21.48406550694778,21.173326881377527,21.426698684692383,666200,0.0,0.0,SandP500,GPN
2012-12-28 00:00:00-05:00,21.331081282422062,21.570111782120026,21.273714473118787,21.316740036010742,607400,0.0,0.0,SandP500,GPN
2012-12-31 00:00:00-05:00,21.206793063531823,21.665731333267573,21.202011430747458,21.656169891357422,759000,0.0,0.0,SandP500,GPN
2013-01-02 00:00:00-05:00,22.07686786107599,22.143796141835516,21.82349599144096,22.05296516418457,1228800,0.0,0.0,SandP500,GPN
2013-01-03 00:00:00-05:00,22.000373425727652,22.335016581524584,21.947786409632045,22.167694091796875,1754600,0.0,0.0,SandP500,GPN
2013-01-04 00:00:00-05:00,22.234620325824213,22.61707065386691,22.0003714147393,22.564483642578125,1513600,0.0,0.0,SandP500,GPN
2013-01-07 00:00:00-05:00,22.4688693312209,22.564481905872626,21.890415898882328,21.96690559387207,1997600,0.0,0.0,SandP500,GPN
2013-01-08 00:00:00-05:00,21.88563856411643,22.210720287563223,21.794807603375737,22.024276733398438,2138000,0.0,0.0,SandP500,GPN
2013-01-09 00:00:00-05:00,23.984323498904075,23.984323498904075,23.009080282064154,23.358064651489258,7141600,0.0,0.0,SandP500,GPN
2013-01-10 00:00:00-05:00,23.49670572438621,23.49670572438621,23.23855227150454,23.472801208496094,2058000,0.0,0.0,SandP500,GPN
2013-01-11 00:00:00-05:00,23.424997426129927,23.48714588910939,23.31982338472756,23.434558868408203,1029200,0.0,0.0,SandP500,GPN
2013-01-14 00:00:00-05:00,23.506262925712857,23.630559830392027,23.42499341574891,23.625778198242188,1346600,0.0,0.0,SandP500,GPN
2013-01-15 00:00:00-05:00,23.24333526355403,23.840911769471823,23.24333526355403,23.831350326538086,1737600,0.0,0.0,SandP500,GPN
2013-01-16 00:00:00-05:00,23.67358389319774,23.90305298299551,23.640119764914203,23.66880226135254,1698800,0.0,0.0,SandP500,GPN
2013-01-17 00:00:00-05:00,23.950868679584875,24.25204778756869,23.70227842626697,23.735742568969727,2802200,0.0,0.0,SandP500,GPN
2013-01-18 00:00:00-05:00,23.75485219542621,23.950857147017953,23.673582694754128,23.94129753112793,1943600,0.0,0.0,SandP500,GPN
2013-01-22 00:00:00-05:00,23.888714935270002,24.013010025024414,23.797882154624027,24.013010025024414,1091600,0.0,0.0,SandP500,GPN
2013-01-23 00:00:00-05:00,23.946073068337125,23.97953718895832,23.697481155395508,23.697481155395508,1278600,0.0,0.0,SandP500,GPN
2013-01-24 00:00:00-05:00,23.678372012908678,23.869597233359336,23.635346429490223,23.74530029296875,2246800,0.0,0.0,SandP500,GPN
2013-01-25 00:00:00-05:00,23.802664198735442,23.893495157293717,23.6879287246516,23.84568977355957,1035800,0.0,0.0,SandP500,GPN
2013-01-28 00:00:00-05:00,23.860036166676444,23.950867144812186,23.73574104798233,23.778766632080078,1679600,0.0,0.0,SandP500,GPN
2013-01-29 00:00:00-05:00,23.711831540453375,23.740515865038883,23.554072314379333,23.64968490600586,1342000,0.0,0.0,SandP500,GPN
2013-01-30 00:00:00-05:00,23.630564959162612,23.630564959162612,23.487146965731682,23.554075241088867,1197200,0.0,0.0,SandP500,GPN
2013-01-31 00:00:00-05:00,23.554073243499893,23.597098820246106,23.36284805270372,23.549291610717773,838800,0.0,0.0,SandP500,GPN
2013-02-01 00:00:00-05:00,23.625785143596243,23.65925110750823,23.429780111974196,23.54451560974121,961000,0.0,0.0,SandP500,GPN
2013-02-04 00:00:00-05:00,23.444125079161104,23.625787048421955,23.305486873415443,23.329389572143555,964400,0.0,0.0,SandP500,GPN
2013-02-05 00:00:00-05:00,23.46802166513335,23.726175120936905,23.37240907146627,23.71183204650879,1101800,0.0,0.0,SandP500,GPN
2013-02-06 00:00:00-05:00,23.67358548336599,23.850467576697124,23.525385888399807,23.83612632751465,814800,0.0,0.0,SandP500,GPN
2013-02-07 00:00:00-05:00,23.778758199446862,23.91739452245616,23.515823154505583,23.692707061767578,985800,0.0,0.0,SandP500,GPN
2013-02-08 00:00:00-05:00,23.683152906182222,23.950866018054768,23.65925021028772,23.87437629699707,868200,0.0,0.0,SandP500,GPN
2013-02-11 00:00:00-05:00,23.817003746733498,23.950860270548116,23.759636925621287,23.869590759277344,918000,0.0,0.0,SandP500,GPN
2013-02-12 00:00:00-05:00,23.81221658585233,23.874363196344387,23.659237227681768,23.697481155395508,1177400,0.0,0.0,SandP500,GPN
2013-02-13 00:00:00-05:00,23.673580773649725,23.81705665588379,23.429671956291298,23.81705665588379,1126400,0.01,0.0,SandP500,GPN
2013-02-14 00:00:00-05:00,23.740536287468665,24.013141013600922,23.73575454858689,23.874446868896484,912400,0.0,0.0,SandP500,GPN
2013-02-15 00:00:00-05:00,23.821837146594042,24.123135913105855,23.754880040752383,23.974878311157227,972200,0.0,0.0,SandP500,GPN
2013-02-19 00:00:00-05:00,24.008359630673915,24.50574440391567,23.970098421473068,24.390962600708008,2713400,0.0,0.0,SandP500,GPN
2013-02-20 00:00:00-05:00,24.443567433192474,24.443567433192474,24.051399215695458,24.056180953979492,1276800,0.0,0.0,SandP500,GPN
2013-02-21 00:00:00-05:00,23.91269720131505,23.95574012925318,23.190534548568703,23.58270263671875,1321200,0.0,0.0,SandP500,GPN
2013-02-22 00:00:00-05:00,23.774009666639458,24.008354966480308,23.544447929216826,23.759662628173828,1118400,0.0,0.0,SandP500,GPN
2013-02-25 00:00:00-05:00,23.86965910747774,23.86965910747774,23.37227446710512,23.377058029174805,914200,0.0,0.0,SandP500,GPN
2013-02-26 00:00:00-05:00,23.467926093599612,23.53009963094608,23.228799068537953,23.47270965576172,1125600,0.0,0.0,SandP500,GPN
2013-02-27 00:00:00-05:00,23.448793829988457,23.59227149436088,23.233580982218395,23.53009796142578,1900000,0.0,0.0,SandP500,GPN
2013-02-28 00:00:00-05:00,23.52054206797985,23.56358501962549,22.946636654169698,23.0566349029541,2576000,0.0,0.0,SandP500,GPN
2013-03-01 00:00:00-05:00,22.956199681417573,23.099675564547464,22.707507299274834,22.97054672241211,2338000,0.0,0.0,SandP500,GPN
2013-03-04 00:00:00-05:00,22.917935124715903,23.07097811200983,22.831851066930266,23.061412811279297,1395400,0.0,0.0,SandP500,GPN
2013-03-05 00:00:00-05:00,23.147498964168896,23.362711847741757,23.099672459956913,23.133150100708008,1066000,0.0,0.0,SandP500,GPN
2013-03-06 00:00:00-05:00,23.209666864940356,23.267058660553484,22.712284073719943,22.717065811157227,1571000,0.0,0.0,SandP500,GPN
2013-03-07 00:00:00-05:00,22.6692426060822,22.736197880902417,22.47315851936825,22.616634368896484,2216000,0.0,0.0,SandP500,GPN
2013-03-08 00:00:00-05:00,22.779239046602044,22.807933119639433,22.597502011656736,22.650110244750977,1133800,0.0,0.0,SandP500,GPN
2013-03-11 00:00:00-04:00,22.645325377217212,22.903582966027805,22.587935410057355,22.784019470214844,782600,0.0,0.0,SandP500,GPN
2013-03-12 00:00:00-04:00,22.8031568090882,23.032718569991072,22.66446267508604,23.008806228637695,1464800,0.0,0.0,SandP500,GPN
2013-03-13 00:00:00-04:00,23.02314874882407,23.34836163569158,23.02314874882407,23.267059326171875,1619600,0.0,0.0,SandP500,GPN
2013-03-14 00:00:00-04:00,23.33401265734855,23.482270226937395,23.19053682493597,23.276620864868164,753400,0.0,0.0,SandP500,GPN
2013-03-15 00:00:00-04:00,23.20966010830567,23.243137733803742,22.654885682974196,22.92270851135254,2526400,0.0,0.0,SandP500,GPN
2013-03-18 00:00:00-04:00,22.669252048980677,22.79359735052946,22.46360257671544,22.602294921875,1268400,0.0,0.0,SandP500,GPN
2013-03-19 00:00:00-04:00,22.602283788819417,22.74097789005852,22.415765016170965,22.664457321166992,1024000,0.0,0.0,SandP500,GPN
2013-03-20 00:00:00-04:00,22.736198911193203,22.8892400675443,22.645329470338524,22.8461971282959,752400,0.0,0.0,SandP500,GPN
2013-03-21 00:00:00-04:00,22.721847340706727,23.13792964532076,22.721847340706727,23.090103149414062,1489400,0.0,0.0,SandP500,GPN
2013-03-22 00:00:00-04:00,23.12357929940095,23.22879575924462,22.89880116845424,23.171405792236328,1184000,0.0,0.0,SandP500,GPN
2013-03-25 00:00:00-04:00,23.252716699507168,23.410541447685045,23.11880611879491,23.386629104614258,944200,0.0,0.0,SandP500,GPN
2013-03-26 00:00:00-04:00,23.48227381662144,23.664010871802688,23.410536801645964,23.625751495361328,1147000,0.0,0.0,SandP500,GPN
2013-03-27 00:00:00-04:00,23.47270848499229,23.65922726333411,23.26705910774507,23.64009666442871,1285000,0.0,0.0,SandP500,GPN
2013-03-28 00:00:00-04:00,23.630535653861163,23.80270742646986,23.49184152321586,23.750099182128906,1395600,0.0,0.0,SandP500,GPN
2013-04-01 00:00:00-04:00,23.797922741230426,23.86487984639379,23.353148115495646,23.501405715942383,1740800,0.0,0.0,SandP500,GPN
2013-04-02 00:00:00-04:00,23.5301032309457,23.57314617501795,23.295757907797952,23.439233779907227,1618800,0.0,0.0,SandP500,GPN
2013-04-03 00:00:00-04:00,21.904044516593295,22.367951727802122,21.114926090391346,21.291879653930664,10829000,0.0,0.0,SandP500,GPN
2013-04-04 00:00:00-04:00,21.267958109980505,21.449693334755775,20.9140493115337,21.373172760009766,3158400,0.0,0.0,SandP500,GPN
2013-04-05 00:00:00-04:00,21.091006043905157,21.28230842240374,21.057528401327108,21.253612518310547,2446400,0.0,0.0,SandP500,GPN
2013-04-08 00:00:00-04:00,21.23447973537758,21.631429632968747,21.191436799552577,21.617082595825195,2113000,0.0,0.0,SandP500,GPN
2013-04-09 00:00:00-04:00,22.04751280362421,22.19577222820123,21.77490811846888,21.784473419189453,2792600,0.0,0.0,SandP500,GPN
2013-04-10 00:00:00-04:00,21.79403987998075,22.147948727901806,21.789258141563224,22.04273223876953,1607400,0.0,0.0,SandP500,GPN
2013-04-11 00:00:00-04:00,22.04751258958527,22.186206712095267,22.028383812724396,22.167076110839844,1248600,0.0,0.0,SandP500,GPN
2013-04-12 00:00:00-04:00,22.14316400182858,22.147947564389476,21.69838755218289,21.779691696166992,1147200,0.0,0.0,SandP500,GPN
2013-04-15 00:00:00-04:00,21.63621560221705,21.68882201906124,21.296653815420047,21.301437377929688,1676600,0.0,0.0,SandP500,GPN
2013-04-16 00:00:00-04:00,21.440129168310904,21.645776723992988,21.282304461761584,21.62664794921875,1448600,0.0,0.0,SandP500,GPN
2013-04-17 00:00:00-04:00,21.49274078558034,21.54056729508674,21.181876683565335,21.52143669128418,1752600,0.0,0.0,SandP500,GPN
2013-04-18 00:00:00-04:00,21.593168986280364,21.612297759879414,21.244041958282725,21.349258422851562,1869800,0.0,0.0,SandP500,GPN
2013-04-19 00:00:00-04:00,21.425781143128273,21.535779356050085,21.186654117369265,21.40665054321289,1919400,0.0,0.0,SandP500,GPN
2013-04-22 00:00:00-04:00,21.44013303807314,21.669694796347084,21.220134756715265,21.650564193725586,1390200,0.0,0.0,SandP500,GPN
2013-04-23 00:00:00-04:00,21.765341755085295,21.985340012128212,21.655343538761077,21.966209411621094,1660600,0.0,0.0,SandP500,GPN
2013-04-24 00:00:00-04:00,21.999686798533197,22.03316443684028,21.832298606997796,21.91360092163086,1611800,0.0,0.0,SandP500,GPN
2013-04-25 00:00:00-04:00,21.932733303886742,22.06664386799489,21.82273507988439,21.875343322753906,836400,0.0,0.0,SandP500,GPN
2013-04-26 00:00:00-04:00,21.82751712262255,21.961427688598633,21.76056183963451,21.961427688598633,1081400,0.0,0.0,SandP500,GPN
2013-04-29 00:00:00-04:00,21.99490951142852,22.104907748752495,21.889693012946964,22.05229949951172,1201000,0.0,0.0,SandP500,GPN
2013-04-30 00:00:00-04:00,21.650562816874217,22.463595132636932,21.650562816874217,22.190990447998047,1877800,0.0,0.0,SandP500,GPN
2013-05-01 00:00:00-04:00,22.03316456237061,22.387073372140392,21.942296947075754,22.353595733642578,1958000,0.0,0.0,SandP500,GPN
2013-05-02 00:00:00-04:00,22.38707555029759,22.55446375907275,22.372726686406402,22.425334930419922,1335200,0.0,0.0,SandP500,GPN
2013-05-03 00:00:00-04:00,22.559251320425314,22.72664139680178,22.41099367564044,22.430124282836914,1595200,0.0,0.0,SandP500,GPN
2013-05-06 00:00:00-04:00,22.430117046419806,22.659678785530794,22.36794350528729,22.516202926635742,1965000,0.0,0.0,SandP500,GPN
2013-05-07 00:00:00-04:00,22.60229286179453,22.688378764403243,22.49229461388229,22.549686431884766,1672600,0.0,0.0,SandP500,GPN
2013-05-08 00:00:00-04:00,22.573596903158464,22.650117496414126,22.497076309902802,22.56403160095215,938800,0.0,0.0,SandP500,GPN
2013-05-09 00:00:00-04:00,22.573600271473786,22.62620852926102,22.42055906212645,22.454036712646484,713800,0.0,0.0,SandP500,GPN
2013-05-10 00:00:00-04:00,22.45881041056403,22.578373926579886,22.320116294130962,22.372724533081055,986200,0.0,0.0,SandP500,GPN
2013-05-13 00:00:00-04:00,22.38229516354383,22.38229516354383,22.119255730546048,22.267515182495117,1084000,0.0,0.0,SandP500,GPN
2013-05-14 00:00:00-04:00,22.229247880603747,22.659677252564133,22.229247880603747,22.60706901550293,900800,0.0,0.0,SandP500,GPN
2013-05-15 00:00:00-04:00,22.530514333944875,22.65491220803967,22.253008716490044,22.3104248046875,1926400,0.01,0.0,SandP500,GPN
2013-05-16 00:00:00-04:00,22.25780060706516,22.80324082325794,22.224308792047502,22.372629165649414,2076600,0.0,0.0,SandP500,GPN
2013-05-17 00:00:00-04:00,22.382200215229428,22.817595668673093,22.339139046200177,22.669275283813477,1534800,0.0,0.0,SandP500,GPN
2013-05-20 00:00:00-04:00,22.59271940309799,22.726686656175712,22.549658239584875,22.62142562866211,1340200,0.0,0.0,SandP500,GPN
2013-05-21 00:00:00-04:00,22.607077130359468,22.83673610758431,22.564015958056853,22.67884635925293,1678600,0.0,0.0,SandP500,GPN
2013-05-22 00:00:00-04:00,22.664478173784186,22.851075869663095,22.382188837023048,22.477880477905273,1510600,0.0,0.0,SandP500,GPN
2013-05-23 00:00:00-04:00,22.291294262825758,22.60229179957609,22.238663741975653,22.473108291625977,2290000,0.0,0.0,SandP500,GPN
2013-05-24 00:00:00-04:00,22.401330175841856,22.540082980249554,22.238654914679906,22.535297393798828,1018200,0.0,0.0,SandP500,GPN
2013-05-28 00:00:00-04:00,22.73147822654803,22.94678411806712,22.42048245005829,22.430051803588867,1065800,0.0,0.0,SandP500,GPN
2013-05-29 00:00:00-04:00,22.415689886699813,23.02811554594488,22.382198072346604,22.96591567993164,2516800,0.0,0.0,SandP500,GPN
2013-05-30 00:00:00-04:00,22.99462651633641,23.4013139256866,22.965918461199713,23.300838470458984,1855800,0.0,0.0,SandP500,GPN
2013-05-31 00:00:00-04:00,23.181219946282052,23.310403432318324,22.903714274389277,22.946775436401367,1336800,0.0,0.0,SandP500,GPN
2013-06-03 00:00:00-04:00,22.922847467393158,23.052030922395346,22.654911209777538,23.03289222717285,1652600,0.0,0.0,SandP500,GPN
2013-06-04 00:00:00-04:00,23.008972807132913,23.123803168455165,22.674052897206913,22.78409767150879,1717400,0.0,0.0,SandP500,GPN
2013-06-05 00:00:00-04:00,22.70755137623972,22.86065735286793,22.540092284667374,22.54966163635254,1519000,0.0,0.0,SandP500,GPN
2013-06-06 00:00:00-04:00,22.463539164000995,22.559230855121623,22.367847472880367,22.554445266723633,1270400,0.0,0.0,SandP500,GPN
2013-06-07 00:00:00-04:00,22.717111871883002,22.86064844086973,22.540083497638257,22.607067108154297,1510000,0.0,0.0,SandP500,GPN
2013-06-10 00:00:00-04:00,22.640560550476142,22.96591110379321,22.549654476083614,22.81280517578125,1384200,0.0,0.0,SandP500,GPN
2013-06-11 00:00:00-04:00,22.635773876784064,22.965908149371376,22.497021077008345,22.865432739257812,1910200,0.0,0.0,SandP500,GPN
2013-06-12 00:00:00-04:00,22.93242486432357,22.9659166801354,22.77931889913603,22.82238006591797,1220200,0.0,0.0,SandP500,GPN
2013-06-13 00:00:00-04:00,22.784097610402014,23.214709182747214,22.55922430054767,23.171648025512695,1844200,0.0,0.0,SandP500,GPN
2013-06-14 00:00:00-04:00,23.20992617787012,23.329540314032478,23.0376833549365,23.04246711730957,1255600,0.0,0.0,SandP500,GPN
2013-06-17 00:00:00-04:00,23.190789128008397,23.252987164222777,23.085528104927356,23.147727966308594,1066200,0.0,0.0,SandP500,GPN
2013-06-18 00:00:00-04:00,23.20992485440801,23.415661302889234,23.13337188463593,23.39652442932129,885400,0.0,0.0,SandP500,GPN
2013-06-19 00:00:00-04:00,23.291258875204644,23.32475067888409,22.932416557067967,22.951555252075195,1234200,0.0,0.0,SandP500,GPN
2013-06-20 00:00:00-04:00,22.755392466957474,22.870221008244563,22.35348892211914,22.35348892211914,904400,0.0,0.0,SandP500,GPN
2013-06-21 00:00:00-04:00,22.487458569118417,22.535303495581676,21.903740975398513,21.946802139282227,2998200,0.0,0.0,SandP500,GPN
2013-06-24 00:00:00-04:00,21.841539761346773,22.037706851600234,21.453989342724075,21.918092727661133,1999600,0.0,0.0,SandP500,GPN
2013-06-25 00:00:00-04:00,22.06162542276561,22.13817837558672,21.96593377544763,22.013778686523438,874600,0.0,0.0,SandP500,GPN
2013-06-26 00:00:00-04:00,22.224309243510763,22.305645988729626,22.00900341033279,22.162109375,761400,0.0,0.0,SandP500,GPN
2013-06-27 00:00:00-04:00,22.281717574263705,22.54008450508766,22.200380850763526,22.4587459564209,823000,0.0,0.0,SandP500,GPN
2013-06-28 00:00:00-04:00,22.425260137698828,22.43482948863641,22.056848339853644,22.162109375,2356400,0.0,0.0,SandP500,GPN
2013-07-01 00:00:00-04:00,22.248227773918817,22.54008653781841,22.21473596414346,22.358272552490234,1386400,0.0,0.0,SandP500,GPN
2013-07-02 00:00:00-04:00,22.38219445366336,22.540085974515637,22.18124360003322,22.291288375854492,1198200,0.0,0.0,SandP500,GPN
2013-07-03 00:00:00-04:00,22.262579637488138,22.367840648120858,22.099904359767866,22.229087829589844,826200,0.0,0.0,SandP500,GPN
2013-07-05 00:00:00-04:00,22.37741235946288,22.501810255481097,22.30564314915098,22.49224090576172,912200,0.0,0.0,SandP500,GPN
2013-07-08 00:00:00-04:00,22.602290109259197,22.88457957029826,22.592720758441445,22.745826721191406,1431200,0.0,0.0,SandP500,GPN
2013-07-09 00:00:00-04:00,22.846300307069946,22.9563450947646,22.769747331927277,22.83673095703125,1445600,0.0,0.0,SandP500,GPN
2013-07-10 00:00:00-04:00,22.836725186311575,22.951555532592003,22.745819121665793,22.841510772705078,1472000,0.0,0.0,SandP500,GPN
2013-07-11 00:00:00-04:00,23.032904307063465,23.205149004068904,22.894151431679376,23.00419807434082,1285400,0.0,0.0,SandP500,GPN
2013-07-12 00:00:00-04:00,22.994625457914623,23.186007007848506,22.913286884688194,22.975486755371094,975600,0.0,0.0,SandP500,GPN
2013-07-15 00:00:00-04:00,22.961130142211914,23.14294231316935,22.9228527429576,22.961130142211914,867200,0.0,0.0,SandP500,GPN
2013-07-16 00:00:00-04:00,22.965913714119527,22.99462176332224,22.827160880723348,22.87500762939453,933000,0.0,0.0,SandP500,GPN
2013-07-17 00:00:00-04:00,22.965918137740175,23.013763070460257,22.860657095555364,22.937210083007812,1965200,0.0,0.0,SandP500,GPN
2013-07-18 00:00:00-04:00,22.941988621564928,23.257769825916153,22.90849681391909,23.099878311157227,1310000,0.0,0.0,SandP500,GPN
2013-07-19 00:00:00-04:00,23.056814713486943,23.20513686390377,23.023322909387407,23.128583908081055,1400000,0.0,0.0,SandP500,GPN
2013-07-22 00:00:00-04:00,23.157304746010993,23.568775970178436,23.133380451149822,23.439594268798828,1592600,0.0,0.0,SandP500,GPN
2013-07-23 00:00:00-04:00,23.56398428956185,23.803212556460956,23.372600945975837,23.64053726196289,1675000,0.0,0.0,SandP500,GPN
2013-07-24 00:00:00-04:00,23.75058464824333,23.75537023619913,23.363035981506982,23.415664672851562,2658400,0.0,0.0,SandP500,GPN
2013-07-25 00:00:00-04:00,23.353461526635428,23.540059262454175,23.243416754874797,23.291261672973633,2784200,0.0,0.0,SandP500,GPN
2013-07-26 00:00:00-04:00,21.922873014347413,22.319992718954115,21.511400201196604,22.09033203125,6855200,0.0,0.0,SandP500,GPN
2013-07-29 00:00:00-04:00,22.02814243522243,22.128617883789804,21.717144913275302,21.95637321472168,2564000,0.0,0.0,SandP500,GPN
2013-07-30 00:00:00-04:00,22.037704541439677,22.458744899448636,21.942012887286186,22.41568374633789,1755200,0.0,0.0,SandP500,GPN
2013-07-31 00:00:00-04:00,22.506593030443426,22.71232946078357,22.138181325535875,22.157320022583008,2056400,0.0,0.0,SandP500,GPN
2013-08-01 00:00:00-04:00,22.587937292572082,23.257777311409505,22.56401482586372,23.20514678955078,3560400,0.0,0.0,SandP500,GPN
2013-08-02 00:00:00-04:00,23.22906227572904,23.425229364055276,23.013756489720564,23.075956344604492,1148000,0.0,0.0,SandP500,GPN
2013-08-05 00:00:00-04:00,23.008977208803277,23.19557498462768,22.99940785809856,23.138160705566406,623200,0.0,0.0,SandP500,GPN
2013-08-06 00:00:00-04:00,23.095090949147995,23.20513570356763,22.980260608572614,23.185997009277344,1025800,0.0,0.0,SandP500,GPN
2013-08-07 00:00:00-04:00,23.176436925976493,23.176436925976493,22.760180197195822,22.82238006591797,1092400,0.0,0.0,SandP500,GPN
2013-08-08 00:00:00-04:00,22.937210083007812,23.114240349439935,22.836734629195323,22.937210083007812,1177000,0.0,0.0,SandP500,GPN
2013-08-09 00:00:00-04:00,22.91328393217392,23.042467419945964,22.803239144479264,22.83673095703125,544600,0.0,0.0,SandP500,GPN
2013-08-12 00:00:00-04:00,22.774528322634712,22.956342300908826,22.702760943829144,22.78409767150879,637400,0.0,0.0,SandP500,GPN
2013-08-13 00:00:00-04:00,22.975480816431705,23.023325735255945,22.630991560363874,22.79366683959961,1275600,0.0,0.0,SandP500,GPN
2013-08-14 00:00:00-04:00,22.43467413179742,22.97077178955078,22.405955853443917,22.97077178955078,1978400,0.01,0.0,SandP500,GPN
2013-08-15 00:00:00-04:00,22.71708170374927,22.86546616774372,22.68357582896556,22.841533660888672,1317200,0.0,0.0,SandP500,GPN
2013-08-16 00:00:00-04:00,22.817605561994416,22.980349209377696,22.76974053520734,22.96599006652832,1159200,0.0,0.0,SandP500,GPN
2013-08-19 00:00:00-04:00,22.93726348876953,23.047356306024817,22.836745865292844,22.93726348876953,1500600,0.0,0.0,SandP500,GPN
2013-08-20 00:00:00-04:00,22.90855153523836,23.205318716637077,22.75538125929491,23.152666091918945,1189000,0.0,0.0,SandP500,GPN
2013-08-21 00:00:00-04:00,23.07129122859269,23.26754072514034,22.975559366047477,23.15744972229004,1012800,0.0,0.0,SandP500,GPN
2013-08-22 00:00:00-04:00,23.14308628358247,23.449428576186047,23.14308628358247,23.401561737060547,519800,0.0,0.0,SandP500,GPN
2013-08-23 00:00:00-04:00,23.44943863810273,23.454224411102203,23.26754822324491,23.435077667236328,745600,0.0,0.0,SandP500,GPN
2013-08-26 00:00:00-04:00,23.454219583820482,23.626536591279564,23.382420222067992,23.45900535583496,973400,0.0,0.0,SandP500,GPN
2013-08-27 00:00:00-04:00,23.286691195982712,23.33934199418642,22.94205716594418,22.975563049316406,661600,0.0,0.0,SandP500,GPN
2013-08-28 00:00:00-04:00,22.93247873246182,23.119154848873226,22.865466980512423,23.052143096923828,538000,0.0,0.0,SandP500,GPN
2013-08-29 00:00:00-04:00,22.961197186177348,23.090434909615098,22.89897120987032,22.999488830566406,1012400,0.0,0.0,SandP500,GPN
2013-08-30 00:00:00-04:00,23.02342935163166,23.02342935163166,22.760168042284057,22.808034896850586,880200,0.0,0.0,SandP500,GPN
2013-09-03 00:00:00-04:00,23.004280373908422,23.01385374313137,22.66443215726085,22.90376091003418,3013800,0.0,0.0,SandP500,GPN
2013-09-04 00:00:00-04:00,22.932482898655532,23.0569330568945,22.91812375661009,22.951629638671875,573800,0.0,0.0,SandP500,GPN
2013-09-05 00:00:00-04:00,22.903760395161942,23.004279856776527,22.83674863804118,22.870254516601562,912200,0.0,0.0,SandP500,GPN
2013-09-06 00:00:00-04:00,22.989916863898877,23.234033187245597,22.822387485863505,23.104795455932617,760800,0.0,0.0,SandP500,GPN
2013-09-09 00:00:00-04:00,23.21009922913594,23.545157964265005,23.21009922913594,23.463787078857422,737400,0.0,0.0,SandP500,GPN
2013-09-10 00:00:00-04:00,23.597811130242842,23.698328753155593,23.54515852035525,23.588237762451172,746400,0.0,0.0,SandP500,GPN
2013-09-11 00:00:00-04:00,23.5930239981296,23.78927346170338,23.545157161932885,23.76055335998535,631200,0.0,0.0,SandP500,GPN
2013-09-12 00:00:00-04:00,23.770130152091625,23.89936788954404,23.61217413471647,23.631319046020508,516000,0.0,0.0,SandP500,GPN
2013-09-13 00:00:00-04:00,23.731840030921454,23.731840030921454,23.47815031103193,23.640893936157227,597400,0.0,0.0,SandP500,GPN
2013-09-16 00:00:00-04:00,23.82757098712735,24.062113977560987,23.770132595444363,23.894582748413086,1063000,0.0,0.0,SandP500,GPN
2013-09-17 00:00:00-04:00,23.89457306091115,24.019024989357266,23.794055459735077,23.89936065673828,947400,0.0,0.0,SandP500,GPN
2013-09-18 00:00:00-04:00,23.82278369866781,24.052539076706427,23.73183943213172,24.023818969726562,935200,0.0,0.0,SandP500,GPN
2013-09-19 00:00:00-04:00,24.081260716766497,24.13391151068133,23.885011204743883,23.894582748413086,698800,0.0,0.0,SandP500,GPN
2013-09-20 00:00:00-04:00,24.02381741846749,24.114763505064467,23.774915318514335,23.92329978942871,1841400,0.0,0.0,SandP500,GPN
2013-09-23 00:00:00-04:00,23.923305136693592,23.985531132073778,23.660043838301043,23.703123092651367,910400,0.0,0.0,SandP500,GPN
2013-09-24 00:00:00-04:00,23.813206738063034,24.004670437184544,23.631316406490917,23.74140739440918,710000,0.0,0.0,SandP500,GPN
2013-09-25 00:00:00-04:00,23.794062822886982,24.071685036921895,23.69833096198069,23.90415382385254,1045800,0.0,0.0,SandP500,GPN
2013-09-26 00:00:00-04:00,23.966376049895786,24.1817722466819,23.899364305547458,24.1339054107666,960200,0.0,0.0,SandP500,GPN
2013-09-27 00:00:00-04:00,24.13390791730913,24.291865753335443,23.952019399739367,24.167415618896484,1667400,0.0,0.0,SandP500,GPN
2013-09-30 00:00:00-04:00,24.100399954718874,24.626924203279767,23.990308969112455,24.44982147216797,2399800,0.0,0.0,SandP500,GPN
2013-10-01 00:00:00-04:00,24.363662831416672,24.626924040995746,24.167413366901386,24.26793098449707,4146200,0.0,0.0,SandP500,GPN
2013-10-02 00:00:00-04:00,25.971952330310067,27.484509793257942,25.847502197215587,27.03936004638672,16312600,0.0,0.0,SandP500,GPN
2013-10-03 00:00:00-04:00,27.039364765868317,27.33613192422497,26.70908990043784,27.293052673339844,3878400,0.0,0.0,SandP500,GPN
2013-10-04 00:00:00-04:00,27.254753345951944,27.331338461543456,27.039358963679884,27.249967575073242,1867600,0.0,0.0,SandP500,GPN
2013-10-07 00:00:00-04:00,26.780890800586793,27.010646209874967,26.21128713658037,26.244794845581055,2888400,0.0,0.0,SandP500,GPN
2013-10-08 00:00:00-04:00,26.2926547046626,26.484118421080627,25.478936648785975,25.723052978515625,2663800,0.0,0.0,SandP500,GPN
2013-10-09 00:00:00-04:00,26.101189395074606,26.12033613073439,25.775702192591115,25.991098403930664,2292000,0.0,0.0,SandP500,GPN
2013-10-10 00:00:00-04:00,26.230425046144628,26.579844727585066,26.201706770860774,26.412315368652344,1579800,0.0,0.0,SandP500,GPN
2013-10-11 00:00:00-04:00,26.47933336382793,26.622930251948727,26.302230596010062,26.44582748413086,979800,0.0,0.0,SandP500,GPN
2013-10-14 00:00:00-04:00,26.273503932375167,26.560699462890625,26.201706419196086,26.560699462890625,1089800,0.0,0.0,SandP500,GPN
2013-10-15 00:00:00-04:00,26.479331350782257,26.55113070235098,26.32616110497344,26.493690490722656,1495400,0.0,0.0,SandP500,GPN
2013-10-16 00:00:00-04:00,26.67079399194403,26.996281207602305,26.603782240355553,26.98192024230957,1847800,0.0,0.0,SandP500,GPN
2013-10-17 00:00:00-04:00,26.94841316053652,26.967559896114466,26.689937708033856,26.7808837890625,1030200,0.0,0.0,SandP500,GPN
2013-10-18 00:00:00-04:00,26.943625090537164,27.23560639242017,26.838319879777245,27.206886291503906,1354400,0.0,0.0,SandP500,GPN
2013-10-21 00:00:00-04:00,27.254758709874356,27.64247196094841,27.19253454653918,27.580245971679688,1376600,0.0,0.0,SandP500,GPN
2013-10-22 00:00:00-04:00,27.71426698310116,28.346094668694906,27.66640014271784,28.33173370361328,2887000,0.0,0.0,SandP500,GPN
2013-10-23 00:00:00-04:00,28.13070489127517,28.336527787205743,27.977534618852463,28.221649169921875,2143600,0.0,0.0,SandP500,GPN
2013-10-24 00:00:00-04:00,28.34131151830631,28.59978701913003,28.09240938706127,28.547134399414062,2306400,0.0,0.0,SandP500,GPN
2013-10-25 00:00:00-04:00,28.51841305505737,28.58542480898063,28.183352459507717,28.575851440429688,1818800,0.0,0.0,SandP500,GPN
2013-10-28 00:00:00-04:00,28.60935325036117,28.743376739155266,28.384383686228432,28.62849998474121,1625400,0.0,0.0,SandP500,GPN
2013-10-29 00:00:00-04:00,28.73860016468703,28.839117813447576,28.43704539247171,28.729026794433594,2394800,0.0,0.0,SandP500,GPN
2013-10-30 00:00:00-04:00,28.681153062120046,28.85347003347304,28.456185305905397,28.618928909301758,1289400,0.0,0.0,SandP500,GPN
2013-10-31 00:00:00-04:00,28.523197426542982,28.66679429589319,28.35566804995661,28.470544815063477,1585800,0.0,0.0,SandP500,GPN
2013-11-01 00:00:00-04:00,28.527984597674966,28.647648965661745,28.322161738663038,28.575851440429688,1206200,0.0,0.0,SandP500,GPN
2013-11-04 00:00:00-05:00,28.724231183486268,28.796030527391185,28.609354424358195,28.73859214782715,1155800,0.0,0.0,SandP500,GPN
2013-11-05 00:00:00-05:00,28.575847378162646,28.843894355750837,28.384383686228432,28.62849998474121,1447600,0.0,0.0,SandP500,GPN
2013-11-06 00:00:00-05:00,28.690731033992392,28.997073379962917,28.67158612094023,28.968353271484375,1168800,0.0,0.0,SandP500,GPN
2013-11-07 00:00:00-05:00,29.044930539463145,29.088009777553285,28.681149900939076,28.695510864257812,1773600,0.0,0.0,SandP500,GPN
2013-11-08 00:00:00-05:00,28.705086121139164,29.1215175661402,28.623713410085422,29.1119441986084,1007200,0.0,0.0,SandP500,GPN
2013-11-11 00:00:00-05:00,29.025784989692475,29.332125439304043,28.920479775413586,29.222034454345703,697600,0.0,0.0,SandP500,GPN
2013-11-12 00:00:00-05:00,29.159815589811437,29.447011200797633,29.088018056515054,29.418291091918945,1063800,0.0,0.0,SandP500,GPN
2013-11-13 00:00:00-05:00,29.31294741918097,29.834853928861058,29.15972732702971,29.83006477355957,1646600,0.01,0.0,SandP500,GPN
2013-11-14 00:00:00-05:00,30.136506691248787,30.20832941268159,29.791762377343296,30.184389114379883,2273000,0.0,0.0,SandP500,GPN
2013-11-15 00:00:00-05:00,30.16523725175253,30.414220381585242,30.031170115122507,30.399856567382812,904600,0.0,0.0,SandP500,GPN
2013-11-18 00:00:00-05:00,30.58659291793474,30.84036519903822,30.351973606448077,30.50519371032715,1462600,0.0,0.0,SandP500,GPN
2013-11-19 00:00:00-05:00,30.505196941846872,30.615323789018085,30.21312051709683,30.36634063720703,1528800,0.0,0.0,SandP500,GPN
2013-11-20 00:00:00-05:00,30.39507242131164,30.557869039706226,30.040751551382748,30.074268341064453,1009800,0.0,0.0,SandP500,GPN
2013-11-21 00:00:00-05:00,30.184386665212866,30.51476713863573,30.102987465758588,30.409427642822266,900200,0.0,0.0,SandP500,GPN
2013-11-22 00:00:00-05:00,30.481256054069306,30.543502297456374,30.146086362829212,30.165239334106445,992400,0.0,0.0,SandP500,GPN
2013-11-25 00:00:00-05:00,30.28972674205586,30.529133377731863,30.150872281524812,30.423795700073242,1551800,0.0,0.0,SandP500,GPN
2013-11-26 00:00:00-05:00,30.5482891213481,30.591382392744617,30.371128706285898,30.390281677246094,971000,0.0,0.0,SandP500,GPN
2013-11-27 00:00:00-05:00,30.404640544081637,30.414217028003236,29.997650023315185,30.1748104095459,1629400,0.0,0.0,SandP500,GPN
2013-11-29 00:00:00-05:00,30.165240072726704,30.438163527262475,30.12214679956169,30.189180374145508,428400,0.0,0.0,SandP500,GPN
2013-12-02 00:00:00-05:00,30.222695203182454,30.419008584541338,29.973712066198146,30.00722885131836,1185400,0.0,0.0,SandP500,GPN
2013-12-03 00:00:00-05:00,29.925829308494254,30.184388912086288,29.925829308494254,30.117355346679688,1305000,0.0,0.0,SandP500,GPN
2013-12-04 00:00:00-05:00,30.035952600121664,30.232265944180206,29.743876248260246,29.7678165435791,955200,0.0,0.0,SandP500,GPN
2013-12-05 00:00:00-05:00,29.90668321582133,30.040752203988717,29.763039567418073,29.79176902770996,1051600,0.0,0.0,SandP500,GPN
2013-12-06 00:00:00-05:00,30.021593662105197,30.366337989024792,29.849220585381524,30.342397689819336,1071400,0.0,0.0,SandP500,GPN
2013-12-09 00:00:00-05:00,30.38548797284707,30.562650187917754,30.38548797284707,30.42858123779297,1087800,0.0,0.0,SandP500,GPN
2013-12-10 00:00:00-05:00,30.33760663759381,30.505190537994046,30.332817482423792,30.404640197753906,902400,0.0,0.0,SandP500,GPN
2013-12-11 00:00:00-05:00,30.404643298346564,30.49082983492079,30.098203091206088,30.26099967956543,1116600,0.0,0.0,SandP500,GPN
2013-12-12 00:00:00-05:00,30.246639619486913,30.284945565710604,29.949775842365508,30.074268341064453,1104600,0.0,0.0,SandP500,GPN
2013-12-13 00:00:00-05:00,30.165237886908017,30.27057739735119,29.954560692549453,30.059898376464844,742000,0.0,0.0,SandP500,GPN
2013-12-16 00:00:00-05:00,30.20354601621912,30.25621394872932,30.01680728148546,30.189180374145508,1073000,0.0,0.0,SandP500,GPN
2013-12-17 00:00:00-05:00,30.237061793582306,30.38070542382529,30.026382764466597,30.33761215209961,972800,0.0,0.0,SandP500,GPN
2013-12-18 00:00:00-05:00,29.868364363049015,30.09340529815484,29.490101541822906,30.050312042236328,1844200,0.0,0.0,SandP500,GPN
2013-12-19 00:00:00-05:00,30.136504372659747,30.208327088566783,29.31294684997079,29.451801300048828,1739200,0.0,0.0,SandP500,GPN
2013-12-20 00:00:00-05:00,29.475746772119603,30.428584195787675,29.451804646411887,30.399856567382812,2247800,0.0,0.0,SandP500,GPN
2013-12-23 00:00:00-05:00,30.4094271071849,30.55785986444139,30.20832642947691,30.4525203704834,1164400,0.0,0.0,SandP500,GPN
2013-12-24 00:00:00-05:00,30.452522787809528,30.572226103526592,30.38070189429588,30.466888427734375,606800,0.0,0.0,SandP500,GPN
2013-12-26 00:00:00-05:00,30.648840213685162,30.65362571646295,30.438161193684653,30.538711547851562,1259600,0.0,0.0,SandP500,GPN
2013-12-27 00:00:00-05:00,30.706294496746075,30.71587280810872,30.543499734135537,30.567440032958984,611800,0.0,0.0,SandP500,GPN
2013-12-30 00:00:00-05:00,30.543490522638905,30.964844769134572,30.52433755874533,30.873872756958008,657600,0.0,0.0,SandP500,GPN
2013-12-31 00:00:00-05:00,30.984011079859375,31.1851118077876,30.964858107715365,31.118078231811523,518800,0.0,0.0,SandP500,GPN
2014-01-02 00:00:00-05:00,31.07020070675744,31.357488011273343,31.07020070675744,31.338335037231445,1658600,0.0,0.0,SandP500,GPN
2014-01-03 00:00:00-05:00,31.764467816966167,32.066122488797966,31.51069739041594,31.89853858947754,2058800,0.0,0.0,SandP500,GPN
2014-01-06 00:00:00-05:00,32.08049095836716,32.18583046839098,31.252142345679797,31.261720657348633,2298200,0.0,0.0,SandP500,GPN
2014-01-07 00:00:00-05:00,31.247350722958657,31.45802604868899,31.060613865600832,31.070188522338867,2357600,0.0,0.0,SandP500,GPN
2014-01-08 00:00:00-05:00,31.00795220539394,31.098924253815728,30.706297470202298,30.840368270874023,3379400,0.0,0.0,SandP500,GPN
2014-01-09 00:00:00-05:00,31.54421478340038,32.77476465812131,31.491545035010937,32.099639892578125,7755600,0.0,0.0,SandP500,GPN
2014-01-10 00:00:00-05:00,32.286380418115584,32.82265262012989,32.19540472367914,32.81786346435547,3015000,0.0,0.0,SandP500,GPN
2014-01-13 00:00:00-05:00,32.91842429214211,33.19134780924197,32.82266306451491,33.090797424316406,2889400,0.0,0.0,SandP500,GPN
2014-01-14 00:00:00-05:00,33.20091048304181,33.660574438241746,33.09557463190782,33.43553161621094,1885200,0.0,0.0,SandP500,GPN
2014-01-15 00:00:00-05:00,33.42116655016278,33.67014783459856,33.38764976854536,33.39722442626953,1007200,0.0,0.0,SandP500,GPN
2014-01-16 00:00:00-05:00,33.18174956925491,33.45945839326078,33.18174956925491,33.248783111572266,1046600,0.0,0.0,SandP500,GPN
2014-01-17 00:00:00-05:00,33.29188433787181,33.30146264848197,33.04290305783469,33.13866424560547,892000,0.0,0.0,SandP500,GPN
2014-01-21 00:00:00-05:00,33.40680240597884,33.411591561844766,32.88489766131563,32.96150588989258,1477200,0.0,0.0,SandP500,GPN
2014-01-22 00:00:00-05:00,33.06206184943781,33.51693305105119,32.97108614789282,33.44511032104492,1315400,0.0,0.0,SandP500,GPN
2014-01-23 00:00:00-05:00,33.14823829521556,33.34454980082758,32.908831703507694,32.94234848022461,1195800,0.0,0.0,SandP500,GPN
2014-01-24 00:00:00-05:00,32.96630244994869,32.96630244994869,31.912914412300783,32.03740692138672,2450200,0.0,0.0,SandP500,GPN
2014-01-27 00:00:00-05:00,32.41087662369362,32.41087662369362,31.572953266539646,31.850662231445312,1594000,0.0,0.0,SandP500,GPN
2014-01-28 00:00:00-05:00,32.02303809050816,32.746047329608956,32.008674273349904,32.300750732421875,1965800,0.0,0.0,SandP500,GPN
2014-01-29 00:00:00-05:00,32.19540238523793,32.42523435599516,31.807564815956304,31.960784912109375,1140400,0.0,0.0,SandP500,GPN
2014-01-30 00:00:00-05:00,32.18102966521602,32.458742154210285,32.06132638406894,32.401283264160156,1033600,0.0,0.0,SandP500,GPN
2014-01-31 00:00:00-05:00,31.97035130123451,32.128360511947335,31.587302986449405,31.644758224487305,2056400,0.0,0.0,SandP500,GPN
2014-02-03 00:00:00-05:00,31.592104323509687,31.750109942099968,30.232272601036374,30.45731544494629,2508600,0.0,0.0,SandP500,GPN
2014-02-04 00:00:00-05:00,30.596169575305296,30.787695619498198,30.3376099636032,30.691930770874023,1592400,0.0,0.0,SandP500,GPN
2014-02-05 00:00:00-05:00,30.644046758239227,30.80205600106961,30.375910691554726,30.701505661010742,1648600,0.0,0.0,SandP500,GPN
2014-02-06 00:00:00-05:00,30.687141694758875,31.146805663236048,30.687141694758875,31.11328887939453,836200,0.0,0.0,SandP500,GPN
2014-02-07 00:00:00-05:00,31.165963890371778,31.678297758942332,31.142025411101177,31.58253288269043,1128800,0.0,0.0,SandP500,GPN
2014-02-10 00:00:00-05:00,31.529846409261054,31.865017818981578,31.486754977570246,31.836286544799805,1020400,0.0,0.0,SandP500,GPN
2014-02-11 00:00:00-05:00,31.84107398955141,32.24806443023556,31.692643084291806,32.137939453125,1325400,0.0,0.0,SandP500,GPN
2014-02-12 00:00:00-05:00,32.070913456138726,32.23854743055318,31.917647586081717,32.027809143066406,806600,0.01,0.0,SandP500,GPN
2014-02-13 00:00:00-05:00,31.783526868851823,32.21937501668666,31.773945700596755,32.185848236083984,867800,0.0,0.0,SandP500,GPN
2014-02-14 00:00:00-05:00,32.09004660636549,32.10920528164265,31.773933945507856,32.0948371887207,908200,0.0,0.0,SandP500,GPN
2014-02-18 00:00:00-05:00,32.171477155313056,32.23853071030205,31.912840448579182,32.018211364746094,1294400,0.0,0.0,SandP500,GPN
2014-02-19 00:00:00-05:00,31.960723673664535,32.353467302322585,31.821826046510196,32.19062042236328,1373000,0.0,0.0,SandP500,GPN
2014-02-20 00:00:00-05:00,32.17625045948756,32.415728357026424,31.97029932143843,32.31993865966797,1028400,0.0,0.0,SandP500,GPN
2014-02-21 00:00:00-05:00,32.31037467524412,33.00965006932996,32.2528986337863,32.91386032104492,1279800,0.0,0.0,SandP500,GPN
2014-02-24 00:00:00-05:00,32.904278995742324,33.30181339209136,32.78933056752326,32.97133255004883,1115800,0.0,0.0,SandP500,GPN
2014-02-25 00:00:00-05:00,32.87073779818526,33.21079600416879,32.683945313970966,32.717472076416016,951400,0.0,0.0,SandP500,GPN
2014-02-26 00:00:00-05:00,32.856376793163214,32.97611577830896,32.63605749899231,32.79890441894531,764200,0.0,0.0,SandP500,GPN
2014-02-27 00:00:00-05:00,32.81805518663778,33.4598579639753,32.72226547259617,33.31616973876953,1262200,0.0,0.0,SandP500,GPN
2014-02-28 00:00:00-05:00,33.354497654902495,33.895716653603095,33.2682854232901,33.68497848510742,1328200,0.0,0.0,SandP500,GPN
2014-03-03 00:00:00-05:00,34.20223967863236,34.20223967863236,33.320958997055904,33.56522750854492,1246000,0.0,0.0,SandP500,GPN
2014-03-04 00:00:00-05:00,33.92923033421015,34.24055236454935,33.64185755779825,34.1064453125,1183000,0.0,0.0,SandP500,GPN
2014-03-05 00:00:00-05:00,34.19267205799589,34.42257256942169,33.94361652025055,34.302833557128906,1076600,0.0,0.0,SandP500,GPN
2014-03-06 00:00:00-05:00,34.45130868364769,34.503994141266666,34.12561842479613,34.33156967163086,1849000,0.0,0.0,SandP500,GPN
2014-03-07 00:00:00-05:00,34.40820413580191,34.88237330118072,34.35073174301297,34.76263427734375,1627200,0.0,0.0,SandP500,GPN
2014-03-10 00:00:00-04:00,34.815311410848864,34.867996861064114,34.585410932260125,34.70035934448242,1296800,0.0,0.0,SandP500,GPN
2014-03-11 00:00:00-04:00,34.805732797873986,35.13621361816565,34.51356933584834,34.719520568847656,917000,0.0,0.0,SandP500,GPN
2014-03-12 00:00:00-04:00,34.647673315762226,34.80572966376894,34.4465126841959,34.78178405761719,933200,0.0,0.0,SandP500,GPN
2014-03-13 00:00:00-04:00,34.91110122216883,35.36610794323549,33.92923999779028,33.97713851928711,1146200,0.0,0.0,SandP500,GPN
2014-03-14 00:00:00-04:00,33.97234920494708,34.417778430834645,33.86697830034981,33.95798110961914,1306000,0.0,0.0,SandP500,GPN
2014-03-17 00:00:00-04:00,34.125611514202234,34.39861626015009,34.029821785644494,34.33635330200195,809800,0.0,0.0,SandP500,GPN
2014-03-18 00:00:00-04:00,34.40818511726564,34.98293430648731,34.269291142033644,34.963775634765625,878000,0.0,0.0,SandP500,GPN
2014-03-19 00:00:00-04:00,35.1841079660572,35.1841079660572,34.46567395289586,34.7147331237793,966400,0.0,0.0,SandP500,GPN
2014-03-20 00:00:00-04:00,34.69555646726643,34.98771977356447,34.585395034505495,34.925453186035156,765600,0.0,0.0,SandP500,GPN
2014-03-21 00:00:00-04:00,35.016466327169866,35.07394235096657,34.47045689060358,34.74346160888672,2567200,0.0,0.0,SandP500,GPN
2014-03-24 00:00:00-04:00,34.81530980345875,35.10268264781884,34.19745617830539,34.456092834472656,841400,0.0,0.0,SandP500,GPN
2014-03-25 00:00:00-04:00,34.628517273841865,34.80572863989938,33.53170768997941,33.56044387817383,1750400,0.0,0.0,SandP500,GPN
2014-03-26 00:00:00-04:00,33.65144540851999,33.66102291950837,32.79890441894531,32.79890441894531,1756800,0.0,0.0,SandP500,GPN
2014-03-27 00:00:00-04:00,33.01444831340232,33.70893328497338,32.54028273732377,33.46466827392578,1931400,0.0,0.0,SandP500,GPN
2014-03-28 00:00:00-04:00,33.680186555722706,33.85740159532871,33.33533764305392,33.732872009277344,1144800,0.0,0.0,SandP500,GPN
2014-03-31 00:00:00-04:00,33.87177826254208,34.24057287660682,33.79035659704205,34.058570861816406,784600,0.0,0.0,SandP500,GPN
2014-04-01 00:00:00-04:00,34.26451832942832,34.633312902426724,34.19746477070134,34.58062744140625,1592200,0.0,0.0,SandP500,GPN
2014-04-02 00:00:00-04:00,34.80571962779427,34.85361448043173,34.312395702756696,34.41776657104492,1368800,0.0,0.0,SandP500,GPN
2014-04-03 00:00:00-04:00,34.341152274476904,34.50399925511059,33.99630693824036,34.312416076660156,1949400,0.0,0.0,SandP500,GPN
2014-04-04 00:00:00-04:00,33.52693015416562,33.646669190430494,32.54506859513547,32.703125,6742400,0.0,0.0,SandP500,GPN
2014-04-07 00:00:00-04:00,32.49716578751079,32.6791714169071,31.055507119247856,31.788312911987305,3498200,0.0,0.0,SandP500,GPN
2014-04-08 00:00:00-04:00,31.66856914062915,32.20499747294123,31.25666672595011,32.08525848388672,2279400,0.0,0.0,SandP500,GPN
2014-04-09 00:00:00-04:00,32.09005148001651,32.32952947613604,31.831414805710114,32.2768440246582,1576600,0.0,0.0,SandP500,GPN
2014-04-10 00:00:00-04:00,32.22896313903193,32.33912101871894,31.61110920248585,31.802692413330078,2057200,0.0,0.0,SandP500,GPN
2014-04-11 00:00:00-04:00,31.48176755649729,31.979878392070482,31.27581640838528,31.524871826171875,1795400,0.0,0.0,SandP500,GPN
2014-04-14 00:00:00-04:00,31.678149500389576,31.78831098804865,31.31414191777245,31.673358917236328,1866200,0.0,0.0,SandP500,GPN
2014-04-15 00:00:00-04:00,31.759573475672305,32.14273976489759,31.22793198509088,32.00863265991211,1610600,0.0,0.0,SandP500,GPN
2014-04-16 00:00:00-04:00,32.27684255731767,32.64564070089654,32.238525202685885,32.497161865234375,1369800,0.0,0.0,SandP500,GPN
2014-04-17 00:00:00-04:00,32.44927715447518,32.69833272923915,32.430118471163304,32.51633071899414,1131600,0.0,0.0,SandP500,GPN
2014-04-21 00:00:00-04:00,32.53070723715653,32.573815199301244,32.32954649153759,32.43491744995117,1306200,0.0,0.0,SandP500,GPN
2014-04-22 00:00:00-04:00,32.477999446517764,32.70310931136724,32.30557502468172,32.468421936035156,1781000,0.0,0.0,SandP500,GPN
2014-04-23 00:00:00-04:00,32.46841575341501,32.549837366515646,31.941565077746922,31.946352005004883,1930800,0.0,0.0,SandP500,GPN
2014-04-24 00:00:00-04:00,32.099630646045775,32.128370491879075,31.476990016538537,31.812257766723633,2596600,0.0,0.0,SandP500,GPN
2014-04-25 00:00:00-04:00,31.68293905793668,31.96073440552421,31.47219725574694,31.476987838745117,1507000,0.0,0.0,SandP500,GPN
2014-04-28 00:00:00-04:00,31.63982420172578,31.754776243684667,31.065078608504805,31.25187110900879,1620000,0.0,0.0,SandP500,GPN
2014-04-29 00:00:00-04:00,31.38119579083444,31.486566696433194,30.969296988989615,31.429094314575195,2445800,0.0,0.0,SandP500,GPN
2014-04-30 00:00:00-04:00,31.39077893696222,32.037368852653415,31.218354472225293,32.00863265991211,1360200,0.0,0.0,SandP500,GPN
2014-05-01 00:00:00-04:00,32.09004819780972,32.406160874344366,31.591933578331535,31.630250930786133,1733400,0.0,0.0,SandP500,GPN
2014-05-02 00:00:00-04:00,31.692506741525424,32.18104373980094,31.60629454501463,31.922407150268555,1521000,0.0,0.0,SandP500,GPN
2014-05-05 00:00:00-04:00,31.721251467652444,32.09004590983785,31.48656044120905,32.032569885253906,1275000,0.0,0.0,SandP500,GPN
2014-05-06 00:00:00-04:00,31.931988322372877,32.28162773003908,31.83140802392893,32.051727294921875,1479000,0.0,0.0,SandP500,GPN
2014-05-07 00:00:00-04:00,32.06609778996912,32.40615971313844,31.769147454446216,32.387001037597656,1314000,0.0,0.0,SandP500,GPN
2014-05-08 00:00:00-04:00,32.38222156595205,33.167709261917125,32.37264039782237,32.61690902709961,1839000,0.0,0.0,SandP500,GPN
2014-05-09 00:00:00-04:00,32.50196661990795,33.01444958559751,32.39659567579774,32.894710540771484,1939600,0.0,0.0,SandP500,GPN
2014-05-12 00:00:00-04:00,32.87553672625698,33.39281003885869,32.52111033983461,32.72227096557617,2189800,0.0,0.0,SandP500,GPN
2014-05-13 00:00:00-04:00,32.5211126038605,32.57858498427688,32.094842063099286,32.2768440246582,3086000,0.0,0.0,SandP500,GPN
2014-05-14 00:00:00-04:00,32.31996783676801,32.4972355069628,32.0516739836988,32.281639099121094,1502000,0.01,0.0,SandP500,GPN
2014-05-15 00:00:00-04:00,32.26725806720421,32.50201512556859,31.90314246784309,32.33433151245117,1482000,0.0,0.0,SandP500,GPN
2014-05-16 00:00:00-04:00,32.367859675741485,32.53554689974443,32.142683031145665,32.50200653076172,1684600,0.0,0.0,SandP500,GPN
2014-05-19 00:00:00-04:00,32.51640217647846,33.14401976512787,32.478073436119594,32.93800735473633,1415200,0.0,0.0,SandP500,GPN
2014-05-20 00:00:00-04:00,32.923618779854955,33.009856575585374,32.257672778747654,32.27204513549805,1127400,0.0,0.0,SandP500,GPN
2014-05-21 00:00:00-04:00,32.454108820859,32.67928554426711,32.36308265465174,32.38703536987305,1528000,0.0,0.0,SandP500,GPN
2014-05-22 00:00:00-04:00,32.39661483559601,32.684072964530046,32.200182860100234,32.53076171875,1269800,0.0,0.0,SandP500,GPN
2014-05-23 00:00:00-04:00,32.60742014252068,33.115266686126986,32.60742014252068,33.05777359008789,1169400,0.0,0.0,SandP500,GPN
2014-05-27 00:00:00-04:00,33.24462996771226,33.38356891009308,33.05298992114456,33.19192886352539,896000,0.0,0.0,SandP500,GPN
2014-05-28 00:00:00-04:00,33.268594594369866,33.651871127322366,33.11528325014271,33.465023040771484,1204200,0.0,0.0,SandP500,GPN
2014-05-29 00:00:00-04:00,33.57520025158734,33.675810427523366,33.18233990283427,33.220664978027344,1064600,0.0,0.0,SandP500,GPN
2014-05-30 00:00:00-04:00,33.18233666542371,33.27336282225888,32.823013077039796,32.84696578979492,1269600,0.0,0.0,SandP500,GPN
2014-06-02 00:00:00-04:00,32.83738545755967,33.26857449495261,32.83259345291403,33.12484359741211,1044600,0.0,0.0,SandP500,GPN
2014-06-03 00:00:00-04:00,32.952369627528974,33.31648523897496,32.92362490867728,33.25420379638672,1318200,0.0,0.0,SandP500,GPN
2014-06-04 00:00:00-04:00,33.02423039391278,33.311688507327055,32.86133514800015,33.25898742675781,689800,0.0,0.0,SandP500,GPN
2014-06-05 00:00:00-04:00,33.326066410900516,33.412304224799485,33.05777261442766,33.086517333984375,1198600,0.0,0.0,SandP500,GPN
2014-06-06 00:00:00-04:00,33.249422598278855,33.666235778016606,33.115275659732,33.60395431518555,1506000,0.0,0.0,SandP500,GPN
2014-06-09 00:00:00-04:00,33.58958144125333,34.13575320003551,33.53688033687699,34.09263610839844,1082800,0.0,0.0,SandP500,GPN
2014-06-10 00:00:00-04:00,33.98723389964576,34.2171990321699,33.93932114640918,34.09263610839844,1317800,0.0,0.0,SandP500,GPN
2014-06-11 00:00:00-04:00,33.95367642112758,34.116567985875875,33.80994555969162,33.987213134765625,744800,0.0,0.0,SandP500,GPN
2014-06-12 00:00:00-04:00,33.939308394761966,34.10220365305776,33.69497099016104,33.91535568237305,1038800,0.0,0.0,SandP500,GPN
2014-06-13 00:00:00-04:00,34.11658236851616,34.389668196188076,33.84349654084425,34.269893646240234,1266800,0.0,0.0,SandP500,GPN
2014-06-16 00:00:00-04:00,34.245952380594254,34.31781421040887,33.81476312555456,33.9010009765625,1142400,0.0,0.0,SandP500,GPN
2014-06-17 00:00:00-04:00,33.73809492828772,33.915362581120704,33.59436765903301,33.78121566772461,1645200,0.0,0.0,SandP500,GPN
2014-06-18 00:00:00-04:00,33.853075877569644,33.9441020374059,33.45542354939288,33.627899169921875,1496000,0.0,0.0,SandP500,GPN
2014-06-19 00:00:00-04:00,33.63269315742546,34.02555354665794,33.579992061472254,33.96327209472656,1270200,0.0,0.0,SandP500,GPN
2014-06-20 00:00:00-04:00,34.04471647011845,34.284265566936575,33.95369029888338,34.226776123046875,1864200,0.0,0.0,SandP500,GPN
2014-06-23 00:00:00-04:00,34.15490700453207,34.490274242063705,33.948894657125855,34.45673751831055,905800,0.0,0.0,SandP500,GPN
2014-06-24 00:00:00-04:00,34.375300971118975,34.849607236315386,34.298643493188784,34.447166442871094,1069000,0.0,0.0,SandP500,GPN
2014-06-25 00:00:00-04:00,34.33218599387791,34.763371540464675,34.265108868946456,34.59568786621094,584600,0.0,0.0,SandP500,GPN
2014-06-26 00:00:00-04:00,34.566932980225076,34.691499525307826,34.30342753009404,34.51902389526367,470800,0.0,0.0,SandP500,GPN
2014-06-27 00:00:00-04:00,34.43278317715375,34.7968951163446,34.43278317715375,34.74419403076172,645200,0.0,0.0,SandP500,GPN
2014-06-30 00:00:00-04:00,34.729829946432375,34.91667796520535,34.586102669422864,34.902305603027344,839000,0.0,0.0,SandP500,GPN
2014-07-01 00:00:00-04:00,34.945428372170696,35.64970340158752,34.859190538870074,35.213722229003906,1422400,0.0,0.0,SandP500,GPN
2014-07-02 00:00:00-04:00,35.156210214020454,35.35264215014953,34.86396013919231,34.91187286376953,654400,0.0,0.0,SandP500,GPN
2014-07-03 00:00:00-04:00,35.08914641725182,35.462842378070036,34.461529029479095,35.36223220825195,686800,0.0,0.0,SandP500,GPN
2014-07-07 00:00:00-04:00,34.75377873858473,35.20413214980683,34.75377873858473,35.18017578125,744600,0.0,0.0,SandP500,GPN
2014-07-08 00:00:00-04:00,35.127474009607724,35.127474009607724,34.87834459552662,35.022071838378906,776800,0.0,0.0,SandP500,GPN
2014-07-09 00:00:00-04:00,35.165817928099656,35.309545233042165,34.964597508042054,35.18498229980469,616400,0.0,0.0,SandP500,GPN
2014-07-10 00:00:00-04:00,34.78252105612122,35.16580099520615,34.65316617843638,34.91666793823242,682600,0.0,0.0,SandP500,GPN
2014-07-11 00:00:00-04:00,34.959790398665774,35.074772923993315,34.701076975257365,35.022071838378906,702600,0.0,0.0,SandP500,GPN
2014-07-14 00:00:00-04:00,35.242458047884135,35.59699330364273,35.15622023637916,35.42930603027344,557600,0.0,0.0,SandP500,GPN
2014-07-15 00:00:00-04:00,35.44848287483286,35.67365966499741,34.921475465750106,35.261634826660156,898200,0.0,0.0,SandP500,GPN
2014-07-16 00:00:00-04:00,35.424524265038656,35.5682515407759,34.77295038038745,34.95021438598633,859400,0.0,0.0,SandP500,GPN
2014-07-17 00:00:00-04:00,34.76814914278437,34.93583274756819,34.12136743563051,34.15011215209961,1090400,0.0,0.0,SandP500,GPN
2014-07-18 00:00:00-04:00,34.32260801672176,34.916688990791165,34.265114894625775,34.85919952392578,1096000,0.0,0.0,SandP500,GPN
2014-07-21 00:00:00-04:00,34.77772943041729,35.093935931890044,34.63879419759513,34.983741760253906,707200,0.0,0.0,SandP500,GPN
2014-07-22 00:00:00-04:00,35.108323784466414,35.49160389687834,35.01250558397846,35.352664947509766,875200,0.0,0.0,SandP500,GPN
2014-07-23 00:00:00-04:00,35.44847001884298,35.5059631109799,35.275994397660924,35.36223220825195,446000,0.0,0.0,SandP500,GPN
2014-07-24 00:00:00-04:00,35.553891051668316,35.553891051668316,34.758589625695194,34.8112907409668,1344000,0.0,0.0,SandP500,GPN
2014-07-25 00:00:00-04:00,34.61963316055462,34.624421510264725,34.24593719035482,34.38487243652344,1248600,0.0,0.0,SandP500,GPN
2014-07-28 00:00:00-04:00,34.408832120746155,34.456741209063956,34.01117974277308,34.226776123046875,1485800,0.0,0.0,SandP500,GPN
2014-07-29 00:00:00-04:00,34.202834926813615,34.54299435659403,34.00161447346138,34.36573028564453,1865400,0.0,0.0,SandP500,GPN
2014-07-30 00:00:00-04:00,34.01596929970583,34.01596929970583,32.98590752648586,33.84828567504883,3754800,0.0,0.0,SandP500,GPN
2014-07-31 00:00:00-04:00,33.68538865804259,33.824327555638,33.134428727697404,33.18712615966797,2187600,0.0,0.0,SandP500,GPN
2014-08-01 00:00:00-04:00,33.067351626074895,33.27815597487188,32.846966922891085,33.18712615966797,1757000,0.0,0.0,SandP500,GPN
2014-08-04 00:00:00-04:00,33.25421606657282,33.30691351883572,33.024247265218854,33.225467681884766,1366400,0.0,0.0,SandP500,GPN
2014-08-05 00:00:00-04:00,33.067357820407125,33.16317965836859,32.61700797529104,32.640960693359375,1570000,0.0,0.0,SandP500,GPN
2014-08-06 00:00:00-04:00,32.35350376987837,33.00986967877091,32.35350376987837,32.564308166503906,1431800,0.0,0.0,SandP500,GPN
2014-08-07 00:00:00-04:00,32.69365136708171,32.69365136708171,32.262462371799685,32.58824920654297,1907200,0.0,0.0,SandP500,GPN
2014-08-08 00:00:00-04:00,32.62180313721929,33.14402221126816,32.62180313721929,33.03861999511719,2594400,0.0,0.0,SandP500,GPN
2014-08-11 00:00:00-04:00,33.17756363510984,33.556051803293286,33.15360725342544,33.287757873535156,973400,0.0,0.0,SandP500,GPN
2014-08-12 00:00:00-04:00,33.16795743429176,33.51290493727487,33.01464621455667,33.12004470825195,786800,0.0,0.0,SandP500,GPN
2014-08-13 00:00:00-04:00,33.230276432656765,33.93475508134707,33.230276432656765,33.906002044677734,2211200,0.01,0.0,SandP500,GPN
2014-08-14 00:00:00-04:00,33.886839807650375,34.13125164354017,33.82933006500358,34.04019546508789,1111400,0.0,0.0,SandP500,GPN
2014-08-15 00:00:00-04:00,34.155216801863965,34.32774240133805,33.81975238971317,34.01144790649414,1264600,0.0,0.0,SandP500,GPN
2014-08-18 00:00:00-04:00,34.2127299605881,34.45714186022885,34.04979113168642,34.28940963745117,644400,0.0,0.0,SandP500,GPN
2014-08-19 00:00:00-04:00,34.43317093902917,34.548186772622465,34.37566485037623,34.45713424682617,681400,0.0,0.0,SandP500,GPN
2014-08-20 00:00:00-04:00,34.39961735144165,34.5433898557637,34.07373617709344,34.48108673095703,748400,0.0,0.0,SandP500,GPN
2014-08-21 00:00:00-04:00,34.548188928689235,34.71592478116141,34.38525012562074,34.51943588256836,636200,0.0,0.0,SandP500,GPN
2014-08-22 00:00:00-04:00,34.45234788195824,34.744682746535595,34.380461600190536,34.56736373901367,535600,0.0,0.0,SandP500,GPN
2014-08-25 00:00:00-04:00,34.78299749389571,34.78299749389571,34.56733880415616,34.67277145385742,497000,0.0,0.0,SandP500,GPN
2014-08-26 00:00:00-04:00,34.77342665256925,34.85968943674886,34.605694476744226,34.73029708862305,446600,0.0,0.0,SandP500,GPN
2014-08-27 00:00:00-04:00,34.720702636283406,34.73028941923479,34.43795469608637,34.6631965637207,740600,0.0,0.0,SandP500,GPN
2014-08-28 00:00:00-04:00,34.596126556396484,34.69197251149111,34.39484420063567,34.596126556396484,552800,0.0,0.0,SandP500,GPN
2014-08-29 00:00:00-04:00,34.6392361041559,34.94115763502294,34.47629734348017,34.850101470947266,717800,0.0,0.0,SandP500,GPN
2014-09-02 00:00:00-04:00,34.85011124945458,35.358101241493046,34.816564809532935,34.912410736083984,1445800,0.0,0.0,SandP500,GPN
2014-09-03 00:00:00-04:00,35.02741706659519,35.17118957366432,34.366071577908,34.5721435546875,1054000,0.0,0.0,SandP500,GPN
2014-09-04 00:00:00-04:00,34.64402700444218,34.83572244625798,34.485877990722656,34.485877990722656,1137800,0.0,0.0,SandP500,GPN
2014-09-05 00:00:00-04:00,34.52901408053798,34.75425231294165,34.50505077720578,34.73987579345703,391200,0.0,0.0,SandP500,GPN
2014-09-08 00:00:00-04:00,34.71593582840917,34.802198650509865,34.43797743983042,34.596126556396484,392000,0.0,0.0,SandP500,GPN
2014-09-09 00:00:00-04:00,34.52422789773696,34.68237695766496,33.977898105519806,34.00185775756836,1793200,0.0,0.0,SandP500,GPN
2014-09-10 00:00:00-04:00,33.93475548893971,34.40920253740105,33.81973968459446,34.34210968017578,1048400,0.0,0.0,SandP500,GPN
2014-09-11 00:00:00-04:00,34.27022655081744,34.37565923785036,34.02102135305112,34.183963775634766,887000,0.0,0.0,SandP500,GPN
2014-09-12 00:00:00-04:00,34.19834023081921,34.327732565205274,33.79577939529858,34.04977798461914,997200,0.0,0.0,SandP500,GPN
2014-09-15 00:00:00-04:00,34.05456813887849,34.136041179161026,33.79577981063911,33.97309875488281,1058200,0.0,0.0,SandP500,GPN
2014-09-16 00:00:00-04:00,33.81016178592949,34.447544028131354,33.58012648538091,34.27981185913086,1325600,0.0,0.0,SandP500,GPN
2014-09-17 00:00:00-04:00,34.25584622813565,34.50504774195038,34.097697215142965,34.217506408691406,655400,0.0,0.0,SandP500,GPN
2014-09-18 00:00:00-04:00,34.342107432919036,34.6775716970935,34.251051279949,34.41399002075195,799800,0.0,0.0,SandP500,GPN
2014-09-19 00:00:00-04:00,34.624859002798196,34.6488223054532,33.973096658477886,34.04498291015625,1965000,0.0,0.0,SandP500,GPN
2014-09-22 00:00:00-04:00,33.95393090577508,34.42837437489631,33.77182221466973,33.800575256347656,787600,0.0,0.0,SandP500,GPN
2014-09-23 00:00:00-04:00,33.63763287125581,33.88683440374407,33.28778839111328,33.28778839111328,924400,0.0,0.0,SandP500,GPN
2014-09-24 00:00:00-04:00,33.33092271331034,33.493861479144876,33.25424306612693,33.369258880615234,1316200,0.0,0.0,SandP500,GPN
2014-09-25 00:00:00-04:00,33.34529747986438,33.56574596949577,32.93794693040882,33.23027801513672,1697400,0.0,0.0,SandP500,GPN
2014-09-26 00:00:00-04:00,33.364480808092665,34.00186323075199,33.239878166005724,33.838924407958984,1502400,0.0,0.0,SandP500,GPN
2014-09-29 00:00:00-04:00,33.48907156504742,33.89163244199365,33.455525129992495,33.647220611572266,1263200,0.0,0.0,SandP500,GPN
2014-09-30 00:00:00-04:00,33.73346350515621,33.872442555947934,33.42675237799,33.489051818847656,1888600,0.0,0.0,SandP500,GPN
2014-10-01 00:00:00-04:00,33.49866630259212,33.570552582286076,32.87565675362861,32.966712951660156,2336200,0.0,0.0,SandP500,GPN
2014-10-02 00:00:00-04:00,34.55296879804977,35.271823920018704,33.781397341300206,34.624855041503906,3865400,0.0,0.0,SandP500,GPN
2014-10-03 00:00:00-04:00,34.941163448799486,36.75267831026854,34.72550465425626,36.57535934448242,4146600,0.0,0.0,SandP500,GPN
2014-10-06 00:00:00-04:00,36.78622383094684,37.41881636454796,36.719130960435145,36.99708557128906,3607400,0.0,0.0,SandP500,GPN
2014-10-07 00:00:00-04:00,36.79101436433196,36.82456080031463,36.23989486694336,36.23989486694336,1685600,0.0,0.0,SandP500,GPN
2014-10-08 00:00:00-04:00,36.249476948418746,36.41241938725965,35.775033465720774,36.29261016845703,1976000,0.0,0.0,SandP500,GPN
2014-10-09 00:00:00-04:00,36.29261967459927,36.44118197481561,35.434785004525004,35.449161529541016,1707200,0.0,0.0,SandP500,GPN
2014-10-10 00:00:00-04:00,35.492276459771475,35.851704062017454,34.907606975112145,34.92677688598633,2062600,0.0,0.0,SandP500,GPN
2014-10-13 00:00:00-04:00,34.974705353992114,35.195153856355866,34.337319494554656,34.3516960144043,2170400,0.0,0.0,SandP500,GPN
2014-10-14 00:00:00-04:00,34.49545990437603,34.95552670601885,34.390027243445935,34.505043029785156,2189400,0.0,0.0,SandP500,GPN
2014-10-15 00:00:00-04:00,34.03539587598732,34.82613732605403,33.73347800870509,34.423580169677734,2539600,0.0,0.0,SandP500,GPN
2014-10-16 00:00:00-04:00,33.87725051100327,34.54338936949734,33.80057086810114,34.423580169677734,1852400,0.0,0.0,SandP500,GPN
2014-10-17 00:00:00-04:00,34.7350745593821,35.118461691776524,34.3804368001532,34.67277145385742,1838600,0.0,0.0,SandP500,GPN
2014-10-20 00:00:00-04:00,34.57692973791866,34.95552718173552,34.57692973791866,34.9411506652832,1105200,0.0,0.0,SandP500,GPN
2014-10-21 00:00:00-04:00,35.26224001736138,36.22071349221467,35.09450789051928,36.206336975097656,1665600,0.0,0.0,SandP500,GPN
2014-10-22 00:00:00-04:00,36.853324278890426,37.46674702471621,36.56578282382059,36.86290740966797,2518600,0.0,0.0,SandP500,GPN
2014-10-23 00:00:00-04:00,37.231913846680804,37.37089297865491,36.9539555827326,37.07376480102539,1023000,0.0,0.0,SandP500,GPN
2014-10-24 00:00:00-04:00,37.14564120548303,37.6823840209692,37.126471296889065,37.658424377441406,848400,0.0,0.0,SandP500,GPN
2014-10-27 00:00:00-04:00,37.533830922500634,37.77344935373628,37.18877979651536,37.66322326660156,1279600,0.0,0.0,SandP500,GPN
2014-10-28 00:00:00-04:00,37.81178271723886,38.39645217452477,37.715933167355495,38.391658782958984,692400,0.0,0.0,SandP500,GPN
2014-10-29 00:00:00-04:00,38.444384820708564,38.66003996385386,37.96994131201646,38.15205001831055,1248000,0.0,0.0,SandP500,GPN
2014-10-30 00:00:00-04:00,38.09454303888482,38.43001108803359,37.81179500151441,38.23831558227539,1150000,0.0,0.0,SandP500,GPN
2014-10-31 00:00:00-04:00,38.765469589111575,38.77984611000808,38.439588375738104,38.57856750488281,1484400,0.0,0.0,SandP500,GPN
2014-11-03 00:00:00-05:00,38.56420348647276,38.81819852142162,38.49711059634621,38.52586364746094,1049000,0.0,0.0,SandP500,GPN
2014-11-04 00:00:00-05:00,38.49709559322935,39.70477080113954,38.33894656115574,39.67601776123047,1834600,0.0,0.0,SandP500,GPN
2014-11-05 00:00:00-05:00,39.89647711176998,40.07379610408592,39.445993197192536,39.45078659057617,1701800,0.0,0.0,SandP500,GPN
2014-11-06 00:00:00-05:00,39.551405597854036,40.12649185099109,39.41721990234119,39.915626525878906,1292400,0.0,0.0,SandP500,GPN
2014-11-07 00:00:00-05:00,39.81978553874049,39.89167179285335,39.441191669233866,39.66164016723633,1099800,0.0,0.0,SandP500,GPN
2014-11-10 00:00:00-05:00,39.7622772263709,40.34215330606959,39.57058177826959,40.31340026855469,1376600,0.0,0.0,SandP500,GPN
2014-11-11 00:00:00-05:00,40.21755346651375,40.39966579999213,40.030651397313065,40.33257293701172,664800,0.0,0.0,SandP500,GPN
2014-11-12 00:00:00-05:00,40.22710638838728,40.40926197921833,40.030574520099655,40.39487838745117,681800,0.01,0.0,SandP500,GPN
2014-11-13 00:00:00-05:00,40.38051197836067,40.428446328841005,40.11207668994558,40.30381774902344,1296200,0.0,0.0,SandP500,GPN
2014-11-14 00:00:00-05:00,40.212732816360436,40.28943068929948,39.70462220818484,39.905948638916016,964800,0.0,0.0,SandP500,GPN
2014-11-17 00:00:00-05:00,39.75256336071434,40.068932997899545,39.60875665289421,40.04496765136719,669600,0.0,0.0,SandP500,GPN
2014-11-18 00:00:00-05:00,39.98264934093631,40.21753019340899,39.92992046384872,40.006614685058594,739200,0.0,0.0,SandP500,GPN
2014-11-19 00:00:00-05:00,39.9059498398534,39.944298777477,39.46015349715799,39.84363555908203,700400,0.0,0.0,SandP500,GPN
2014-11-20 00:00:00-05:00,39.70462198446628,40.183972716166735,39.6279241119594,40.04975509643555,662800,0.0,0.0,SandP500,GPN
2014-11-21 00:00:00-05:00,40.366140846827136,40.52432752936945,40.03538753917634,40.13125991821289,601600,0.0,0.0,SandP500,GPN
2014-11-24 00:00:00-05:00,40.3565314041121,40.96051057514874,40.097681620601335,40.92695617675781,1095600,0.0,0.0,SandP500,GPN
2014-11-25 00:00:00-05:00,41.041998932782285,41.11389859573437,40.62496260188632,40.77835464477539,872400,0.0,0.0,SandP500,GPN
2014-11-26 00:00:00-05:00,40.83588943242901,41.070770263671875,40.7064626886737,41.070770263671875,441600,0.0,0.0,SandP500,GPN
2014-11-28 00:00:00-05:00,41.128300862352546,41.5645081966864,41.128300862352546,41.39673614501953,532000,0.0,0.0,SandP500,GPN
2014-12-01 00:00:00-05:00,41.16184854161275,41.17143394707348,39.8771884376801,39.93950271606445,1678600,0.0,0.0,SandP500,GPN
2014-12-02 00:00:00-05:00,40.17438223516318,40.78315969093706,39.843632728833,40.76877975463867,814000,0.0,0.0,SandP500,GPN
2014-12-03 00:00:00-05:00,40.77357782099423,41.147470859329125,40.548282360162595,41.09474563598633,655600,0.0,0.0,SandP500,GPN
2014-12-04 00:00:00-05:00,40.99886742623738,41.14267410836097,40.466787822398295,40.672908782958984,808200,0.0,0.0,SandP500,GPN
2014-12-05 00:00:00-05:00,40.80234398106129,40.95094156812539,40.41406732175316,40.533905029296875,593000,0.0,0.0,SandP500,GPN
2014-12-08 00:00:00-05:00,40.35653911847076,40.75439744482861,39.49370634183332,39.71900177001953,1318200,0.0,0.0,SandP500,GPN
2014-12-09 00:00:00-05:00,39.28279276604117,40.11207117831371,39.10064079638203,40.030582427978516,699200,0.0,0.0,SandP500,GPN
2014-12-10 00:00:00-05:00,40.00661127052066,40.05934014310788,39.11022409369367,39.167747497558594,1237800,0.0,0.0,SandP500,GPN
2014-12-11 00:00:00-05:00,39.268421256323606,39.63752346355031,39.105443720675204,39.158172607421875,798200,0.0,0.0,SandP500,GPN
2014-12-12 00:00:00-05:00,38.88014785822958,39.028745451906296,37.9406206281365,37.97896957397461,1536000,0.0,0.0,SandP500,GPN
2014-12-15 00:00:00-05:00,38.141941617034114,38.324093597806886,37.42291544328797,37.74407958984375,1576200,0.0,0.0,SandP500,GPN
2014-12-16 00:00:00-05:00,37.51877943334058,37.68655511190629,36.98190896482883,37.0394287109375,1167600,0.0,0.0,SandP500,GPN
2014-12-17 00:00:00-05:00,37.14488420325965,38.10838012088559,37.00587206333108,37.96936798095703,1587200,0.0,0.0,SandP500,GPN
2014-12-18 00:00:00-05:00,38.43434405832567,38.94245469330839,38.23301761697283,38.899314880371094,1114400,0.0,0.0,SandP500,GPN
2014-12-19 00:00:00-05:00,38.8369968248079,39.07667220393624,38.44392934932366,38.97121810913086,2050400,0.0,0.0,SandP500,GPN
2014-12-22 00:00:00-05:00,38.97121885653791,39.36428633956057,38.97121885653791,39.16295623779297,921600,0.0,0.0,SandP500,GPN
2014-12-23 00:00:00-05:00,39.24923804762538,39.51288242268014,38.92327939171949,39.14857482910156,645400,0.0,0.0,SandP500,GPN
2014-12-24 00:00:00-05:00,39.1389947897598,39.584791194150725,39.10064584682894,39.27321243286133,254200,0.0,0.0,SandP500,GPN
2014-12-26 00:00:00-05:00,39.48891260026328,39.532056068535894,39.04311626627784,39.06708526611328,455800,0.0,0.0,SandP500,GPN
2014-12-29 00:00:00-05:00,39.08146422033912,39.39304292458476,38.96642106976509,39.167747497558594,579200,0.0,0.0,SandP500,GPN
2014-12-30 00:00:00-05:00,39.062294859308054,39.062294859308054,38.68360729628908,38.81303405761719,678400,0.0,0.0,SandP500,GPN
2014-12-31 00:00:00-05:00,38.99517787511622,39.33551642593978,38.65004479339218,38.69798278808594,627200,0.0,0.0,SandP500,GPN
2015-01-02 00:00:00-05:00,38.95204169165559,39.091053843455704,38.36243867934171,38.659637451171875,497000,0.0,0.0,SandP500,GPN
2015-01-05 00:00:00-05:00,38.51102488701231,38.606897199907245,37.83993698252174,38.00291442871094,1174400,0.0,0.0,SandP500,GPN
2015-01-06 00:00:00-05:00,38.09880254134257,38.27615999372821,37.25993865569412,37.56672286987305,1719800,0.0,0.0,SandP500,GPN
2015-01-07 00:00:00-05:00,37.77762718929226,38.060446001711725,37.44687769584957,38.00771713256836,1795400,0.0,0.0,SandP500,GPN
2015-01-08 00:00:00-05:00,41.099527114406165,41.36317145662603,40.174380136919446,40.63935089111328,3869200,0.0,0.0,SandP500,GPN
2015-01-09 00:00:00-05:00,40.84067802448317,41.248129043684685,40.4380251934229,40.97489929199219,2463800,0.0,0.0,SandP500,GPN
2015-01-12 00:00:00-05:00,41.18581016298077,41.31523689652077,40.452404196772434,40.60100173950195,1209600,0.0,0.0,SandP500,GPN
2015-01-13 00:00:00-05:00,40.8742379953079,41.51177538849302,40.05454862856536,40.7352294921875,1534000,0.0,0.0,SandP500,GPN
2015-01-14 00:00:00-05:00,40.14562004956314,40.936549414806535,40.11686017862337,40.60100173950195,1463000,0.0,0.0,SandP500,GPN
2015-01-15 00:00:00-05:00,41.51176002344304,41.51176002344304,40.255863828482006,40.591407775878906,2359200,0.0,0.0,SandP500,GPN
2015-01-16 00:00:00-05:00,40.62497540169039,42.09658203396687,40.423648967682624,42.00071334838867,1977400,0.0,0.0,SandP500,GPN
2015-01-20 00:00:00-05:00,42.12534588615417,42.42254469096089,41.02284126927042,41.74665832519531,1318800,0.0,0.0,SandP500,GPN
2015-01-21 00:00:00-05:00,41.70831646396191,41.943197345090574,41.348803343861135,41.52136993408203,1089400,0.0,0.0,SandP500,GPN
2015-01-22 00:00:00-05:00,41.856919951283615,42.36503072903989,41.051610302433,42.350650787353516,1023200,0.0,0.0,SandP500,GPN
2015-01-23 00:00:00-05:00,42.24998025973067,42.56635355095565,42.03427385728197,42.31708908081055,1224200,0.0,0.0,SandP500,GPN
2015-01-26 00:00:00-05:00,42.182866093738006,42.5999025637409,41.69392993680014,42.59510803222656,1061600,0.0,0.0,SandP500,GPN
2015-01-27 00:00:00-05:00,41.98632199003292,42.48005623521186,41.82334452325647,42.182857513427734,1560000,0.0,0.0,SandP500,GPN
2015-01-28 00:00:00-05:00,42.446501852407344,42.58071945031245,41.75623574071795,41.89045333862305,1760800,0.0,0.0,SandP500,GPN
2015-01-29 00:00:00-05:00,41.852120783438686,42.20684303915203,41.62682530288355,42.158905029296875,926400,0.0,0.0,SandP500,GPN
2015-01-30 00:00:00-05:00,42.10138392331673,42.374613747837614,41.70831639230149,41.85211944580078,1606600,0.0,0.0,SandP500,GPN
2015-02-02 00:00:00-05:00,41.98632687770647,42.52799551986676,41.358378618730214,42.52320098876953,1256000,0.0,0.0,SandP500,GPN
2015-02-03 00:00:00-05:00,42.65263628772406,43.13677796818529,42.52800405427511,42.93545150756836,857000,0.0,0.0,SandP500,GPN
2015-02-04 00:00:00-05:00,42.729323195894466,43.079250833162604,42.50402777072733,42.68138885498047,745200,0.0,0.0,SandP500,GPN
2015-02-05 00:00:00-05:00,42.88271414438878,43.55860040197396,42.748496530525095,43.477108001708984,966800,0.0,0.0,SandP500,GPN
2015-02-06 00:00:00-05:00,43.443555893100296,43.59215710814681,43.10801184071634,43.24222946166992,853000,0.0,0.0,SandP500,GPN
2015-02-09 00:00:00-05:00,43.122395766810634,43.304547746790135,42.84916596826327,43.060081481933594,541800,0.0,0.0,SandP500,GPN
2015-02-10 00:00:00-05:00,43.3237180959774,43.34289256422869,42.79643301911239,43.31413269042969,793400,0.0,0.0,SandP500,GPN
2015-02-11 00:00:00-05:00,43.366867367703705,43.57782953643489,43.165496383714036,43.46276092529297,533000,0.01,0.0,SandP500,GPN
2015-02-12 00:00:00-05:00,43.69769170710092,44.31619140740918,43.472346429705865,44.196327209472656,729200,0.0,0.0,SandP500,GPN
2015-02-13 00:00:00-05:00,44.2442787193327,44.388117241376555,43.726464429533486,44.04290771484375,918000,0.0,0.0,SandP500,GPN
2015-02-17 00:00:00-05:00,43.985384315949666,44.08127791107884,43.807987566402275,43.96620559692383,630800,0.0,0.0,SandP500,GPN
2015-02-18 00:00:00-05:00,43.79359137354804,44.181953948930555,43.63537337702344,44.17715835571289,692600,0.0,0.0,SandP500,GPN
2015-02-19 00:00:00-05:00,44.10523515397662,44.368937887931544,43.84632801281148,44.210716247558594,355400,0.0,0.0,SandP500,GPN
2015-02-20 00:00:00-05:00,44.038098754198586,44.47919805622101,43.6257656846667,44.45043182373047,737000,0.0,0.0,SandP500,GPN
2015-02-23 00:00:00-05:00,44.45043212983062,44.45043212983062,44.08604399792849,44.22029495239258,517600,0.0,0.0,SandP500,GPN
2015-02-24 00:00:00-05:00,44.17714779530801,44.28262887308672,43.95180252150166,44.0716667175293,978400,0.0,0.0,SandP500,GPN
2015-02-25 00:00:00-05:00,44.10523579837723,44.25866184820204,43.999754703254126,44.172359466552734,745000,0.0,0.0,SandP500,GPN
2015-02-26 00:00:00-05:00,44.22029729498334,44.493587493896484,44.181939877390164,44.493587493896484,794200,0.0,0.0,SandP500,GPN
2015-02-27 00:00:00-05:00,44.49359833647998,44.584692653006556,44.0141414736212,44.04290771484375,744600,0.0,0.0,SandP500,GPN
2015-03-02 00:00:00-05:00,44.04770544347631,44.51277555030844,43.884688200057894,44.47921371459961,747200,0.0,0.0,SandP500,GPN
2015-03-03 00:00:00-05:00,44.397704512388295,44.50318560688174,43.923043245133314,44.11003112792969,661200,0.0,0.0,SandP500,GPN
2015-03-04 00:00:00-05:00,44.047710153192384,44.181957510381835,43.664143140108685,44.11483383178711,460400,0.0,0.0,SandP500,GPN
2015-03-05 00:00:00-05:00,44.292214390447654,44.52235524588755,43.918238701077016,44.34975051879883,492800,0.0,0.0,SandP500,GPN
2015-03-06 00:00:00-05:00,44.1148365056168,44.22510955943495,43.22304625541642,43.4100341796875,854200,0.0,0.0,SandP500,GPN
2015-03-09 00:00:00-04:00,43.4819443553095,43.64975352684425,43.24221592226969,43.35728454589844,808400,0.0,0.0,SandP500,GPN
2015-03-10 00:00:00-04:00,43.117544441280344,43.136723149687874,42.29767386117255,42.31685256958008,1001400,0.0,0.0,SandP500,GPN
2015-03-11 00:00:00-04:00,42.19219232983338,42.839458185118595,42.03876632222529,42.777130126953125,1056600,0.0,0.0,SandP500,GPN
2015-03-12 00:00:00-04:00,43.002486305670644,43.43399454689341,42.9928951201523,43.36687088012695,821000,0.0,0.0,SandP500,GPN
2015-03-13 00:00:00-04:00,43.247007373475334,43.28056920740689,42.42713658060536,42.74357986450195,784400,0.0,0.0,SandP500,GPN
2015-03-16 00:00:00-04:00,42.944938600395616,43.47234026493295,42.85384065233357,43.433982849121094,1000000,0.0,0.0,SandP500,GPN
2015-03-17 00:00:00-04:00,43.34290890502705,44.12921800845647,43.34290890502705,43.975791931152344,933200,0.0,0.0,SandP500,GPN
2015-03-18 00:00:00-04:00,43.84632890702145,44.34496448632742,43.44358689563909,44.1052360534668,1236000,0.0,0.0,SandP500,GPN
2015-03-19 00:00:00-04:00,44.80045777525755,44.987445689767476,44.18195788189157,44.565521240234375,1125200,0.0,0.0,SandP500,GPN
2015-03-20 00:00:00-04:00,44.80043895824631,45.049754853553544,44.129198790621956,44.13878631591797,1677000,0.0,0.0,SandP500,GPN
2015-03-23 00:00:00-04:00,44.13880118838344,44.36414651739791,43.96619641117941,43.98058319091797,735800,0.0,0.0,SandP500,GPN
2015-03-24 00:00:00-04:00,43.88467913801391,44.17235247868107,43.60659332358415,43.67851257324219,1293200,0.0,0.0,SandP500,GPN
2015-03-25 00:00:00-04:00,43.93743533887736,43.93743533887736,42.89701461791992,42.89701461791992,1916000,0.0,0.0,SandP500,GPN
2015-03-26 00:00:00-04:00,42.71001625386696,43.199060621949464,42.31206619811464,43.08399200439453,1714400,0.0,0.0,SandP500,GPN
2015-03-27 00:00:00-04:00,43.08879286514039,43.45317747494217,42.86344753715207,43.13673782348633,941200,0.0,0.0,SandP500,GPN
2015-03-30 00:00:00-04:00,43.20864174991257,43.99495049311867,43.09836509269845,43.95179748535156,1404200,0.0,0.0,SandP500,GPN
2015-03-31 00:00:00-04:00,43.975786533158136,44.21071938501214,43.63057698710651,43.956607818603516,844200,0.0,0.0,SandP500,GPN
2015-04-01 00:00:00-04:00,43.975785756549975,44.0716756696639,43.34769841233263,44.028526306152344,866800,0.0,0.0,SandP500,GPN
2015-04-02 00:00:00-04:00,43.908653166754895,44.40249306911436,43.85111703579424,44.0716667175293,699600,0.0,0.0,SandP500,GPN
2015-04-06 00:00:00-04:00,43.74564395833218,44.69017458104255,43.61139661950413,44.39291000366211,1857000,0.0,0.0,SandP500,GPN
2015-04-07 00:00:00-04:00,44.49837707029984,44.59427060920275,44.06686894811239,44.22029495239258,2124800,0.0,0.0,SandP500,GPN
2015-04-08 00:00:00-04:00,45.673067329788466,47.92171780240797,45.54840750606769,47.27924728393555,4480400,0.0,0.0,SandP500,GPN
2015-04-09 00:00:00-04:00,47.57169590903471,47.85457361542724,46.799770304250266,47.288814544677734,2522800,0.0,0.0,SandP500,GPN
2015-04-10 00:00:00-04:00,47.777879909553455,47.9073316605909,47.33678044783932,47.79226303100586,1566200,0.0,0.0,SandP500,GPN
2015-04-13 00:00:00-04:00,47.82582599473968,47.94569022029041,47.03472137451172,47.03472137451172,1311600,0.0,0.0,SandP500,GPN
2015-04-14 00:00:00-04:00,47.029921623479325,47.485407835083386,46.828550620268544,47.29841995239258,1074400,0.0,0.0,SandP500,GPN
2015-04-15 00:00:00-04:00,47.47102168184964,48.358016084249066,47.19773143553274,47.974449157714844,1827200,0.0,0.0,SandP500,GPN
2015-04-16 00:00:00-04:00,47.94569119782414,48.15665340964367,47.64842659552989,47.80664825439453,1219200,0.0,0.0,SandP500,GPN
2015-04-17 00:00:00-04:00,47.375122754528824,47.8401964114288,47.212109206895576,47.82581329345703,2330200,0.0,0.0,SandP500,GPN
2015-04-20 00:00:00-04:00,48.08951238849545,48.242938398668386,47.916907669805326,48.084716796875,1603800,0.0,0.0,SandP500,GPN
2015-04-21 00:00:00-04:00,48.27173211501405,48.904615224542404,47.969675514318716,48.72721481323242,1231800,0.0,0.0,SandP500,GPN
2015-04-22 00:00:00-04:00,48.90459033103273,49.120344413424874,48.40595485340759,48.842262268066406,939400,0.0,0.0,SandP500,GPN
2015-04-23 00:00:00-04:00,48.79911816901663,48.904599262504355,48.664870834746985,48.76555633544922,670400,0.0,0.0,SandP500,GPN
2015-04-24 00:00:00-04:00,48.81828860501284,48.90459097069148,48.40115989457193,48.80390548706055,705200,0.0,0.0,SandP500,GPN
2015-04-27 00:00:00-04:00,48.83268064077659,48.92377861506391,48.36281496469216,48.597747802734375,551400,0.0,0.0,SandP500,GPN
2015-04-28 00:00:00-04:00,48.482685352583125,48.72720574948658,47.9552798111066,48.41556167602539,1044400,0.0,0.0,SandP500,GPN
2015-04-29 00:00:00-04:00,48.30527522460106,49.048434768165656,47.936095078046804,48.856651306152344,874600,0.0,0.0,SandP500,GPN
2015-04-30 00:00:00-04:00,48.439529653467396,48.83268416215983,47.96007275711243,48.07993698120117,1293800,0.0,0.0,SandP500,GPN
2015-05-01 00:00:00-04:00,48.36760411835331,48.76555416866025,48.01760267783977,48.458702087402344,750800,0.0,0.0,SandP500,GPN
2015-05-04 00:00:00-04:00,48.47308979920317,48.808711809725,48.33884245818072,48.38678741455078,717000,0.0,0.0,SandP500,GPN
2015-05-05 00:00:00-04:00,48.132671293820145,48.602540600851825,48.06554762966781,48.458702087402344,1113400,0.0,0.0,SandP500,GPN
2015-05-06 00:00:00-04:00,48.68883825583346,48.851851807833995,48.405956848938715,48.564178466796875,1108400,0.0,0.0,SandP500,GPN
2015-05-07 00:00:00-04:00,48.45390928101393,48.76076137991637,48.252538276977745,48.597747802734375,1009800,0.0,0.0,SandP500,GPN
2015-05-08 00:00:00-04:00,49.17787602316811,49.17787602316811,48.68883177430381,48.847049713134766,1212000,0.0,0.0,SandP500,GPN
2015-05-11 00:00:00-04:00,48.90938805908318,49.1826782824329,48.67445159879139,48.98609924316406,821000,0.0,0.0,SandP500,GPN
2015-05-12 00:00:00-04:00,48.65528869628906,48.82309788271297,48.34843290944345,48.65528869628906,904400,0.0,0.0,SandP500,GPN
2015-05-13 00:00:00-04:00,48.64568728488839,49.278694883716646,48.58813980910901,49.26430892944336,1001400,0.01,0.0,SandP500,GPN
2015-05-14 00:00:00-04:00,49.76783062709445,50.290543418237114,49.48969001010793,50.14188003540039,1378800,0.0,0.0,SandP500,GPN
2015-05-15 00:00:00-04:00,50.18024966150677,50.57827813383828,49.86854057282925,49.96924591064453,1222000,0.0,0.0,SandP500,GPN
2015-05-18 00:00:00-04:00,49.83978721453801,50.6022723383682,49.83978721453801,50.46799850463867,1232800,0.0,0.0,SandP500,GPN
2015-05-19 00:00:00-04:00,50.592661761014604,50.86120931617032,50.400840510752225,50.53511428833008,1333600,0.0,0.0,SandP500,GPN
2015-05-20 00:00:00-04:00,50.204244760279416,50.31933608909444,49.66234925551255,49.95487594604492,1703600,0.0,0.0,SandP500,GPN
2015-05-21 00:00:00-04:00,49.82059227744754,50.71255813160619,49.787023827395835,50.544715881347656,1320800,0.0,0.0,SandP500,GPN
2015-05-22 00:00:00-04:00,50.35290541648546,50.506361743788204,50.16108409268517,50.40085983276367,696200,0.0,0.0,SandP500,GPN
2015-05-26 00:00:00-04:00,50.21862261947643,50.36248584262022,49.6623412456641,50.04118728637695,928000,0.0,0.0,SandP500,GPN
2015-05-27 00:00:00-04:00,50.021993511006414,50.228200710495145,49.84935475521651,50.065155029296875,1158000,0.0,0.0,SandP500,GPN
2015-05-28 00:00:00-04:00,50.05556738833037,50.19463771551781,49.74386194529912,50.08434295654297,889800,0.0,0.0,SandP500,GPN
2015-05-29 00:00:00-04:00,50.14189572713808,50.15148880448366,49.71989179110772,50.05557632446289,1300200,0.0,0.0,SandP500,GPN
2015-06-01 00:00:00-04:00,50.20902795500215,50.37687386472576,49.72468369610792,50.22821044921875,1118400,0.0,0.0,SandP500,GPN
2015-06-02 00:00:00-04:00,50.15149277831222,50.92836380525845,49.92130646671022,50.69818115234375,1279200,0.0,0.0,SandP500,GPN
2015-06-03 00:00:00-04:00,51.05304600964491,51.34557268157808,50.72695088316303,51.153751373291016,1310600,0.0,0.0,SandP500,GPN
2015-06-04 00:00:00-04:00,50.84683618049187,51.11538380334492,50.213828456133285,50.27616882324219,697200,0.0,0.0,SandP500,GPN
2015-06-05 00:00:00-04:00,50.290555420415956,50.966720975566794,49.93089187910322,50.6741943359375,836600,0.0,0.0,SandP500,GPN
2015-06-08 00:00:00-04:00,50.71255997044167,50.93315317287825,49.95966442739346,50.04118728637695,772400,0.0,0.0,SandP500,GPN
2015-06-09 00:00:00-04:00,50.02679714268789,50.4631906313442,49.77743204823178,50.333709716796875,754800,0.0,0.0,SandP500,GPN
2015-06-10 00:00:00-04:00,50.482375561486144,51.024270998928536,50.482375561486144,50.93315505981445,784000,0.0,0.0,SandP500,GPN
2015-06-11 00:00:00-04:00,51.06743504802949,51.211301952595036,50.5687010798729,50.7557258605957,907200,0.0,0.0,SandP500,GPN
2015-06-12 00:00:00-04:00,50.42003177006699,50.99549196224493,50.386463319834725,50.41044235229492,778000,0.0,0.0,SandP500,GPN
2015-06-15 00:00:00-04:00,49.954869098867114,50.53992239974018,49.52327210160937,50.35289764404297,1146600,0.0,0.0,SandP500,GPN
2015-06-16 00:00:00-04:00,50.37688167471704,51.07222981910793,50.37688167471704,50.89479446411133,1007800,0.0,0.0,SandP500,GPN
2015-06-17 00:00:00-04:00,51.14415885199995,51.220885175448444,50.63583186707007,50.93315505981445,539200,0.0,0.0,SandP500,GPN
2015-06-18 00:00:00-04:00,51.0098781266035,51.63329268284713,50.76530591506185,51.48942947387695,920000,0.0,0.0,SandP500,GPN
2015-06-19 00:00:00-04:00,51.48462982667106,51.48462982667106,50.8803941411658,50.928348541259766,1110800,0.0,0.0,SandP500,GPN
2015-06-22 00:00:00-04:00,51.29282350309171,51.5757607657985,51.11538814652348,51.40312194824219,517400,0.0,0.0,SandP500,GPN
2015-06-23 00:00:00-04:00,51.590140509226664,51.700435282402964,51.005087215619696,51.19211196899414,604000,0.0,0.0,SandP500,GPN
2015-06-24 00:00:00-04:00,51.1825344836649,51.35037678112108,50.626252973595655,50.693389892578125,636800,0.0,0.0,SandP500,GPN
2015-06-25 00:00:00-04:00,50.726942660819915,50.885195488907044,50.54951099783121,50.779693603515625,691000,0.0,0.0,SandP500,GPN
2015-06-26 00:00:00-04:00,50.894794608158705,51.10100188018106,50.45360814759046,50.5063591003418,975800,0.0,0.0,SandP500,GPN
2015-06-29 00:00:00-04:00,49.935687067789154,50.37687714613559,49.27390743829986,49.28349685668945,981400,0.0,0.0,SandP500,GPN
2015-06-30 00:00:00-04:00,49.72467976454907,49.78702012180899,49.37460567547688,49.60958480834961,1696600,0.0,0.0,SandP500,GPN
2015-07-01 00:00:00-04:00,50.09874517352175,50.76052491824569,50.022015178296485,50.39606475830078,1123800,0.0,0.0,SandP500,GPN
2015-07-02 00:00:00-04:00,50.40564089808813,50.42961992820969,49.763040209430756,50.14668273925781,669200,0.0,0.0,SandP500,GPN
2015-07-06 00:00:00-04:00,49.74864813709339,50.43440660521624,49.58560246011321,50.14188003540039,596200,0.0,0.0,SandP500,GPN
2015-07-07 00:00:00-04:00,50.59747945765469,50.66941291392053,49.71510280092306,50.46799850463867,1472200,0.0,0.0,SandP500,GPN
2015-07-08 00:00:00-04:00,50.050771774965646,50.29054743108253,49.43215014314174,49.777427673339844,1002000,0.0,0.0,SandP500,GPN
2015-07-09 00:00:00-04:00,50.53033443571435,50.95233836813014,50.10353396466686,50.117919921875,706200,0.0,0.0,SandP500,GPN
2015-07-10 00:00:00-04:00,50.506359393074696,50.88520548380862,50.23781174746575,50.808475494384766,582000,0.0,0.0,SandP500,GPN
2015-07-13 00:00:00-04:00,51.120181737296704,51.20650114109659,50.46319861935758,51.048248291015625,597600,0.0,0.0,SandP500,GPN
2015-07-14 00:00:00-04:00,51.08181072999481,51.26404259360767,50.88040003107319,51.06742477416992,414400,0.0,0.0,SandP500,GPN
2015-07-15 00:00:00-04:00,51.04345159882537,51.33597824215079,50.79887936321021,51.024269104003906,509400,0.0,0.0,SandP500,GPN
2015-07-16 00:00:00-04:00,51.42229361925515,51.88266248291776,51.029061652875434,51.570953369140625,1045400,0.0,0.0,SandP500,GPN
2015-07-17 00:00:00-04:00,51.570945422361156,51.66685421550444,50.86600445083156,51.11057662963867,562200,0.0,0.0,SandP500,GPN
2015-07-20 00:00:00-04:00,51.20169609682435,52.30946220468387,50.83723970460064,51.79154586791992,1597000,0.0,0.0,SandP500,GPN
2015-07-21 00:00:00-04:00,51.79156056399823,52.007357269539895,51.08661929315381,51.23527908325195,626800,0.0,0.0,SandP500,GPN
2015-07-22 00:00:00-04:00,51.14415768506099,51.78196192693318,50.904381984389055,51.03385925292969,895400,0.0,0.0,SandP500,GPN
2015-07-23 00:00:00-04:00,50.97630426153937,51.19210088140577,50.415226464251845,50.53511428833008,755200,0.0,0.0,SandP500,GPN
2015-07-24 00:00:00-04:00,50.54472023900968,50.75572037523157,49.825393111297075,50.09394073486328,917000,0.0,0.0,SandP500,GPN
2015-07-27 00:00:00-04:00,49.70550723819153,50.1275111861455,48.9861800818029,48.99576950073242,1620600,0.0,0.0,SandP500,GPN
2015-07-28 00:00:00-04:00,49.73906867754289,53.13429325493777,48.97178721734572,52.70749282836914,3883600,0.0,0.0,SandP500,GPN
2015-07-29 00:00:00-04:00,52.85136676882106,54.82232359199712,52.83218427108776,53.57069396972656,3325000,0.0,0.0,SandP500,GPN
2015-07-30 00:00:00-04:00,53.388446154572435,53.805653436569884,53.06714766738943,53.63301467895508,1669000,0.0,0.0,SandP500,GPN
2015-07-31 00:00:00-04:00,53.997479001938395,54.165321235625534,53.364471392971005,53.752906799316406,1850800,0.0,0.0,SandP500,GPN
2015-08-03 00:00:00-04:00,53.75771434845754,54.21808328030704,53.46998422338748,53.839237213134766,1168400,0.0,0.0,SandP500,GPN
2015-08-04 00:00:00-04:00,53.89678823133931,54.50102409463893,53.738535371646286,53.94953918457031,851600,0.0,0.0,SandP500,GPN
2015-08-05 00:00:00-04:00,54.35234905957174,54.93260942132851,54.174917398997486,54.33796310424805,1087600,0.0,0.0,SandP500,GPN
2015-08-06 00:00:00-04:00,54.50099786047555,54.735976938050484,53.66178321045098,53.959102630615234,983800,0.0,0.0,SandP500,GPN
2015-08-07 00:00:00-04:00,53.88718930455933,54.17971593588854,53.65220649664791,54.06462097167969,719600,0.0,0.0,SandP500,GPN
2015-08-10 00:00:00-04:00,54.438670342052234,55.16279394089719,54.42428438622859,54.99974822998047,850800,0.0,0.0,SandP500,GPN
2015-08-11 00:00:00-04:00,54.30919725067603,54.846296147677556,54.22767438895855,54.70722579956055,704000,0.0,0.0,SandP500,GPN
2015-08-12 00:00:00-04:00,54.453000681634315,55.234808643840005,53.709568084981555,54.95661926269531,712000,0.01,0.0,SandP500,GPN
2015-08-13 00:00:00-04:00,55.004599484773095,55.685681018990905,54.712021535971495,55.637718200683594,964400,0.0,0.0,SandP500,GPN
2015-08-14 00:00:00-04:00,55.49382794769941,56.25165294408919,55.134101309336636,56.0933723449707,1155400,0.0,0.0,SandP500,GPN
2015-08-17 00:00:00-04:00,55.79119722206506,56.3955389334396,55.397896286576774,56.222869873046875,654800,0.0,0.0,SandP500,GPN
2015-08-18 00:00:00-04:00,56.23245482891163,56.740870855336546,56.1269344524965,56.41471862792969,1168200,0.0,0.0,SandP500,GPN
2015-08-19 00:00:00-04:00,56.05500400327261,56.87997401594103,55.77201714633011,56.55382537841797,785600,0.0,0.0,SandP500,GPN
2015-08-20 00:00:00-04:00,55.98783307234877,56.237241831133446,55.613714445181074,55.757606506347656,1036000,0.0,0.0,SandP500,GPN
2015-08-21 00:00:00-04:00,55.00459787184158,55.287581053086555,53.680802901273125,53.68560028076172,1787000,0.0,0.0,SandP500,GPN
2015-08-24 00:00:00-04:00,50.990044632037566,51.17230844898782,48.63023904474278,50.79339599609375,2250000,0.0,0.0,SandP500,GPN
2015-08-25 00:00:00-04:00,52.716720898493925,52.755088943821086,50.78858482187641,50.860530853271484,1545200,0.0,0.0,SandP500,GPN
2015-08-26 00:00:00-04:00,52.136372289054705,52.50569363717123,50.75502350146321,52.33782196044922,1157200,0.0,0.0,SandP500,GPN
2015-08-27 00:00:00-04:00,52.884614750996015,53.97818317780304,52.6399996052117,53.71438217163086,689000,0.0,0.0,SandP500,GPN
2015-08-28 00:00:00-04:00,53.474558586281496,54.40505258752158,53.148406313839594,53.944602966308594,755600,0.0,0.0,SandP500,GPN
2015-08-31 00:00:00-04:00,53.73356401984262,53.95899328840673,53.27311438290096,53.426597595214844,707400,0.0,0.0,SandP500,GPN
2015-09-01 00:00:00-04:00,52.26107765430931,52.80786176892824,51.829405021892256,51.973297119140625,729200,0.0,0.0,SandP500,GPN
2015-09-02 00:00:00-04:00,52.75990093112724,52.99012756347656,52.026059258214076,52.99012756347656,633400,0.0,0.0,SandP500,GPN
2015-09-03 00:00:00-04:00,53.306684957338426,53.92061776324513,53.09085046315591,53.23953628540039,778000,0.0,0.0,SandP500,GPN
2015-09-04 00:00:00-04:00,52.72152801118388,53.22514669956844,52.51049090062463,52.89899444580078,720200,0.0,0.0,SandP500,GPN
2015-09-08 00:00:00-04:00,53.95897969577529,54.54413543885743,53.40260090421276,54.4050407409668,883000,0.0,0.0,SandP500,GPN
2015-09-09 00:00:00-04:00,54.90387901108326,55.07175071259708,53.68080696130082,53.78632736206055,831800,0.0,0.0,SandP500,GPN
2015-09-10 00:00:00-04:00,53.623254402987314,54.764785661616706,53.27791623148162,54.16524124145508,761200,0.0,0.0,SandP500,GPN
2015-09-11 00:00:00-04:00,53.86785159621546,54.731196795864655,53.55129412922927,54.7168083190918,664400,0.0,0.0,SandP500,GPN
2015-09-14 00:00:00-04:00,54.70241624166515,54.88947374605524,53.97336841898746,54.00694274902344,1011200,0.0,0.0,SandP500,GPN
2015-09-15 00:00:00-04:00,54.43383308526329,55.124509391663175,53.853474556430044,54.8798942565918,746600,0.0,0.0,SandP500,GPN
2015-09-16 00:00:00-04:00,54.855912694523546,55.08133830257338,54.40985153931274,54.92306137084961,838000,0.0,0.0,SandP500,GPN
2015-09-17 00:00:00-04:00,55.03818655816859,55.56578500028081,54.83194309833126,54.980628967285156,840000,0.0,0.0,SandP500,GPN
2015-09-18 00:00:00-04:00,54.376274857451634,55.02857939307103,54.342700520735704,54.55373764038086,1702200,0.0,0.0,SandP500,GPN
2015-09-21 00:00:00-04:00,55.05735294727958,55.98784687778917,54.96622104211437,55.75282287597656,1016600,0.0,0.0,SandP500,GPN
2015-09-22 00:00:00-04:00,55.143695325956415,55.7384423354244,54.923063429852625,55.66649627685547,1162200,0.0,0.0,SandP500,GPN
2015-09-23 00:00:00-04:00,55.89191376219301,56.611366877455424,55.594542149854334,56.25164031982422,771200,0.0,0.0,SandP500,GPN
2015-09-24 00:00:00-04:00,55.666484351890844,55.968657001282736,54.91825428544952,55.402687072753906,1033200,0.0,0.0,SandP500,GPN
2015-09-25 00:00:00-04:00,55.90630137215328,56.46268019580663,55.20603412327516,55.51300048828125,743600,0.0,0.0,SandP500,GPN
2015-09-28 00:00:00-04:00,55.32595154770206,55.46504627517061,53.479355692863464,53.719173431396484,1184000,0.0,0.0,SandP500,GPN
2015-09-29 00:00:00-04:00,53.83428468393489,54.72160958072936,53.608855425215204,54.65446090698242,1399400,0.0,0.0,SandP500,GPN
2015-09-30 00:00:00-04:00,55.00460028744345,55.5897561935857,54.16044076746799,55.02858352661133,1111400,0.0,0.0,SandP500,GPN
2015-10-01 00:00:00-04:00,55.61852383016515,55.963861924056076,54.659252973502774,55.89671325683594,1499000,0.0,0.0,SandP500,GPN
2015-10-02 00:00:00-04:00,55.46503847514228,56.81281280517578,54.659250840615826,56.81281280517578,1316200,0.0,0.0,SandP500,GPN
2015-10-05 00:00:00-04:00,57.55624687832786,57.69534158073647,55.997431858706484,56.06937789916992,2030800,0.0,0.0,SandP500,GPN
2015-10-06 00:00:00-04:00,56.03102613049893,56.165323502184215,54.927862875663045,55.33555603027344,2173600,0.0,0.0,SandP500,GPN
2015-10-07 00:00:00-04:00,59.71461938128109,61.7818472025315,58.63543951294468,61.4892692565918,4549800,0.0,0.0,SandP500,GPN
2015-10-08 00:00:00-04:00,61.9209394121899,63.6236394017327,61.70989864358075,63.527713775634766,3499600,0.0,0.0,SandP500,GPN
2015-10-09 00:00:00-04:00,63.35986452180828,63.87307079866424,62.76032003283832,63.80112838745117,2030000,0.0,0.0,SandP500,GPN
2015-10-12 00:00:00-04:00,63.75314923782221,64.92346101882227,63.39342261589138,64.14645385742188,2040800,0.0,0.0,SandP500,GPN
2015-10-13 00:00:00-04:00,63.91141626793808,64.63086935913438,61.973692495857705,62.19432067871094,2920000,0.0,0.0,SandP500,GPN
2015-10-14 00:00:00-04:00,62.34782407195703,62.779493113826504,60.395703986576216,60.87533950805664,3516200,0.0,0.0,SandP500,GPN
2015-10-15 00:00:00-04:00,61.20626575880781,62.28544526902361,60.64988701039726,62.23268508911133,2190800,0.0,0.0,SandP500,GPN
2015-10-16 00:00:00-04:00,62.22791674566834,62.84184964300307,62.17515654424157,62.765106201171875,1256400,0.0,0.0,SandP500,GPN
2015-10-19 00:00:00-04:00,62.56368113235029,64.00738193740357,62.37662350432903,63.921051025390625,2596200,0.0,0.0,SandP500,GPN
2015-10-20 00:00:00-04:00,63.75794100745537,63.97857654903184,62.47252143070394,62.7555046081543,2389200,0.0,0.0,SandP500,GPN
2015-10-21 00:00:00-04:00,63.23514387176805,63.60925898401541,62.17035245424647,62.94256591796875,2175600,0.0,0.0,SandP500,GPN
2015-10-22 00:00:00-04:00,63.13923642975424,64.285565336087,62.91380708963088,64.08891296386719,2052800,0.0,0.0,SandP500,GPN
2015-10-23 00:00:00-04:00,64.66923816493568,64.73638682435248,63.62843028464774,64.24236297607422,1339200,0.0,0.0,SandP500,GPN
2015-10-26 00:00:00-04:00,64.35270631645977,64.35270631645977,63.590087483837586,63.738773345947266,1237000,0.0,0.0,SandP500,GPN
2015-10-27 00:00:00-04:00,63.57089264128955,63.72917325118906,62.031266622675744,62.822662353515625,2157200,0.0,0.0,SandP500,GPN
2015-10-28 00:00:00-04:00,63.2975196323336,66.12257342146864,62.96177612877907,65.92112731933594,3124400,0.0,0.0,SandP500,GPN
2015-10-29 00:00:00-04:00,65.66209001302927,66.85159119548155,65.36951209651603,65.43666076660156,1798200,0.0,0.0,SandP500,GPN
2015-10-30 00:00:00-04:00,65.39349262469544,66.0314086234194,65.21123613838563,65.42707061767578,1166400,0.0,0.0,SandP500,GPN
2015-11-02 00:00:00-05:00,65.3503158865135,65.52298490380386,64.61647439269308,65.3407211303711,1199000,0.0,0.0,SandP500,GPN
2015-11-03 00:00:00-05:00,65.18245705886866,65.20164657600245,64.14645001199327,64.80834197998047,988800,0.0,2.0,SandP500,GPN
2015-11-04 00:00:00-05:00,64.7507851596339,65.74842776477662,64.43422400904268,65.29756927490234,895100,0.0,0.0,SandP500,GPN
2015-11-05 00:00:00-05:00,65.17289215538322,65.89234560489838,64.80836439035382,65.8060073852539,820600,0.0,0.0,SandP500,GPN
2015-11-06 00:00:00-05:00,65.57575057000237,67.09140014648438,65.38389934303345,67.09140014648438,1089000,0.0,0.0,SandP500,GPN
2015-11-09 00:00:00-05:00,66.47747849797602,66.98589092082031,65.54698452319015,66.42951202392578,1444200,0.0,0.0,SandP500,GPN
2015-11-10 00:00:00-05:00,66.055344004993,66.72693506099344,65.86346502882931,66.19925689697266,1595100,0.01,0.0,SandP500,GPN
2015-11-11 00:00:00-05:00,66.31439757592187,67.15867543196933,65.79631548708092,66.870849609375,1136900,0.0,0.0,SandP500,GPN
2015-11-12 00:00:00-05:00,66.61179379855568,66.68854830597752,65.81548225340772,66.09371185302734,1063400,0.0,0.0,SandP500,GPN
2015-11-13 00:00:00-05:00,65.81550376931553,66.97638862465588,65.30701780091269,66.2280502319336,1331700,0.0,0.0,SandP500,GPN
2015-11-16 00:00:00-05:00,65.95939730653141,66.41032090290831,65.41253423256032,66.3431625366211,860100,0.0,0.0,SandP500,GPN
2015-11-17 00:00:00-05:00,66.43912365497631,67.78229873793696,66.41993868109367,67.23543548583984,1160900,0.0,0.0,SandP500,GPN
2015-11-18 00:00:00-05:00,67.47524706435716,68.07007605087439,66.75569020411658,68.02210998535156,1282900,0.0,0.0,SandP500,GPN
2015-11-19 00:00:00-05:00,68.06051376333164,68.7320975001588,67.8782236120298,68.37711334228516,1220300,0.0,0.0,SandP500,GPN
2015-11-20 00:00:00-05:00,68.73208849911086,69.01031810213524,68.20441040376932,68.36751556396484,1067700,0.0,0.0,SandP500,GPN
2015-11-23 00:00:00-05:00,68.482643128752,69.95054571915313,68.46345816064353,69.710693359375,1298800,0.0,0.0,SandP500,GPN
2015-11-24 00:00:00-05:00,69.50923131110476,69.88340051646206,68.85683240848158,69.31735229492188,1373000,0.0,0.0,SandP500,GPN
2015-11-25 00:00:00-05:00,69.43246016578479,69.63393525925073,69.17341553153373,69.49961853027344,789900,0.0,0.0,SandP500,GPN
2015-11-27 00:00:00-05:00,69.27895837471571,69.76825926399553,68.57859354625563,69.355712890625,697400,0.0,0.0,SandP500,GPN
2015-11-30 00:00:00-05:00,69.60515191321859,69.93134758176917,67.9165893921045,67.97415161132812,6490900,0.0,0.0,SandP500,GPN
2015-12-01 00:00:00-05:00,68.18524465382389,69.12546934695769,67.66716255593973,68.20442962646484,1559200,0.0,0.0,SandP500,GPN
2015-12-02 00:00:00-05:00,68.1180844438909,68.9911507298038,67.83025862398858,68.7608871459961,1172500,0.0,0.0,SandP500,GPN
2015-12-03 00:00:00-05:00,69.1542310470059,69.19260830122619,66.18006338220468,66.52544403076172,1556700,0.0,0.0,SandP500,GPN
2015-12-04 00:00:00-05:00,66.53504259773507,67.6191799397371,66.18006579276498,67.53282928466797,1006900,0.0,0.0,SandP500,GPN
2015-12-07 00:00:00-05:00,67.59039330956341,67.76308730459098,66.30478815080177,66.92840576171875,890800,0.0,0.0,SandP500,GPN
2015-12-08 00:00:00-05:00,66.34317550473259,67.83025599740466,66.20885874590321,67.46568298339844,864600,0.0,0.0,SandP500,GPN
2015-12-09 00:00:00-05:00,66.98594761541733,67.70550448925225,66.46786578789086,66.80365753173828,1139800,0.0,0.0,SandP500,GPN
2015-12-10 00:00:00-05:00,66.92841508627116,71.61033125305683,66.47749140755847,68.54981231689453,4018600,0.0,0.0,SandP500,GPN
2015-12-11 00:00:00-05:00,67.92619698446804,68.24279656327475,66.34316981157951,66.86125183105469,2380700,0.0,0.0,SandP500,GPN
2015-12-14 00:00:00-05:00,66.98597222880818,68.5785955415525,66.74611984939828,67.47527313232422,1649500,0.0,0.0,SandP500,GPN
2015-12-15 00:00:00-05:00,68.12764216941005,68.94313843961676,67.71509596405222,68.52099609375,1392400,0.0,0.0,SandP500,GPN
2015-12-16 00:00:00-05:00,62.40958769848082,64.23245979911503,60.44279539657984,63.02360916137695,12820400,0.0,0.0,SandP500,GPN
2015-12-17 00:00:00-05:00,63.32102656605566,63.666414569265775,61.26789083570306,61.57490158081055,4173200,0.0,0.0,SandP500,GPN
2015-12-18 00:00:00-05:00,61.3638363507721,62.09298968694225,60.548339665171994,61.210330963134766,5840800,0.0,0.0,SandP500,GPN
2015-12-21 00:00:00-05:00,61.40219932700572,62.02581687786313,60.164560368455255,61.287071228027344,2003300,0.0,0.0,SandP500,GPN
2015-12-22 00:00:00-05:00,61.64206491706649,62.07379629599298,61.210329878282934,61.74760055541992,1734600,0.0,0.0,SandP500,GPN
2015-12-23 00:00:00-05:00,62.31364151467303,63.11954926752516,62.06420032520432,62.956451416015625,1079600,0.0,0.0,SandP500,GPN
2015-12-24 00:00:00-05:00,62.65901468242412,63.04277983967362,62.390381268262935,62.841304779052734,609600,0.0,0.0,SandP500,GPN
2015-12-28 00:00:00-05:00,62.659039817920984,62.99483904003893,62.05461439359477,62.92767333984375,1118700,0.0,0.0,SandP500,GPN
2015-12-29 00:00:00-05:00,63.21548287341999,63.99260212166875,63.21548287341999,63.819908142089844,955700,0.0,0.0,SandP500,GPN
2015-12-30 00:00:00-05:00,63.551270489255664,63.78153399328453,62.54389510804982,62.611053466796875,1048200,0.0,0.0,SandP500,GPN
2015-12-31 00:00:00-05:00,62.51514307248186,62.90849726529666,61.718831220078165,61.89152526855469,1361700,0.0,0.0,SandP500,GPN
2016-01-04 00:00:00-05:00,60.93209966786076,61.13357845735748,59.45461172397933,60.039852142333984,2681600,0.0,0.0,SandP500,GPN
2016-01-05 00:00:00-05:00,60.039857010728234,61.09520615048291,60.039857010728234,60.970481872558594,2400600,0.0,0.0,SandP500,GPN
2016-01-06 00:00:00-05:00,60.26051369272561,61.47896423088113,59.80959004399883,61.162357330322266,2911300,0.0,0.0,SandP500,GPN
2016-01-07 00:00:00-05:00,59.943907158604844,60.768999942230884,58.58154737902281,58.86936950683594,2342900,0.0,0.0,SandP500,GPN
2016-01-08 00:00:00-05:00,59.35866342742158,60.04943942329806,57.58375735561939,57.73726272583008,1870800,0.0,0.0,SandP500,GPN
2016-01-11 00:00:00-05:00,57.82362021269078,58.50480018780419,55.38671881624453,56.1446533203125,2906000,0.0,0.0,SandP500,GPN
2016-01-12 00:00:00-05:00,56.7202976480421,56.758674912519375,54.69594269508311,56.1446533203125,3306700,0.0,0.0,SandP500,GPN
2016-01-13 00:00:00-05:00,56.298147277940025,56.499622385717615,53.81327663577987,54.110694885253906,3665800,0.0,0.0,SandP500,GPN
2016-01-14 00:00:00-05:00,54.22583026750818,55.60737875450293,53.66937095061348,55.031734466552734,1955400,0.0,0.0,SandP500,GPN
2016-01-15 00:00:00-05:00,53.84206286413895,54.839849673446444,53.31438834416996,54.782283782958984,3345600,0.0,0.0,SandP500,GPN
2016-01-19 00:00:00-05:00,55.30994252048032,56.115846404732174,54.73429479752574,54.99333572387695,2621700,0.0,0.0,SandP500,GPN
2016-01-20 00:00:00-05:00,53.861250418221424,55.991140745564316,52.56604901691431,55.67453384399414,3481300,0.0,0.0,SandP500,GPN
2016-01-21 00:00:00-05:00,55.68410686688724,56.35569399086324,54.72469773545165,54.96455001831055,2451700,0.0,0.0,SandP500,GPN
2016-01-22 00:00:00-05:00,55.674536380735596,56.643542099519884,55.43468398735334,56.470848083496094,1882800,0.0,0.0,SandP500,GPN
2016-01-25 00:00:00-05:00,56.40368716933206,56.777856300602664,55.21401774132537,55.31955337524414,2309200,0.0,0.0,SandP500,GPN
2016-01-26 00:00:00-05:00,55.38671380715074,56.51881738784289,54.74391115464874,56.27896499633789,2498700,0.0,0.0,SandP500,GPN
2016-01-27 00:00:00-05:00,55.77048481000294,55.95277132866958,53.50627741669871,54.254615783691406,2720000,0.0,0.0,SandP500,GPN
2016-01-28 00:00:00-05:00,54.70553027776614,55.079699398205314,53.285604653092356,53.5830192565918,1862800,0.0,0.0,SandP500,GPN
2016-01-29 00:00:00-05:00,53.870836845100634,56.57637093832934,53.59260725327947,56.55718231201172,2532500,0.0,0.0,SandP500,GPN
2016-02-01 00:00:00-05:00,56.10627063530837,57.593354721487806,55.86641824528404,57.19999694824219,1888800,0.0,0.0,SandP500,GPN
2016-02-02 00:00:00-05:00,56.38450640957207,56.38450640957207,53.9763861026812,54.254615783691406,1963800,0.0,0.0,SandP500,GPN
2016-02-03 00:00:00-05:00,54.69592676504806,55.64574365501351,53.77489464498576,55.0029411315918,1970100,0.0,0.0,SandP500,GPN
2016-02-04 00:00:00-05:00,54.77268722873401,55.54981022322576,54.552023488044014,55.348331451416016,1055700,0.0,0.0,SandP500,GPN
2016-02-05 00:00:00-05:00,55.30997249522968,55.34834610300499,53.323994643443044,53.49668502807617,1276100,0.0,0.0,SandP500,GPN
2016-02-08 00:00:00-05:00,52.58523133130128,52.58523133130128,49.20810975275688,50.407371520996094,2274000,0.0,0.0,SandP500,GPN
2016-02-09 00:00:00-05:00,49.52471732016026,51.692984837706405,49.52471732016026,50.34021759033203,1800800,0.0,0.0,SandP500,GPN
2016-02-10 00:00:00-05:00,50.66647200677252,52.56646429521416,50.66647200677252,52.278587341308594,2673100,0.01,0.0,SandP500,GPN
2016-02-11 00:00:00-05:00,51.04071215286204,53.19979478698478,50.60889855448074,52.681617736816406,2132200,0.0,0.0,SandP500,GPN
2016-02-12 00:00:00-05:00,53.40131192356423,54.56241770551292,52.643233142733315,54.50484085083008,1962300,0.0,0.0,SandP500,GPN
2016-02-16 00:00:00-05:00,54.97505932481816,55.88667300026958,54.35132268883689,55.75232696533203,1391500,0.0,0.0,SandP500,GPN
2016-02-17 00:00:00-05:00,56.37605563967138,56.827065256166236,55.550805558661494,56.798274993896484,1654700,0.0,0.0,SandP500,GPN
2016-02-18 00:00:00-05:00,57.13413347941297,57.1821123682299,55.6371679886645,55.66595458984375,1574800,0.0,0.0,SandP500,GPN
2016-02-19 00:00:00-05:00,55.617970139697775,56.85584511439223,54.994237326336545,56.76948165893555,1564900,0.0,0.0,SandP500,GPN
2016-02-22 00:00:00-05:00,57.230085687545696,59.15886831105097,57.230085687545696,58.97654342651367,1466400,0.0,0.0,SandP500,GPN
2016-02-23 00:00:00-05:00,58.58312807707625,59.2356513443719,58.04575855851887,58.13212203979492,1264700,0.0,0.0,SandP500,GPN
2016-02-24 00:00:00-05:00,57.556346610540665,59.56189469517719,57.32604650486658,59.38916778564453,1086100,0.0,0.0,SandP500,GPN
2016-02-25 00:00:00-05:00,59.69623858403864,60.44472309830485,59.30280587111899,59.859371185302734,967700,0.0,0.0,SandP500,GPN
2016-02-26 00:00:00-05:00,60.012897000484315,60.252795050220286,58.69825305233248,59.110877990722656,1031900,0.0,0.0,SandP500,GPN
2016-02-29 00:00:00-05:00,58.89978476948837,59.648265698481296,58.266453907904825,58.487159729003906,1409900,0.0,0.0,SandP500,GPN
2016-03-01 00:00:00-05:00,58.80383435926427,60.195244385099734,58.2952514439703,60.17605209350586,1018500,0.0,0.0,SandP500,GPN
2016-03-02 00:00:00-05:00,60.20481801837854,60.21441233001851,59.12047777536895,59.70582962036133,870000,0.0,0.0,SandP500,GPN
2016-03-03 00:00:00-05:00,59.44674506729138,60.44472196049086,58.88058545101035,60.415931701660156,991400,0.0,0.0,SandP500,GPN
2016-03-04 00:00:00-05:00,60.31998826601331,60.91493462193287,59.71544393468493,60.70382308959961,1375500,0.0,0.0,SandP500,GPN
2016-03-07 00:00:00-05:00,60.396739038761574,60.45431589550918,57.68109468853085,58.08412170410156,2222000,0.0,0.0,SandP500,GPN
2016-03-08 00:00:00-05:00,57.68110171199865,57.91140184592294,56.53918437439577,56.54878234863281,2560900,0.0,0.0,SandP500,GPN
2016-03-09 00:00:00-05:00,56.65433614903579,56.98059771131114,56.20332654986133,56.87504196166992,1153300,0.0,0.0,SandP500,GPN
2016-03-10 00:00:00-05:00,57.23008965360877,57.9209973469898,56.88463580691826,57.41241455078125,1399500,0.0,0.0,SandP500,GPN
2016-03-11 00:00:00-05:00,57.84423408866325,58.54473616664666,57.45080131443818,57.72908401489258,1216700,0.0,0.0,SandP500,GPN
2016-03-14 00:00:00-04:00,57.47958817967625,57.78665746527838,56.48161117119201,56.54878234863281,1550600,0.0,0.0,SandP500,GPN
2016-03-15 00:00:00-04:00,56.28968205217957,57.191697462417736,55.98261282058556,56.10736083984375,1967500,0.0,0.0,SandP500,GPN
2016-03-16 00:00:00-04:00,55.848276202316846,56.90382633632924,55.76191274331188,56.692718505859375,1392000,0.0,0.0,SandP500,GPN
2016-03-17 00:00:00-04:00,56.80786835715174,57.51796465255432,56.491201121770395,57.479583740234375,1551000,0.0,0.0,SandP500,GPN
2016-03-18 00:00:00-04:00,56.625539773005734,57.33563968264803,56.45281652744561,56.95180130004883,1734100,0.0,0.0,SandP500,GPN
2016-03-21 00:00:00-04:00,56.980587956025346,57.67149187625205,56.846245628774426,57.07654571533203,1098900,0.0,0.0,SandP500,GPN
2016-03-22 00:00:00-04:00,56.55837621118888,57.55635321171296,56.17454143752511,57.210899353027344,1547800,0.0,0.0,SandP500,GPN
2016-03-23 00:00:00-04:00,57.16291521637141,58.00735749779982,56.65433244919104,57.258872985839844,1940700,0.0,0.0,SandP500,GPN
2016-03-24 00:00:00-04:00,56.836662361772454,57.7674682421996,56.32807951686516,57.738677978515625,1368200,0.0,0.0,SandP500,GPN
2016-03-28 00:00:00-04:00,57.75786497137983,58.103318819472676,57.14372642390565,57.66190719604492,1009200,0.0,0.0,SandP500,GPN
2016-03-29 00:00:00-04:00,57.70988164704349,61.81693561294738,57.59473159338331,60.415931701660156,3428700,0.0,0.0,SandP500,GPN
2016-03-30 00:00:00-04:00,60.47350979675919,60.79017336594587,59.63866548466236,60.24320602416992,1203200,0.0,0.0,SandP500,GPN
2016-03-31 00:00:00-04:00,60.243196711974164,62.90127118670486,60.243196711974164,62.661373138427734,2422100,0.0,0.0,SandP500,GPN
2016-04-01 00:00:00-04:00,61.92248336812064,62.53662178917741,61.40430636320007,62.517433166503906,1353200,0.0,0.0,SandP500,GPN
2016-04-04 00:00:00-04:00,62.69976508444659,63.10279946409106,61.893710967375945,62.15279769897461,1729700,0.0,0.0,SandP500,GPN
2016-04-05 00:00:00-04:00,61.816927640647684,63.24672528692412,61.615414157592255,62.517433166503906,1878600,0.0,0.0,SandP500,GPN
2016-04-06 00:00:00-04:00,64.56137674506786,68.77398687657882,64.56137674506786,67.99671936035156,4604500,0.0,0.0,SandP500,GPN
2016-04-07 00:00:00-04:00,67.99671733829331,69.98307329266729,67.79520381493467,68.84115600585938,3256800,0.0,0.0,SandP500,GPN
2016-04-08 00:00:00-04:00,68.9850833841497,69.56083724586927,68.51488525120796,69.28255462646484,1493200,0.0,0.0,SandP500,GPN
2016-04-11 00:00:00-04:00,69.97346750451653,71.029017551372,69.20579807094352,69.36892700195312,2059200,0.0,0.0,SandP500,GPN
2016-04-12 00:00:00-04:00,69.43608854737266,69.69517520653959,68.3901292970825,68.90830993652344,2693900,0.0,0.0,SandP500,GPN
2016-04-13 00:00:00-04:00,69.15782659087158,72.73710959953667,69.03308220975269,72.62195587158203,2966700,0.0,0.0,SandP500,GPN
2016-04-14 00:00:00-04:00,72.68911492643866,73.11133787074614,72.10376305223348,72.2573013305664,2630300,0.0,0.0,SandP500,GPN
2016-04-15 00:00:00-04:00,72.32447676682182,72.92901730095436,72.02699816526678,72.63154602050781,1584200,0.0,0.0,SandP500,GPN
2016-04-18 00:00:00-04:00,72.74670326734953,74.03256099224684,72.66034345863675,73.81185150146484,1718900,0.0,0.0,SandP500,GPN
2016-04-19 00:00:00-04:00,74.33962402031891,74.39719722127046,72.81386830512207,73.50477600097656,2079600,0.0,0.0,SandP500,GPN
2016-04-20 00:00:00-04:00,74.08052396557392,74.12850650988128,72.51639112400652,72.92901611328125,4519800,0.0,0.0,SandP500,GPN
2016-04-21 00:00:00-04:00,72.78509415797221,72.78509415797221,70.84672040949364,71.26893615722656,2818500,0.0,0.0,SandP500,GPN
2016-04-22 00:00:00-04:00,71.26891809851324,71.39366978512093,69.98306790901616,70.32852172851562,36730000,0.0,0.0,SandP500,GPN
2016-04-25 00:00:00-04:00,71.01942936751458,71.3073026696919,70.1557948187659,70.32852172851562,2359600,0.0,0.0,SandP500,GPN
2016-04-26 00:00:00-04:00,70.43406504702416,70.9426477135065,69.64719977940662,70.23255157470703,2328700,0.0,0.0,SandP500,GPN
2016-04-27 00:00:00-04:00,70.53962282868598,72.88102275715131,70.2517422477654,71.7295150756836,2841000,0.0,0.0,SandP500,GPN
2016-04-28 00:00:00-04:00,71.81589915402834,71.83509510384131,69.63762740128237,69.86792755126953,1525900,0.0,0.0,SandP500,GPN
2016-04-29 00:00:00-04:00,69.71438389285308,70.1270088855503,68.7739801928309,69.26337432861328,2355900,0.0,0.0,SandP500,GPN
2016-05-02 00:00:00-04:00,69.81993228146321,70.309319044599,69.27296500652322,70.29972839355469,1485300,0.0,0.0,SandP500,GPN
2016-05-03 00:00:00-04:00,69.59921307927978,70.43406083273383,69.31133984509698,70.10779571533203,1718900,0.0,0.0,SandP500,GPN
2016-05-04 00:00:00-04:00,69.50325206108754,70.16537291440468,69.4456788811839,69.6951675415039,1599100,0.0,0.0,SandP500,GPN
2016-05-05 00:00:00-04:00,69.91589360787857,70.03104731625625,68.97548995889755,69.38811492919922,1296200,0.0,0.0,SandP500,GPN
2016-05-06 00:00:00-04:00,69.19621445208703,69.92550678820578,68.82197396985326,69.91590881347656,1429400,0.0,0.0,SandP500,GPN
2016-05-09 00:00:00-04:00,69.62803067631131,70.29015185565905,69.11944781378448,70.08863830566406,1433100,0.0,0.0,SandP500,GPN
2016-05-10 00:00:00-04:00,70.24219437816319,71.55683923111415,69.97350954891483,71.2977523803711,1538700,0.0,0.0,SandP500,GPN
2016-05-11 00:00:00-04:00,71.09620052656773,71.57606147938404,70.81788029528262,71.08660125732422,1340100,0.01,0.0,SandP500,GPN
2016-05-12 00:00:00-04:00,71.28812533053059,71.81597518419555,70.70269451904595,71.37450408935547,1297200,0.0,0.0,SandP500,GPN
2016-05-13 00:00:00-04:00,71.24971008300781,72.09426954658804,71.00018780703432,71.24971008300781,1260600,0.0,0.0,SandP500,GPN
2016-05-16 00:00:00-04:00,71.1057636294964,71.83515403208546,71.01939220763282,71.35529327392578,1080400,0.0,0.0,SandP500,GPN
2016-05-17 00:00:00-04:00,71.07698184118992,71.3553019935847,70.63551076838628,71.16336059570312,1625200,0.0,0.0,SandP500,GPN
2016-05-18 00:00:00-04:00,71.08657580570592,71.72958749495456,70.60671502469748,71.28811645507812,1037200,0.0,0.0,SandP500,GPN
2016-05-19 00:00:00-04:00,70.8658187089796,71.36487789543303,69.94448712101857,71.21131896972656,985900,0.0,0.0,SandP500,GPN
2016-05-20 00:00:00-04:00,71.86394161561532,72.57414078103461,71.39368014171947,71.93112182617188,902700,0.0,0.0,SandP500,GPN
2016-05-23 00:00:00-04:00,71.90233177190966,72.535751465496,71.26891940041713,71.88314056396484,886500,0.0,0.0,SandP500,GPN
2016-05-24 00:00:00-04:00,72.3534182286628,74.22487261098179,72.33422701642422,74.10971069335938,1846300,0.0,0.0,SandP500,GPN
2016-05-25 00:00:00-04:00,74.16728254098857,74.23446275871396,73.08279979139459,73.18836975097656,1372700,0.0,0.0,SandP500,GPN
2016-05-26 00:00:00-04:00,73.22675746723841,73.65862923751313,73.00601828819275,73.29393768310547,642100,0.0,0.0,SandP500,GPN
2016-05-27 00:00:00-04:00,73.14995330551918,74.15765620353514,73.12116284016042,74.00410461425781,718300,0.0,0.0,SandP500,GPN
2016-05-31 00:00:00-04:00,74.25366512820597,75.14620653673917,73.3899141970295,74.56077575683594,1878300,0.0,0.0,SandP500,GPN
2016-06-01 00:00:00-04:00,74.17688237464496,74.61835342623242,73.84098128344742,74.57996368408203,1411800,0.0,0.0,SandP500,GPN
2016-06-02 00:00:00-04:00,74.47438648740196,75.74121856689453,74.23445611384582,75.74121856689453,1479900,0.0,0.0,SandP500,GPN
2016-06-03 00:00:00-04:00,75.23255915040755,75.42450049950416,72.56453485866186,72.99640655517578,2565600,0.0,0.0,SandP500,GPN
2016-06-06 00:00:00-04:00,73.38032352932876,74.12890531670298,73.2267718580679,74.04253387451172,1541900,0.0,0.0,SandP500,GPN
2016-06-07 00:00:00-04:00,74.1001097902047,74.33044094245973,73.66823796446458,73.84098815917969,1023200,0.0,0.0,SandP500,GPN
2016-06-08 00:00:00-04:00,73.71621798168864,73.84098648298666,72.73730511525461,73.24595642089844,1738000,0.0,0.0,SandP500,GPN
2016-06-09 00:00:00-04:00,73.01561174981754,73.91774495944996,72.65091290230585,73.51466369628906,693500,0.0,0.0,SandP500,GPN
2016-06-10 00:00:00-04:00,72.76606925097873,72.91962817480257,71.54722641202012,71.72956848144531,1083400,0.0,0.0,SandP500,GPN
2016-06-13 00:00:00-04:00,71.01942093535675,71.64324163772187,70.52996071385834,70.80828094482422,1583100,0.0,0.0,SandP500,GPN
2016-06-14 00:00:00-04:00,70.71228599188646,70.8946354343434,70.01168601988974,70.76986694335938,1103800,0.0,0.0,SandP500,GPN
2016-06-15 00:00:00-04:00,71.00020080512141,71.43207255744801,70.53953125682483,71.07697296142578,1489200,0.0,0.0,SandP500,GPN
2016-06-16 00:00:00-04:00,70.60672744100896,71.63362940006566,70.19404680388735,71.53765869140625,1062600,0.0,0.0,SandP500,GPN
2016-06-17 00:00:00-04:00,71.54725288210172,71.54725288210172,70.40518176043456,71.00980377197266,1141000,0.0,0.0,SandP500,GPN
2016-06-20 00:00:00-04:00,71.99831663927884,72.79488738464663,71.49926459136972,72.0750961303711,1114100,0.0,0.0,SandP500,GPN
2016-06-21 00:00:00-04:00,72.19025413263788,72.49736472711855,71.57603294367654,71.86394500732422,967300,0.0,0.0,SandP500,GPN
2016-06-22 00:00:00-04:00,72.103866201546,72.35339581592416,71.23052353436223,71.26891326904297,1110800,0.0,0.0,SandP500,GPN
2016-06-23 00:00:00-04:00,71.94072588527295,72.89084816134437,71.61442407570887,72.83326721191406,1002800,0.0,0.0,SandP500,GPN
2016-06-24 00:00:00-04:00,70.08845414145863,70.12684387691552,67.37244076515346,67.43962097167969,2952600,0.0,0.0,SandP500,GPN
2016-06-27 00:00:00-04:00,66.59506504025047,66.76781517911608,64.33972129323885,64.76200103759766,3280800,0.0,0.0,SandP500,GPN
2016-06-28 00:00:00-04:00,65.5201821487183,67.21889326689774,65.27065983608922,66.9501724243164,1840500,0.0,0.0,SandP500,GPN
2016-06-29 00:00:00-04:00,67.53560088864562,68.24579270952653,67.2668727328184,67.98666381835938,1175100,0.0,0.0,SandP500,GPN
2016-06-30 00:00:00-04:00,68.43774074448756,68.71606087002418,67.95787997399563,68.50492095947266,1572400,0.0,0.0,SandP500,GPN
2016-07-01 00:00:00-04:00,68.6296938519903,69.33028652151398,67.85231437486125,68.85042572021484,946600,0.0,0.0,SandP500,GPN
2016-07-05 00:00:00-04:00,68.42814213375388,69.17672369124885,67.89069314414465,68.96558380126953,1668900,0.0,0.0,SandP500,GPN
2016-07-06 00:00:00-04:00,68.49531374289532,69.25349446986483,68.34175481597319,69.15751647949219,1099100,0.0,0.0,SandP500,GPN
2016-07-07 00:00:00-04:00,68.86962264827574,69.57981456746754,68.66808199507648,68.90801239013672,955700,0.0,0.0,SandP500,GPN
2016-07-08 00:00:00-04:00,69.54142556082105,70.673897330362,69.24391421087124,70.57792663574219,1013400,0.0,0.0,SandP500,GPN
2016-07-11 00:00:00-04:00,70.83701074909382,72.2094121898137,70.83701074909382,71.78713989257812,1495800,0.0,0.0,SandP500,GPN
2016-07-12 00:00:00-04:00,72.23823186091165,72.75648233361925,71.94072054813448,72.4013900756836,1195200,0.0,0.0,SandP500,GPN
2016-07-13 00:00:00-04:00,72.74688306800509,72.93882441394142,72.21903338354069,72.6317138671875,925900,0.0,0.0,SandP500,GPN
2016-07-14 00:00:00-04:00,73.15959804682247,73.74502162458676,72.93885880503217,73.39952850341797,862000,0.0,0.0,SandP500,GPN
2016-07-15 00:00:00-04:00,73.77379673021393,74.18647728146289,73.303527908076,73.62983703613281,816600,0.0,0.0,SandP500,GPN
2016-07-18 00:00:00-04:00,73.46665706869238,73.77376754425751,73.18833705613473,73.66819763183594,682600,0.0,0.0,SandP500,GPN
2016-07-19 00:00:00-04:00,73.2363548588965,74.07131530858035,73.13078489438149,73.67782592773438,602800,0.0,0.0,SandP500,GPN
2016-07-20 00:00:00-04:00,74.25366688383907,75.01184786790382,73.84098628041384,74.78150939941406,768400,0.0,0.0,SandP500,GPN
2016-07-21 00:00:00-04:00,74.65675326838321,74.81030493566347,73.75461251103896,74.10011291503906,661400,0.0,0.0,SandP500,GPN
2016-07-22 00:00:00-04:00,74.47439318463088,74.81029427339712,73.95614265249388,74.67593383789062,562900,0.0,0.0,SandP500,GPN
2016-07-25 00:00:00-04:00,74.53197004657842,75.17498164977589,74.33042210208397,75.1653823852539,1075200,0.0,0.0,SandP500,GPN
2016-07-26 00:00:00-04:00,74.9830500201544,76.05794090613861,74.72392839588689,76.03874969482422,1298900,0.0,0.0,SandP500,GPN
2016-07-27 00:00:00-04:00,76.2690769214128,76.71054797990682,74.86788426042882,75.27096557617188,2115800,0.0,0.0,SandP500,GPN
2016-07-28 00:00:00-04:00,74.81028048769504,75.51088033409944,71.40327389790173,75.04061889648438,2681300,0.0,0.0,SandP500,GPN
2016-07-29 00:00:00-04:00,74.91586429111408,74.96385329901557,71.62401897446328,71.65281677246094,2679400,0.0,0.0,SandP500,GPN
2016-08-01 00:00:00-04:00,71.67199694095977,72.07507818569526,70.36677520573618,70.7410659790039,1962800,0.0,0.0,SandP500,GPN
2016-08-02 00:00:00-04:00,70.36678731586976,70.4915484877326,68.32258294682325,68.6200942993164,2717600,0.0,0.0,SandP500,GPN
2016-08-03 00:00:00-04:00,68.4857396254484,70.3476020264923,67.92909929411225,70.21324157714844,1840700,0.0,0.0,SandP500,GPN
2016-08-04 00:00:00-04:00,70.2132393902685,71.21134346227983,70.2132393902685,70.59712219238281,1378100,0.0,0.0,SandP500,GPN
2016-08-05 00:00:00-04:00,70.88504762158826,72.09429905256485,70.74108789755127,71.53765869140625,1411200,0.0,0.0,SandP500,GPN
2016-08-08 00:00:00-04:00,71.59519651599007,72.15183654177237,70.7698357390277,70.96178436279297,980300,0.0,0.0,SandP500,GPN
2016-08-09 00:00:00-04:00,71.10575510638702,72.89083749853921,70.9234130191668,71.87353515625,2048500,0.0,0.0,SandP500,GPN
2016-08-10 00:00:00-04:00,71.76793102351728,72.20946815864347,71.33600175519848,71.71034240722656,924700,0.01,0.0,SandP500,GPN
2016-08-11 00:00:00-04:00,72.01753798718299,72.73742542379709,71.585608454444,71.84476470947266,993800,0.0,0.0,SandP500,GPN
2016-08-12 00:00:00-04:00,71.65279775151348,72.04633240939094,71.35523929762458,71.69119262695312,571600,0.0,0.0,SandP500,GPN
2016-08-15 00:00:00-04:00,71.68155891281486,72.00790421845299,71.42240277734166,71.93112182617188,850900,0.0,0.0,SandP500,GPN
2016-08-16 00:00:00-04:00,71.49923695970347,71.76799383503574,70.53938679175924,70.5777816772461,965800,0.0,0.0,SandP500,GPN
2016-08-17 00:00:00-04:00,70.75051068127507,71.42240977179428,70.6353260969678,71.24003601074219,1071800,0.0,0.0,SandP500,GPN
2016-08-18 00:00:00-04:00,71.27845575456439,71.64319608092366,71.15367058056954,71.1824722290039,927400,0.0,0.0,SandP500,GPN
2016-08-19 00:00:00-04:00,70.7985073709292,71.83513935618289,70.63532737610444,71.7487564086914,1048500,0.0,0.0,SandP500,GPN
2016-08-22 00:00:00-04:00,71.69117479784892,72.46865069369629,71.46080560250223,72.39186096191406,1096400,0.0,0.0,SandP500,GPN
2016-08-23 00:00:00-04:00,72.79500330485342,73.31332306129568,72.71822088851106,73.18854522705078,1096000,0.0,0.0,SandP500,GPN
2016-08-24 00:00:00-04:00,73.03497399185284,73.49570515727399,72.18070818288776,72.46866607666016,792700,0.0,0.0,SandP500,GPN
2016-08-25 00:00:00-04:00,72.34389153615007,73.58209881906909,72.23830745847741,73.53410339355469,973700,0.0,0.0,SandP500,GPN
2016-08-26 00:00:00-04:00,73.6204832577988,74.25398769703884,72.60304472297827,73.08296966552734,1029600,0.0,0.0,SandP500,GPN
2016-08-29 00:00:00-04:00,73.05416946117136,73.63007788126569,72.8142070092093,72.87179565429688,958300,0.0,0.0,SandP500,GPN
2016-08-30 00:00:00-04:00,73.00617520705498,73.39011660093826,72.65103545924816,73.3805160522461,913400,0.0,0.0,SandP500,GPN
2016-08-31 00:00:00-04:00,73.21733351655001,73.25572838309434,72.17110086473701,72.90058135986328,1051700,0.0,0.0,SandP500,GPN
2016-09-01 00:00:00-04:00,73.11173781295054,74.36914569190796,72.78539248393939,73.73564147949219,1562100,0.0,0.0,SandP500,GPN
2016-09-02 00:00:00-04:00,74.10040250231597,74.80109608670934,72.77581239904278,73.2557373046875,1549400,0.0,0.0,SandP500,GPN
2016-09-06 00:00:00-04:00,73.23654654592436,73.78366066796232,72.70862619875035,73.63008117675781,1419800,0.0,0.0,SandP500,GPN
2016-09-07 00:00:00-04:00,73.3037242275922,73.58208151936952,72.97737152158456,73.36131286621094,1705400,0.0,0.0,SandP500,GPN
2016-09-08 00:00:00-04:00,73.14053634605,73.48608278673954,72.78539668200389,73.20772552490234,1702000,0.0,0.0,SandP500,GPN
2016-09-09 00:00:00-04:00,72.72783338341549,72.96779589036272,70.6641616821289,70.6641616821289,1556800,0.0,0.0,SandP500,GPN
2016-09-12 00:00:00-04:00,70.01144566860886,71.84475495015288,69.90586160640198,71.5951919555664,1312000,0.0,0.0,SandP500,GPN
2016-09-13 00:00:00-04:00,70.6641269193296,70.90408930822875,69.56029846577928,70.24179077148438,1509700,0.0,0.0,SandP500,GPN
2016-09-14 00:00:00-04:00,70.28020283801706,71.30724182101561,70.08822848605726,70.56815338134766,1000700,0.0,0.0,SandP500,GPN
2016-09-15 00:00:00-04:00,71.94074888562331,73.31333457007715,71.75838237972545,72.99658966064453,1817600,0.0,0.0,SandP500,GPN
2016-09-16 00:00:00-04:00,72.6606171772542,72.67021772442587,71.13445971519118,71.31683349609375,2662900,0.0,0.0,SandP500,GPN
2016-09-19 00:00:00-04:00,71.98872348057805,72.5550312568842,71.11525678727264,71.45121002197266,894000,0.0,0.0,SandP500,GPN
2016-09-20 00:00:00-04:00,71.90232795674058,72.06550061056511,71.19203406996847,71.44159698486328,749900,0.0,0.0,SandP500,GPN
2016-09-21 00:00:00-04:00,72.12311901782942,73.34213245993588,71.97914007197238,73.26534271240234,1053500,0.0,0.0,SandP500,GPN
2016-09-22 00:00:00-04:00,73.81246063155513,73.81246063155513,72.6126482263708,72.99658966064453,838200,0.0,0.0,SandP500,GPN
2016-09-23 00:00:00-04:00,72.91978121407703,73.12134876770146,72.39186096191406,72.39186096191406,663200,0.0,0.0,SandP500,GPN
2016-09-26 00:00:00-04:00,71.92155587717646,72.98698989020134,71.700787170113,72.58385467529297,949500,0.0,0.0,SandP500,GPN
2016-09-27 00:00:00-04:00,72.67982884846288,73.15015320531384,72.29588745951247,73.02537536621094,675500,0.0,0.0,SandP500,GPN
2016-09-28 00:00:00-04:00,73.00614993170333,73.76443190825404,72.38225362109836,73.6972427368164,540900,0.0,0.0,SandP500,GPN
2016-09-29 00:00:00-04:00,73.62045907981415,73.95641228772556,72.89097867932398,73.03495025634766,804300,0.0,0.0,SandP500,GPN
2016-09-30 00:00:00-04:00,73.36129509834493,74.04278734154234,72.87176981943091,73.67804718017578,1329600,0.0,0.0,SandP500,GPN
2016-10-03 00:00:00-04:00,73.33252756477037,74.22518818849362,73.31332646748822,74.02362060546875,1008400,0.0,0.0,SandP500,GPN
2016-10-04 00:00:00-04:00,74.08120504853875,74.56112993034502,73.09256096370945,73.37091827392578,1813800,0.0,0.0,SandP500,GPN
2016-10-05 00:00:00-04:00,75.35779697785868,76.05848311126546,73.47649256994148,75.86651611328125,2975200,0.0,0.0,SandP500,GPN
2016-10-06 00:00:00-04:00,75.75134873121023,75.9145214488765,74.37876314686676,75.80894470214844,1406200,0.0,0.0,SandP500,GPN
2016-10-07 00:00:00-04:00,75.80894621328237,75.82813998859555,72.16151376561425,72.95819091796875,2157800,0.0,0.0,SandP500,GPN
2016-10-10 00:00:00-04:00,73.10216473084525,73.98522479471676,72.45905979537072,72.56464385986328,1242700,0.0,0.0,SandP500,GPN
2016-10-11 00:00:00-04:00,72.56463694244246,72.56463694244246,70.1842137517028,70.74092102050781,1598300,0.0,0.0,SandP500,GPN
2016-10-12 00:00:00-04:00,70.69295490556392,71.19207369005467,70.12663959002741,70.84652709960938,1082500,0.0,0.0,SandP500,GPN
2016-10-13 00:00:00-04:00,70.28019044724843,70.72172039430279,69.24355109864871,70.40496826171875,919400,0.0,0.0,SandP500,GPN
2016-10-14 00:00:00-04:00,70.86571942878825,71.41283357542393,70.07864280866195,70.10743713378906,927100,0.0,0.0,SandP500,GPN
2016-10-17 00:00:00-04:00,69.91544091412516,70.52015084513013,69.91544091412516,70.07862091064453,684300,0.0,0.0,SandP500,GPN
2016-10-18 00:00:00-04:00,70.98090569558443,71.69119997945378,70.4625931316763,71.23046875,766400,0.0,0.0,SandP500,GPN
2016-10-19 00:00:00-04:00,71.26886382346831,71.52802010612815,71.17288028630077,71.38404846191406,652100,0.0,0.0,SandP500,GPN
2016-10-20 00:00:00-04:00,71.27844271162054,71.4512159552438,70.5585554170357,70.63533782958984,888300,0.0,0.0,SandP500,GPN
2016-10-21 00:00:00-04:00,70.09782872504668,70.1842190138155,69.61790383187444,69.95384979248047,933800,0.0,0.0,SandP500,GPN
2016-10-24 00:00:00-04:00,70.50095504605395,71.27843825528637,70.46256750371299,71.08646392822266,886500,0.0,0.0,SandP500,GPN
2016-10-25 00:00:00-04:00,71.08646819566742,71.08646819566742,69.85786172099138,70.32818603515625,645600,0.0,0.0,SandP500,GPN
2016-10-26 00:00:00-04:00,69.96344156354289,71.75836307513144,69.96344156354289,70.70252990722656,850800,0.0,0.0,SandP500,GPN
2016-10-27 00:00:00-04:00,70.94251964660754,71.34565490402355,69.48354349156686,69.56033325195312,703700,0.0,0.0,SandP500,GPN
2016-10-28 00:00:00-04:00,69.66589047956997,70.7601185123949,69.46432292858346,69.67548370361328,953000,0.0,0.0,SandP500,GPN
2016-10-31 00:00:00-04:00,69.9730391704683,70.21300157686697,69.37792976629385,69.60829162597656,847400,0.0,0.0,SandP500,GPN
2016-11-01 00:00:00-04:00,69.95384445850566,70.24180230168132,68.19732504896494,68.86921691894531,1137600,0.0,0.0,SandP500,GPN
2016-11-02 00:00:00-04:00,68.67723365766092,68.90759548385842,67.71738417158919,67.7941665649414,925000,0.0,0.0,SandP500,GPN
2016-11-03 00:00:00-04:00,68.0629661956689,68.0629661956689,67.38146625956803,67.65023040771484,741200,0.0,0.0,SandP500,GPN
2016-11-04 00:00:00-04:00,68.38929331720612,69.00359655905173,67.76538952759259,67.96695709228516,1129200,0.0,0.0,SandP500,GPN
2016-11-07 00:00:00-05:00,69.19555754977323,69.22435919056866,68.45647654359999,68.9364013671875,1044900,0.0,0.0,SandP500,GPN
2016-11-08 00:00:00-05:00,68.63879348206189,69.99237320475386,68.23560232708172,69.72357177734375,969000,0.01,0.0,SandP500,GPN
2016-11-09 00:00:00-05:00,67.61160532230755,70.03075934341048,67.61160532230755,69.8963623046875,1104800,0.0,0.0,SandP500,GPN
2016-11-10 00:00:00-05:00,70.28995271395887,70.63554716160623,67.33320347257089,68.09159088134766,1750900,0.0,0.0,SandP500,GPN
2016-11-11 00:00:00-05:00,67.95722511206222,68.16842262988808,66.63245066946178,66.70924377441406,1643400,0.0,0.0,SandP500,GPN
2016-11-14 00:00:00-05:00,66.9492511567914,67.18924704583478,63.58930871018427,63.906105041503906,3170000,0.0,0.0,SandP500,GPN
2016-11-15 00:00:00-05:00,62.686919409913116,66.24845697117252,62.04372496088049,65.32687377929688,3117100,0.0,0.0,SandP500,GPN
2016-11-16 00:00:00-05:00,65.26927832742055,67.24684938485966,65.23087810722733,67.14125061035156,1912100,0.0,0.0,SandP500,GPN
2016-11-17 00:00:00-05:00,67.51561969223916,67.66921319452558,66.41163755594904,66.96842956542969,1119500,0.0,0.0,SandP500,GPN
2016-11-18 00:00:00-05:00,67.13163108334886,68.00521205988152,66.86283693672343,67.88041687011719,1236000,0.0,0.0,SandP500,GPN
2016-11-21 00:00:00-05:00,68.10122139784457,69.17639806566453,67.95722243009247,69.10919952392578,1126800,0.0,0.0,SandP500,GPN
2016-11-22 00:00:00-05:00,69.09000193777267,69.34919421616996,67.92842297885956,68.85000610351562,876500,0.0,0.0,SandP500,GPN
2016-11-23 00:00:00-05:00,68.60041328644742,69.25320229523017,68.24521678969623,69.2052001953125,865400,0.0,0.0,SandP500,GPN
2016-11-25 00:00:00-05:00,69.05160665894182,69.28200062554392,68.96520434390844,69.2052001953125,227900,0.0,0.0,SandP500,GPN
2016-11-28 00:00:00-05:00,69.25318878355566,69.44518249758303,68.58120346036912,68.67720031738281,1110700,0.0,0.0,SandP500,GPN
2016-11-29 00:00:00-05:00,68.7348213460238,68.90761867957345,67.63083878857289,67.7652359008789,1119200,0.0,0.0,SandP500,GPN
2016-11-30 00:00:00-05:00,68.12042585076657,68.26442483544767,65.80686950683594,65.80686950683594,1452200,0.0,0.0,SandP500,GPN
2016-12-01 00:00:00-05:00,66.14284265854154,66.18124286468564,63.272494997106406,63.762081146240234,2428700,0.0,0.0,SandP500,GPN
2016-12-02 00:00:00-05:00,63.73329464074564,65.51886427504792,63.43570214305919,65.4036636352539,1684600,0.0,0.0,SandP500,GPN
2016-12-05 00:00:00-05:00,65.78764442095869,67.24682291762032,65.78764442095869,66.93962860107422,1686500,0.0,0.0,SandP500,GPN
2016-12-06 00:00:00-05:00,67.32362867453612,67.49642596787078,66.45004764785486,67.10283660888672,1416600,0.0,0.0,SandP500,GPN
2016-12-07 00:00:00-05:00,67.3908628758087,68.13965642588721,66.50767949767977,68.0340576171875,1064400,0.0,0.0,SandP500,GPN
2016-12-08 00:00:00-05:00,67.94760205243114,68.98438554915346,67.33321345972675,68.90758514404297,961500,0.0,0.0,SandP500,GPN
2016-12-09 00:00:00-05:00,68.80200541970353,69.3491956400811,68.60040979367936,69.30120086669922,1174200,0.0,0.0,SandP500,GPN
2016-12-12 00:00:00-05:00,68.84041459969863,69.7140030836848,68.17802365355936,68.38922119140625,1096000,0.0,0.0,SandP500,GPN
2016-12-13 00:00:00-05:00,68.6483789233045,69.58915805961551,68.6483789233045,68.97476959228516,1045700,0.0,0.0,SandP500,GPN
2016-12-14 00:00:00-05:00,68.97479571723831,69.28199006725669,68.33160869127654,68.60040283203125,1102100,0.0,0.0,SandP500,GPN
2016-12-15 00:00:00-05:00,68.37000566005152,69.20518636865611,67.77481343081104,67.8036117553711,1085300,0.0,0.0,SandP500,GPN
2016-12-16 00:00:00-05:00,68.08202848822415,68.08202848822415,67.1700470871548,67.47724151611328,1741900,0.0,0.0,SandP500,GPN
2016-12-19 00:00:00-05:00,67.65005448276234,68.5428396427496,67.65005448276234,67.94764709472656,958100,0.0,0.0,SandP500,GPN
2016-12-20 00:00:00-05:00,68.51402456792512,68.76361500288886,68.08202760139343,68.56201934814453,1097000,0.0,0.0,SandP500,GPN
2016-12-21 00:00:00-05:00,68.67724503447081,68.8404405300629,67.65966450419599,68.0340576171875,931500,0.0,0.0,SandP500,GPN
2016-12-22 00:00:00-05:00,67.93803164012657,67.93803164012657,66.97804810384385,67.22764587402344,705200,0.0,0.0,SandP500,GPN
2016-12-23 00:00:00-05:00,67.39081985331924,67.60201733588958,67.11243116166649,67.48682403564453,600900,0.0,0.0,SandP500,GPN
2016-12-27 00:00:00-05:00,67.66920359049782,68.0051961953981,67.41001138788602,67.89960479736328,496700,0.0,0.0,SandP500,GPN
2016-12-28 00:00:00-05:00,67.89000420083465,68.01479936384801,66.55562831320013,66.88201904296875,894400,0.0,0.0,SandP500,GPN
2016-12-29 00:00:00-05:00,67.00684267858577,67.15083432593603,66.4020484633469,67.02603912353516,1022300,0.0,0.0,SandP500,GPN
2016-12-30 00:00:00-05:00,67.10285911863667,67.13165745650429,66.21967591159074,66.6324691772461,941100,0.0,0.0,SandP500,GPN
2017-01-03 00:00:00-05:00,67.17962969177243,68.11080727310429,66.27724311140973,67.67881774902344,1640300,0.0,0.0,SandP500,GPN
2017-01-04 00:00:00-05:00,67.8612430191404,70.20359802246094,67.6212471191707,70.20359802246094,1769700,0.0,0.0,SandP500,GPN
2017-01-05 00:00:00-05:00,69.85798869618498,70.98117483889979,69.85798869618498,70.48197937011719,1741400,0.0,0.0,SandP500,GPN
2017-01-06 00:00:00-05:00,70.60680753514849,71.62438796345505,70.29001114079446,71.47078704833984,1581600,0.0,0.0,SandP500,GPN
2017-01-09 00:00:00-05:00,75.26270757153733,77.64346254076808,74.93630937428095,76.59708404541016,3860200,0.0,0.0,SandP500,GPN
2017-01-10 00:00:00-05:00,77.04830064182623,77.23069258060814,74.74433809279851,74.76353454589844,2196700,0.0,0.0,SandP500,GPN
2017-01-11 00:00:00-05:00,74.23550852051864,75.27229221679471,74.1203078906798,75.09949493408203,1330000,0.0,0.0,SandP500,GPN
2017-01-12 00:00:00-05:00,74.69632377142284,74.84032278048105,73.64994513218137,74.4947280883789,1660300,0.0,0.0,SandP500,GPN
2017-01-13 00:00:00-05:00,74.36991232876005,74.95550276631657,74.14911293259455,74.62910461425781,1104700,0.0,0.0,SandP500,GPN
2017-01-17 00:00:00-05:00,74.25470816604083,75.0034939820604,74.09151275979892,74.91709899902344,1204600,0.0,0.0,SandP500,GPN
2017-01-18 00:00:00-05:00,75.14748647404842,76.1842701257696,75.01308940705762,75.47388458251953,1759800,0.0,0.0,SandP500,GPN
2017-01-19 00:00:00-05:00,75.99228167258504,76.43387311244382,75.59868500335294,76.21307373046875,2011900,0.0,0.0,SandP500,GPN
2017-01-20 00:00:00-05:00,76.28988980469401,76.64507901175239,75.60830239958722,75.91549682617188,1443000,0.0,0.0,SandP500,GPN
2017-01-23 00:00:00-05:00,75.71386975673597,75.90586344715854,74.69628269004492,75.2530746459961,1192600,0.0,0.0,SandP500,GPN
2017-01-24 00:00:00-05:00,75.2530962715691,75.93468358975453,75.10909730032613,75.86748504638672,953900,0.0,0.0,SandP500,GPN
2017-01-25 00:00:00-05:00,76.10747475383812,76.3570724622613,74.84989897617176,75.14749145507812,1260300,0.0,0.0,SandP500,GPN
2017-01-26 00:00:00-05:00,74.59069413672252,74.9074903608093,73.64031278855295,73.72671508789062,1292700,0.0,0.0,SandP500,GPN
2017-01-27 00:00:00-05:00,74.4754996644273,74.85949441569373,73.78431057696588,74.34110260009766,1222900,0.0,0.0,SandP500,GPN
2017-01-30 00:00:00-05:00,74.01472456136987,74.77311238657343,72.84354354837431,74.6963119506836,1287600,0.0,0.0,SandP500,GPN
2017-01-31 00:00:00-05:00,74.60028539420128,74.60028539420128,73.58270565774686,74.18749237060547,790500,0.0,0.0,SandP500,GPN
2017-02-01 00:00:00-05:00,74.48509746573187,74.73469516353416,73.38112257840731,73.96671295166016,1188600,0.0,0.0,SandP500,GPN
2017-02-02 00:00:00-05:00,73.56352292020709,74.01471627543296,72.98753436370055,73.6499252319336,1062600,0.0,0.0,SandP500,GPN
2017-02-03 00:00:00-05:00,74.19709068802871,76.11705678478477,74.05309176595412,75.45466613769531,2023500,0.0,0.0,SandP500,GPN
2017-02-06 00:00:00-05:00,74.92669559785463,75.35868513075121,74.51390250735949,75.0514907836914,931400,0.0,0.0,SandP500,GPN
2017-02-07 00:00:00-05:00,75.00347673672073,76.20345560804725,74.73468264139795,75.55066680908203,1376200,0.0,0.0,SandP500,GPN
2017-02-08 00:00:00-05:00,75.40668027451387,76.59720893970852,74.94582645168397,75.91553497314453,1002500,0.01,0.0,SandP500,GPN
2017-02-09 00:00:00-05:00,75.81951009209673,76.16514855591578,74.99381902019809,75.48347473144531,1103500,0.0,0.0,SandP500,GPN
2017-02-10 00:00:00-05:00,75.3394775390625,75.83872916135448,75.12825316327701,75.3394775390625,947600,0.0,0.0,SandP500,GPN
2017-02-13 00:00:00-05:00,75.68510637688095,75.76191656276293,75.09944152832031,75.09944152832031,767700,0.0,0.0,SandP500,GPN
2017-02-14 00:00:00-05:00,75.03223271473898,76.13635530497947,74.8594134630055,76.04994201660156,858100,0.0,0.0,SandP500,GPN
2017-02-15 00:00:00-05:00,75.65632343801765,75.87714362175075,75.22427152741163,75.8099365234375,647100,0.0,0.0,SandP500,GPN
2017-02-16 00:00:00-05:00,75.75231341619052,75.87712447441251,74.41776756857827,74.57138061523438,822000,0.0,0.0,SandP500,GPN
2017-02-17 00:00:00-05:00,74.50415935931103,74.85940090746548,73.81288246831916,74.84019470214844,1752200,0.0,0.0,SandP500,GPN
2017-02-21 00:00:00-05:00,74.95544919542317,75.92515797095056,74.91704408970651,75.70433044433594,903300,0.0,0.0,SandP500,GPN
2017-02-22 00:00:00-05:00,75.6370823866411,76.13634116560759,75.16663291513191,75.56027221679688,920900,0.0,0.0,SandP500,GPN
2017-02-23 00:00:00-05:00,75.93473387956277,75.93473387956277,74.50417885989776,75.08984375,1291500,0.0,0.0,SandP500,GPN
2017-02-24 00:00:00-05:00,74.86900175026652,75.81950378417969,74.29293280848071,75.81950378417969,1145800,0.0,0.0,SandP500,GPN
2017-02-27 00:00:00-05:00,76.04995014200404,76.80843430981623,75.97313994968867,76.7124252319336,1463900,0.0,0.0,SandP500,GPN
2017-02-28 00:00:00-05:00,76.42441278822383,77.21169917471587,75.99236815021943,76.51082611083984,1982900,0.0,0.0,SandP500,GPN
2017-03-01 00:00:00-05:00,77.21169149326865,77.76855450576022,76.1555767859731,76.28038787841797,2212700,0.0,0.0,SandP500,GPN
2017-03-02 00:00:00-05:00,76.05953475055222,76.10753561530876,74.95541231085303,75.14743041992188,1257700,0.0,0.0,SandP500,GPN
2017-03-03 00:00:00-05:00,75.20505724881282,77.73013179731237,75.1378501642527,77.39409637451172,2220600,0.0,0.0,SandP500,GPN
2017-03-06 00:00:00-05:00,77.15408046493603,77.29809775848535,76.02115565405128,77.01006317138672,1363800,0.0,0.0,SandP500,GPN
2017-03-07 00:00:00-05:00,76.88522002622202,78.30617150659002,76.72200391327799,77.66290283203125,1773800,0.0,0.0,SandP500,GPN
2017-03-08 00:00:00-05:00,77.67254394111656,78.01818254060923,77.02927495179243,77.06767272949219,1165000,0.0,0.0,SandP500,GPN
2017-03-09 00:00:00-05:00,77.08687574601278,77.43251433116932,76.03076110248962,76.49160766601562,937100,0.0,0.0,SandP500,GPN
2017-03-10 00:00:00-05:00,76.56840720143896,77.07726190174577,75.64670687776609,75.98274230957031,1306900,0.0,0.0,SandP500,GPN
2017-03-13 00:00:00-04:00,75.89634691104253,76.59721986287035,75.73312339997901,76.49160766601562,734300,0.0,0.0,SandP500,GPN
2017-03-14 00:00:00-04:00,76.45319166226024,76.80843330329627,75.65630973375603,75.91553497314453,597400,0.0,0.0,SandP500,GPN
2017-03-15 00:00:00-04:00,76.16515780397322,76.16515780397322,75.03223321834353,75.58909606933594,1400700,0.0,0.0,SandP500,GPN
2017-03-16 00:00:00-04:00,75.6946946385184,76.52998884572462,75.40666745760099,76.5203857421875,1018900,0.0,0.0,SandP500,GPN
2017-03-17 00:00:00-04:00,76.7412254214413,77.06765774358455,76.44359508948446,76.83723449707031,1107400,0.0,0.0,SandP500,GPN
2017-03-20 00:00:00-04:00,76.8372121929894,76.8372121929894,76.08833136543389,76.21314239501953,867500,0.0,0.0,SandP500,GPN
2017-03-21 00:00:00-04:00,76.59721804092737,76.64522624745543,75.0514475510295,75.12825775146484,997100,0.0,0.0,SandP500,GPN
2017-03-22 00:00:00-04:00,75.16665392044108,76.16516443238669,75.08984372913226,75.91553497314453,597700,0.0,0.0,SandP500,GPN
2017-03-23 00:00:00-04:00,75.67551041830527,76.65481474319576,75.45468294429786,75.79072570800781,1014500,0.0,0.0,SandP500,GPN
2017-03-24 00:00:00-04:00,76.09795812624034,76.29957938672533,75.1474484803529,75.29146575927734,1567900,0.0,0.0,SandP500,GPN
2017-03-27 00:00:00-04:00,74.60979410397707,75.26266610703368,74.22575045658671,75.0034408569336,1366000,0.0,0.0,SandP500,GPN
2017-03-28 00:00:00-04:00,74.99383239345624,75.95393778082604,74.58098678388633,75.6082992553711,1079800,0.0,0.0,SandP500,GPN
2017-03-29 00:00:00-04:00,75.60828656462009,76.03073520816264,75.33945827328266,75.68509674072266,858700,0.0,0.0,SandP500,GPN
2017-03-30 00:00:00-04:00,76.86603999487949,78.37340525861167,76.14596090726813,77.48050689697266,2143200,0.0,0.0,SandP500,GPN
2017-03-31 00:00:00-04:00,76.90444082275845,77.86454621960942,76.89483771778355,77.4613037109375,1357900,0.0,0.0,SandP500,GPN
2017-04-03 00:00:00-04:00,77.63411340755817,77.70132048405407,75.93472296255608,76.16515350341797,1404400,0.0,0.0,SandP500,GPN
2017-04-04 00:00:00-04:00,75.80031252379497,76.15555413126415,74.89781849877372,75.22425079345703,1299900,0.0,0.0,SandP500,GPN
2017-04-05 00:00:00-04:00,75.28184334425573,75.75229278560863,74.46574816076007,74.6481704711914,864400,0.0,0.0,SandP500,GPN
2017-04-06 00:00:00-04:00,74.57138213743522,75.2722622787363,74.39856287828033,74.97462463378906,687200,0.0,0.0,SandP500,GPN
2017-04-07 00:00:00-04:00,74.87860311397561,75.33945683678233,74.62898103393417,74.82099914550781,626900,0.0,0.0,SandP500,GPN
2017-04-10 00:00:00-04:00,74.69619185547494,75.21464224775592,74.36975225938573,74.40815734863281,756600,0.0,0.0,SandP500,GPN
2017-04-11 00:00:00-04:00,74.40816905928557,74.59059143066406,73.54407272778604,74.59059143066406,926200,0.0,0.0,SandP500,GPN
2017-04-12 00:00:00-04:00,74.65779673180958,74.85941798350346,73.41925990709908,74.41777038574219,703300,0.0,0.0,SandP500,GPN
2017-04-13 00:00:00-04:00,74.11053593523523,75.25305634576745,73.95691555985661,74.44657135009766,1065000,0.0,0.0,SandP500,GPN
2017-04-17 00:00:00-04:00,74.54256712754318,75.46426724036188,74.54256712754318,75.445068359375,700000,0.0,0.0,SandP500,GPN
2017-04-18 00:00:00-04:00,75.0898585875498,75.91554999494589,75.05145348429598,75.84834289550781,692800,0.0,0.0,SandP500,GPN
2017-04-19 00:00:00-04:00,75.8195144349744,76.35717104281319,75.62748898573061,75.80030822753906,832700,0.0,0.0,SandP500,GPN
2017-04-20 00:00:00-04:00,76.09796325328767,77.84535495357656,75.66591138740516,77.75894165039062,1658100,0.0,0.0,SandP500,GPN
2017-04-21 00:00:00-04:00,77.75890525666351,78.45018205851636,77.06762845481065,77.63409423828125,1603100,0.0,0.0,SandP500,GPN
2017-04-24 00:00:00-04:00,78.31580175800231,78.62303521094131,77.74934305493673,78.14298248291016,1172500,0.0,0.0,SandP500,GPN
2017-04-25 00:00:00-04:00,78.29660412236512,79.08389031590903,77.94136246094011,78.7094497680664,1282800,0.0,0.0,SandP500,GPN
2017-04-26 00:00:00-04:00,78.70942443100239,78.73822641386899,77.82612211464075,78.17176055908203,923500,0.0,0.0,SandP500,GPN
2017-04-27 00:00:00-04:00,78.16217250155883,78.84384635514114,77.98935326226882,78.6998291015625,1071200,0.0,0.0,SandP500,GPN
2017-04-28 00:00:00-04:00,78.45021414935503,78.95906885747652,77.56691890789799,78.49822235107422,1777600,0.0,0.0,SandP500,GPN
2017-05-01 00:00:00-04:00,78.63263984630741,78.75745092101532,78.18138910117531,78.24859619140625,1107800,0.0,0.0,SandP500,GPN
2017-05-02 00:00:00-04:00,78.29658458880256,78.71902590980956,77.7685237812668,78.45980072021484,899000,0.0,0.0,SandP500,GPN
2017-05-03 00:00:00-04:00,78.08534459393267,78.31576775232853,76.81800623522531,77.86451721191406,1891600,0.0,0.0,SandP500,GPN
2017-05-04 00:00:00-04:00,81.40735769765702,82.78030904916344,80.92730487999778,82.70349884033203,3042100,0.0,0.0,SandP500,GPN
2017-05-05 00:00:00-04:00,83.16432181924885,83.16432181924885,82.32902759036206,82.63626098632812,1728500,0.0,0.0,SandP500,GPN
2017-05-08 00:00:00-04:00,82.89548371039612,83.46194961650703,82.68426670856368,83.08750915527344,1155100,0.0,0.0,SandP500,GPN
2017-05-09 00:00:00-04:00,83.17393184548709,84.05723441959114,82.99151679243069,83.78839874267578,1591000,0.0,0.0,SandP500,GPN
2017-05-10 00:00:00-04:00,83.77879638942034,84.65248846452451,83.65397800367501,84.28765106201172,1188900,0.0,0.0,SandP500,GPN
2017-05-11 00:00:00-04:00,83.78838739403663,84.77730201887331,83.51955907855569,84.72929382324219,853100,0.0,0.0,SandP500,GPN
2017-05-12 00:00:00-04:00,84.55648345601442,84.7293027234087,84.00922366343639,84.2396469116211,935200,0.0,0.0,SandP500,GPN
2017-05-15 00:00:00-04:00,84.22042880706178,86.2462513528215,84.1820237202913,85.87181091308594,1230000,0.0,0.0,SandP500,GPN
2017-05-16 00:00:00-04:00,86.19824824567462,86.39027369084957,85.5357732786091,85.79500579833984,985200,0.0,0.0,SandP500,GPN
2017-05-17 00:00:00-04:00,85.79500070853966,85.79500070853966,84.55646412946912,84.58526611328125,1329600,0.0,0.0,SandP500,GPN
2017-05-18 00:00:00-04:00,84.5757045149467,85.81424170181592,84.18206500130448,85.22857666015625,1014500,0.0,0.0,SandP500,GPN
2017-05-19 00:00:00-04:00,85.72781218418251,86.70711647076234,85.46857962374882,86.44789123535156,1006500,0.0,0.0,SandP500,GPN
2017-05-22 00:00:00-04:00,86.70709493056204,88.11845069224115,86.61108587926178,88.07044982910156,926900,0.0,0.0,SandP500,GPN
2017-05-23 00:00:00-04:00,88.28168102317684,88.5025084692343,87.33117880976052,87.57120513916016,1477800,0.0,0.0,SandP500,GPN
2017-05-24 00:00:00-04:00,87.59040995195248,88.94415461918572,87.32157431428953,88.81934356689453,1037300,0.0,0.0,SandP500,GPN
2017-05-25 00:00:00-04:00,89.28980795682145,89.33781615992585,88.63693594972763,88.68494415283203,1061600,0.0,0.0,SandP500,GPN
2017-05-26 00:00:00-04:00,88.51210855116126,88.98255808971477,88.09926298568966,88.1856689453125,1068000,0.0,0.0,SandP500,GPN
2017-05-30 00:00:00-04:00,88.15686548083809,88.57931414308175,87.9264422673515,88.31048583984375,845100,0.0,0.0,SandP500,GPN
2017-05-31 00:00:00-04:00,88.53131535852404,88.69453151354733,87.69602104895706,87.95525360107422,1419500,0.0,0.0,SandP500,GPN
2017-06-01 00:00:00-04:00,88.29130706956562,89.58744812011719,88.29130706956562,89.58744812011719,1252400,0.0,0.0,SandP500,GPN
2017-06-02 00:00:00-04:00,89.55860984382171,89.58741182716219,88.46409052675693,88.70411682128906,1226400,0.0,0.0,SandP500,GPN
2017-06-05 00:00:00-04:00,88.95377331965956,89.22260167943459,87.9936678490211,88.06087493896484,1529400,0.0,0.0,SandP500,GPN
2017-06-06 00:00:00-04:00,87.98405027685017,89.78904562786227,87.52320382872983,88.56011199951172,1171000,0.0,0.0,SandP500,GPN
2017-06-07 00:00:00-04:00,88.61099751185384,89.22555088283252,88.3037208263645,88.58219146728516,859800,0.013,0.0,SandP500,GPN
2017-06-08 00:00:00-04:00,88.58222029449061,88.58222029449061,86.79617168946027,87.458740234375,1056400,0.0,0.0,SandP500,GPN
2017-06-09 00:00:00-04:00,87.51633354543833,87.53554246131225,84.87567171899892,85.55744171142578,1719600,0.0,0.0,SandP500,GPN
2017-06-12 00:00:00-04:00,85.1349297833093,85.9415283203125,83.8290020629722,85.9415283203125,1392400,0.0,0.0,SandP500,GPN
2017-06-13 00:00:00-04:00,86.42164687701501,87.80439557138446,86.42164687701501,87.1898422241211,926400,0.0,0.0,SandP500,GPN
2017-06-14 00:00:00-04:00,87.39150299370276,87.55474214480255,86.25841874162265,86.80575561523438,698600,0.0,0.0,SandP500,GPN
2017-06-15 00:00:00-04:00,85.82631581393223,87.09383331408459,85.10613524961713,86.7481460571289,839800,0.0,0.0,SandP500,GPN
2017-06-16 00:00:00-04:00,86.71934069112001,86.71934069112001,85.63427126970181,85.98956298828125,1159200,0.0,0.0,SandP500,GPN
2017-06-19 00:00:00-04:00,86.33523686291925,87.12263387100107,85.82630318513628,86.18159484863281,679500,0.0,0.0,SandP500,GPN
2017-06-20 00:00:00-04:00,85.91271902772569,86.96898211645608,85.50941977447377,85.56703186035156,616000,0.0,0.0,SandP500,GPN
2017-06-21 00:00:00-04:00,85.73028374540125,86.48887473524557,85.41340257381033,86.04716491699219,862800,0.0,0.0,SandP500,GPN
2017-06-22 00:00:00-04:00,86.14319416075524,87.23786799608946,85.5574467351398,86.88258361816406,914600,0.0,0.0,SandP500,GPN
2017-06-23 00:00:00-04:00,87.24748635286666,87.78521889769212,86.52730569773694,87.63158416748047,1176000,0.0,0.0,SandP500,GPN
2017-06-26 00:00:00-04:00,87.68917749746485,88.23651438511241,86.52728716846055,86.6617202758789,515000,0.0,0.0,SandP500,GPN
2017-06-27 00:00:00-04:00,86.49846263107386,87.01699336001514,85.85510327937118,86.2872085571289,793100,0.0,0.0,SandP500,GPN
2017-06-28 00:00:00-04:00,86.91138837327203,88.31333892525893,86.0279613557273,88.22691345214844,1066200,0.0,0.0,SandP500,GPN
2017-06-29 00:00:00-04:00,87.98684073430475,88.17889324381191,86.09517296652464,86.81535339355469,971100,0.0,0.0,SandP500,GPN
2017-06-30 00:00:00-04:00,87.40111614353211,87.61237029593332,86.72895050048828,86.72895050048828,665200,0.0,0.0,SandP500,GPN
2017-07-03 00:00:00-04:00,87.2474580381259,87.26665962589962,86.21039647304698,86.46966552734375,476500,0.0,0.0,SandP500,GPN
2017-07-05 00:00:00-04:00,86.51768876523349,87.0650256911852,85.87432923098514,86.30643463134766,946800,0.0,0.0,SandP500,GPN
2017-07-06 00:00:00-04:00,85.70148085842723,85.70148085842723,84.54919497058467,84.89488220214844,963400,0.0,0.0,SandP500,GPN
2017-07-07 00:00:00-04:00,85.2405814621734,86.01838157282475,84.89490147817538,85.45183563232422,864700,0.0,0.0,SandP500,GPN
2017-07-10 00:00:00-04:00,85.22137356983279,85.80712106158036,84.49158848853062,85.12535095214844,1331000,0.0,0.0,SandP500,GPN
2017-07-11 00:00:00-04:00,84.96212042672641,85.21177779293345,84.36676841472995,84.79887390136719,1173100,0.0,0.0,SandP500,GPN
2017-07-12 00:00:00-04:00,85.27897386859986,86.65211835694103,85.27897386859986,86.60411071777344,748200,0.0,0.0,SandP500,GPN
2017-07-13 00:00:00-04:00,86.92098870214916,87.2762804139047,86.40246514863794,87.07463073730469,727200,0.0,0.0,SandP500,GPN
2017-07-14 00:00:00-04:00,87.27627562573602,88.25572523097904,86.7193342679355,88.20771026611328,840500,0.0,0.0,SandP500,GPN
2017-07-17 00:00:00-04:00,88.46698324669563,88.50539375824788,85.8551343956474,87.7372055053711,1427900,0.0,0.0,SandP500,GPN
2017-07-18 00:00:00-04:00,87.32427010505775,88.09245808031399,86.8441498732526,88.06365203857422,870400,0.0,0.0,SandP500,GPN
2017-07-19 00:00:00-04:00,88.41896942557095,89.2831875599891,88.07328217180368,89.11034393310547,933700,0.0,0.0,SandP500,GPN
2017-07-20 00:00:00-04:00,89.09110598410736,90.13777186307014,88.8414414208419,89.88810729980469,1166000,0.0,0.0,SandP500,GPN
2017-07-21 00:00:00-04:00,89.90733876509441,90.56990722678461,89.6768830364413,90.05137634277344,894000,0.0,0.0,SandP500,GPN
2017-07-24 00:00:00-04:00,90.11857457272885,91.22285267559155,89.82090234517737,91.03080749511719,766900,0.0,0.0,SandP500,GPN
2017-07-25 00:00:00-04:00,91.27087815710154,91.78940166937794,90.80995941434432,91.23246765136719,837000,0.0,0.0,SandP500,GPN
2017-07-26 00:00:00-04:00,91.27087277023331,91.6453660214717,90.82915564338627,91.51093292236328,662800,0.0,0.0,SandP500,GPN
2017-07-27 00:00:00-04:00,91.6933604530622,91.87580848674715,90.0513501280578,90.85795593261719,861900,0.0,0.0,SandP500,GPN
2017-07-28 00:00:00-04:00,90.4162525195469,91.31887364300079,90.21459555976222,90.76193237304688,600100,0.0,0.0,SandP500,GPN
2017-07-31 00:00:00-04:00,91.15564470926255,91.568548479593,90.41626263618718,90.61791229248047,793600,0.0,0.0,SandP500,GPN
2017-08-01 00:00:00-04:00,91.22286067220948,91.73178703852778,90.65632221190937,91.71258544921875,1007500,0.0,0.0,SandP500,GPN
2017-08-02 00:00:00-04:00,91.6165542602539,91.91422648598855,90.58908984021964,91.6165542602539,1298900,0.0,0.0,SandP500,GPN
2017-08-03 00:00:00-04:00,90.69473231836632,91.62616698117915,89.1295425951795,91.36690521240234,2136300,0.0,0.0,SandP500,GPN
2017-08-04 00:00:00-04:00,91.92385491684351,94.09399384794388,91.51095108020833,93.83473205566406,2128700,0.0,0.0,SandP500,GPN
2017-08-07 00:00:00-04:00,93.69070323709806,94.04599500337207,92.8264849718752,92.91291046142578,2060200,0.0,0.0,SandP500,GPN
2017-08-08 00:00:00-04:00,92.48076826781632,93.64265849491663,92.32713358397916,93.09532165527344,1130300,0.0,0.0,SandP500,GPN
2017-08-09 00:00:00-04:00,93.14334005560194,93.30657920260093,92.14468893258028,92.20230102539062,1481800,0.0,0.0,SandP500,GPN
2017-08-10 00:00:00-04:00,92.01986826421702,92.38475709372923,89.78250566949404,89.91693878173828,1305600,0.0,0.0,SandP500,GPN
2017-08-11 00:00:00-04:00,89.86894869638496,90.61794280546111,89.50405976585338,89.60008239746094,930300,0.0,0.0,SandP500,GPN
2017-08-14 00:00:00-04:00,90.45465250609125,91.16523575349339,90.3394283343369,90.72352600097656,921500,0.0,0.0,SandP500,GPN
2017-08-15 00:00:00-04:00,90.80997598157907,91.22287983598419,90.56991577148438,90.56991577148438,787300,0.0,0.0,SandP500,GPN
2017-08-16 00:00:00-04:00,90.6755364616554,91.11724633798315,90.46428231948654,90.83877563476562,789200,0.0,0.0,SandP500,GPN
2017-08-17 00:00:00-04:00,90.6659279226251,91.27088427089548,89.907336867181,89.94574737548828,606800,0.0,0.0,SandP500,GPN
2017-08-18 00:00:00-04:00,90.01297186725841,90.5218983265897,89.73450115202779,90.03218078613281,773100,0.0,0.0,SandP500,GPN
2017-08-21 00:00:00-04:00,89.96495026365557,90.84836991735428,89.84011428850897,90.8099594116211,857100,0.0,0.0,SandP500,GPN
2017-08-22 00:00:00-04:00,90.9732023605244,92.13509273470474,90.85797816457422,92.03907012939453,583900,0.0,0.0,SandP500,GPN
2017-08-23 00:00:00-04:00,91.69338002422577,92.02946279533725,90.5410941443993,90.81956481933594,659600,0.0,0.0,SandP500,GPN
2017-08-24 00:00:00-04:00,90.97321772714419,91.19407635011336,90.31065651034955,90.5123062133789,464300,0.0,0.0,SandP500,GPN
2017-08-25 00:00:00-04:00,90.61792318886062,90.9540059897618,89.35040567827929,89.63847351074219,669200,0.0,0.0,SandP500,GPN
2017-08-28 00:00:00-04:00,89.92653276316126,90.27221996181649,89.590450021706,90.13778686523438,562900,0.0,0.0,SandP500,GPN
2017-08-29 00:00:00-04:00,89.51364669242196,90.46428301341825,89.20636993583449,90.2530288696289,493000,0.0,0.0,SandP500,GPN
2017-08-30 00:00:00-04:00,90.20499842914687,90.83875337429305,89.84010233625449,90.76193237304688,565800,0.0,0.0,SandP500,GPN
2017-08-31 00:00:00-04:00,91.2228587818935,91.88542715317314,90.76194006142627,91.69337463378906,691700,0.0,0.0,SandP500,GPN
2017-09-01 00:00:00-04:00,91.98145995535485,92.29834115295624,91.43412303497762,91.7221908569336,390000,0.0,0.0,SandP500,GPN
2017-09-05 00:00:00-04:00,91.35730523295177,91.94305268207609,90.63712466364048,91.0788345336914,655100,0.0,0.0,SandP500,GPN
2017-09-06 00:00:00-04:00,91.36691799985753,91.61658267121643,90.8964020364189,91.00202178955078,631500,0.0,0.0,SandP500,GPN
2017-09-07 00:00:00-04:00,91.07881874216973,92.33673890018261,90.78114650280351,92.17349243164062,649400,0.0,0.0,SandP500,GPN
2017-09-08 00:00:00-04:00,92.05827426052404,92.31753601398962,90.88677948889521,91.30928039550781,1047500,0.0,0.0,SandP500,GPN
2017-09-11 00:00:00-04:00,91.77980362169126,93.06652258370563,90.9443916139287,92.66322326660156,924400,0.0,0.0,SandP500,GPN
2017-09-12 00:00:00-04:00,93.14334300335217,94.23801675771956,92.93208888828921,94.18040466308594,1176100,0.0,0.0,SandP500,GPN
2017-09-13 00:00:00-04:00,94.10359163668538,94.19961424457296,93.28738848055785,93.50823974609375,886800,0.0,0.0,SandP500,GPN
2017-09-14 00:00:00-04:00,93.22016189859487,93.95002202433318,92.88404451398166,93.18174743652344,1089200,0.01,0.0,SandP500,GPN
2017-09-15 00:00:00-04:00,93.15289389917437,93.92116811978686,93.00884156695878,93.69068145751953,1334100,0.0,0.0,SandP500,GPN
2017-09-18 00:00:00-04:00,93.82514291390008,93.97880071260106,92.8552055351268,93.14330291748047,1107800,0.0,0.0,SandP500,GPN
2017-09-19 00:00:00-04:00,93.31617558464696,93.31617558464696,92.25980373440302,92.2694091796875,842200,0.0,0.0,SandP500,GPN
2017-09-20 00:00:00-04:00,92.35582655466186,92.7687727370409,91.34747470941574,91.82764434814453,1056300,0.0,0.0,SandP500,GPN
2017-09-21 00:00:00-04:00,91.77003279783617,92.72077410067051,91.5683623984857,92.51909637451172,683500,0.0,0.0,SandP500,GPN
2017-09-22 00:00:00-04:00,92.70156977275944,93.33539735285915,91.37630391456304,92.01972961425781,810300,0.0,0.0,SandP500,GPN
2017-09-25 00:00:00-04:00,91.8660760550803,92.07734458128871,90.21429101528388,90.46397399902344,1572000,0.0,0.0,SandP500,GPN
2017-09-26 00:00:00-04:00,90.58879814885255,91.18420376142493,89.91655631533305,90.60800170898438,1334800,0.0,0.0,SandP500,GPN
2017-09-27 00:00:00-04:00,91.06896636936554,91.77000986907436,90.65602022811548,90.73284912109375,1208900,0.0,0.0,SandP500,GPN
2017-09-28 00:00:00-04:00,90.45436400775718,90.78087586370489,89.28274885065983,90.21427917480469,1179100,0.0,0.0,SandP500,GPN
2017-09-29 00:00:00-04:00,90.19507763768851,91.28986400332812,89.90698020435664,91.26105499267578,835700,0.0,0.0,SandP500,GPN
2017-10-02 00:00:00-04:00,91.43391049789872,92.39424986747245,91.24184555470714,92.31742095947266,1053300,0.0,0.0,SandP500,GPN
2017-10-03 00:00:00-04:00,92.49988203169306,93.93078555186368,92.28860621123684,92.7879867553711,1133200,0.0,0.0,SandP500,GPN
2017-10-04 00:00:00-04:00,93.02806617906647,93.02806617906647,91.95248357686152,92.59590911865234,1015300,0.0,0.0,SandP500,GPN
2017-10-05 00:00:00-04:00,92.56709576122869,93.43140251461405,92.07732071317585,92.95123291015625,779300,0.0,0.0,SandP500,GPN
2017-10-06 00:00:00-04:00,92.64392257968615,93.36417697022773,92.45185034612446,93.1048812866211,629400,0.0,0.0,SandP500,GPN
2017-10-09 00:00:00-04:00,93.11451032223421,95.2176560200635,92.932043485821,94.25731658935547,865800,0.0,0.0,SandP500,GPN
2017-10-10 00:00:00-04:00,94.7182553938712,96.36043459408155,94.19967133167738,94.61261749267578,1622300,0.0,0.0,SandP500,GPN
2017-10-11 00:00:00-04:00,94.69906812272812,95.65940751565564,94.45898327449623,95.14082336425781,1029400,0.0,0.0,SandP500,GPN
2017-10-12 00:00:00-04:00,95.04476806062353,95.94748921772084,94.73745982177431,95.13119506835938,723500,0.0,0.0,SandP500,GPN
2017-10-13 00:00:00-04:00,95.45772253671707,96.13956252229562,95.12160526591173,95.68820190429688,579400,0.0,0.0,SandP500,GPN
2017-10-16 00:00:00-04:00,95.92830558682985,96.22600846713473,95.09280764063453,95.40011596679688,727400,0.0,0.0,SandP500,GPN
2017-10-17 00:00:00-04:00,95.36169870736738,95.37129682539685,93.65228853993428,93.80594635009766,902000,0.0,0.0,SandP500,GPN
2017-10-18 00:00:00-04:00,93.81555415172582,94.23809848667476,92.92243825643581,93.028076171875,968200,0.0,0.0,SandP500,GPN
2017-10-19 00:00:00-04:00,92.43264848594224,93.02806143072287,92.24058357565517,92.9704360961914,923000,0.0,0.0,SandP500,GPN
2017-10-20 00:00:00-04:00,93.21053944843986,93.5082496434845,92.66314628569083,93.31617736816406,927500,0.0,0.0,SandP500,GPN
2017-10-23 00:00:00-04:00,93.63305745159438,93.98838553803502,93.30654569119392,93.575439453125,1236000,0.0,0.0,SandP500,GPN
2017-10-24 00:00:00-04:00,94.08443715870919,94.12285160778882,93.55624764237314,93.86355590820312,549100,0.0,0.0,SandP500,GPN
2017-10-25 00:00:00-04:00,93.88276807816057,95.61137434950653,93.88276807816057,95.57295989990234,915100,0.0,0.0,SandP500,GPN
2017-10-26 00:00:00-04:00,95.80343619999125,96.59091401439453,95.32326662226228,96.41805267333984,1796700,0.0,0.0,SandP500,GPN
2017-10-27 00:00:00-04:00,96.80220607332448,97.56086768607766,95.92829377808616,97.54166412353516,1116300,0.0,0.0,SandP500,GPN
2017-10-30 00:00:00-04:00,97.32078659726989,97.94500864260174,97.00388017888967,97.83937072753906,737700,0.0,0.0,SandP500,GPN
2017-10-31 00:00:00-04:00,97.9642471362903,99.87532093733445,97.37843937926306,99.82730102539062,1720300,0.0,0.0,SandP500,GPN
2017-11-01 00:00:00-04:00,100.2498397657106,100.32666868410402,98.07947044535467,98.48281860351562,1055600,0.0,0.0,SandP500,GPN
2017-11-02 00:00:00-04:00,98.43478767263166,98.77090499444488,97.67611867379148,98.73249053955078,687800,0.0,0.0,SandP500,GPN
2017-11-03 00:00:00-04:00,99.51992834876657,99.94247985511227,98.94372641171663,99.50072479248047,1103100,0.0,0.0,SandP500,GPN
2017-11-06 00:00:00-05:00,99.65440524347933,100.672369876622,99.510360210928,100.13457489013672,1097400,0.0,0.0,SandP500,GPN
2017-11-07 00:00:00-05:00,100.25943606335095,100.25943606335095,99.03980090727849,99.77926635742188,1253000,0.0,0.0,SandP500,GPN
2017-11-08 00:00:00-05:00,99.02058663696965,99.63520320796333,96.07234525439426,97.61849212646484,2263400,0.0,0.0,SandP500,GPN
2017-11-09 00:00:00-05:00,97.28236474915185,97.311173753117,94.01720997497847,95.38088989257812,1781800,0.0,0.0,SandP500,GPN
2017-11-10 00:00:00-05:00,95.19844403612204,95.99552751289792,94.27651907243757,94.92955017089844,1142900,0.0,0.0,SandP500,GPN
2017-11-13 00:00:00-05:00,94.42055483424477,95.73622224533331,94.42055483424477,95.64978790283203,1367100,0.0,0.0,SandP500,GPN
2017-11-14 00:00:00-05:00,95.50576721128505,97.46486081136389,95.20806428945862,97.32080841064453,1072200,0.0,0.0,SandP500,GPN
2017-11-15 00:00:00-05:00,97.00389564421215,97.28239498043234,95.10242019673976,95.4481430053711,1131300,0.0,0.0,SandP500,GPN
2017-11-16 00:00:00-05:00,95.88030550786289,97.10954639346954,95.74585854529512,96.2452392578125,861800,0.0,0.0,SandP500,GPN
2017-11-17 00:00:00-05:00,95.87067920108338,96.1971910636657,95.46733843196127,96.062744140625,622800,0.0,0.0,SandP500,GPN
2017-11-20 00:00:00-05:00,96.49488862814762,97.5320494235951,96.22598749041711,97.07109069824219,695900,0.0,0.0,SandP500,GPN
2017-11-21 00:00:00-05:00,97.49366209600406,99.11663818359375,97.17675563171987,99.11663818359375,1017400,0.0,0.0,SandP500,GPN
2017-11-22 00:00:00-05:00,99.07821041813337,99.27028268700393,98.04104214665603,98.36756134033203,659500,0.0,0.0,SandP500,GPN
2017-11-24 00:00:00-05:00,98.54041015640031,99.40471693911118,98.40596324873495,99.36630249023438,266000,0.0,0.0,SandP500,GPN
2017-11-27 00:00:00-05:00,99.66400778558506,100.0577504012454,98.6652540704057,99.76964569091797,686300,0.0,0.0,SandP500,GPN
2017-11-28 00:00:00-05:00,100.21141286004006,100.73960244988133,99.32790238867648,99.44314575195312,838200,0.0,0.0,SandP500,GPN
2017-11-29 00:00:00-05:00,99.55838449200307,99.55838449200307,94.96796330220992,95.03518676757812,1837200,0.0,0.0,SandP500,GPN
2017-11-30 00:00:00-05:00,95.51532946689801,96.75416782999257,94.81428600151348,96.57170104980469,1725700,0.0,0.0,SandP500,GPN
2017-12-01 00:00:00-05:00,96.47568924968691,97.00387881758795,94.42056364753913,96.75418853759766,1093300,0.0,0.0,SandP500,GPN
2017-12-04 00:00:00-05:00,97.23435538810887,97.46483477159681,91.53954297205894,92.15415954589844,2118900,0.0,0.0,SandP500,GPN
2017-12-05 00:00:00-05:00,92.15416653337444,93.79634600300626,91.5875698129202,92.79759216308594,1328600,0.0,0.0,SandP500,GPN
2017-12-06 00:00:00-05:00,92.81678885685113,94.57421142155926,92.51907871071799,93.33537292480469,1630700,0.0,0.0,SandP500,GPN
2017-12-07 00:00:00-05:00,93.59468251514735,95.62099935372493,93.59468251514735,95.25607299804688,709800,0.0,0.0,SandP500,GPN
2017-12-08 00:00:00-05:00,95.448128123895,95.88988334898049,95.07359636073976,95.42892456054688,639000,0.0,0.0,SandP500,GPN
2017-12-11 00:00:00-05:00,95.24648515958768,96.52373863079143,94.90076230532486,96.2452392578125,866200,0.0,0.0,SandP500,GPN
2017-12-12 00:00:00-05:00,95.70741436517473,96.73497708241439,95.69780892104899,96.16837310791016,892700,0.0,0.0,SandP500,GPN
2017-12-13 00:00:00-05:00,96.4468819723438,97.34960331302423,95.14081985992408,95.41931915283203,1049800,0.0,0.0,SandP500,GPN
2017-12-14 00:00:00-05:00,95.5633806924507,96.20687104503529,95.39050192171432,95.60179901123047,1269900,0.01,0.0,SandP500,GPN
2017-12-15 00:00:00-05:00,96.17807127674416,97.43624023351184,95.65943489907643,96.84077453613281,2747300,0.0,0.0,SandP500,GPN
2017-12-18 00:00:00-05:00,97.53227766328546,98.22378542057724,96.65827739563187,97.34979248046875,1003700,0.0,0.0,SandP500,GPN
2017-12-19 00:00:00-05:00,97.36899497463006,98.8192553257601,96.86957149961265,98.6559829711914,1218000,0.0,0.0,SandP500,GPN
2017-12-20 00:00:00-05:00,98.75202712321563,99.29947533845171,97.60910596274846,97.69554901123047,733900,0.0,0.0,SandP500,GPN
2017-12-21 00:00:00-05:00,98.00288253278217,98.18536770309781,95.87071360977998,96.39895629882812,1119000,0.0,0.0,SandP500,GPN
2017-12-22 00:00:00-05:00,96.3317652040738,96.6583100335393,96.00521304706075,96.38938903808594,548300,0.0,0.0,SandP500,GPN
2017-12-26 00:00:00-05:00,96.10125309159217,97.0136719660797,95.63064135993707,96.7447509765625,440700,0.0,0.0,SandP500,GPN
2017-12-27 00:00:00-05:00,97.02323813165395,97.02323813165395,95.803487678068,96.36054229736328,1077800,0.0,0.0,SandP500,GPN
2017-12-28 00:00:00-05:00,96.3797487965423,96.43737993787502,95.66902822549538,96.35093688964844,948100,0.0,0.0,SandP500,GPN
2017-12-29 00:00:00-05:00,96.61985879874783,96.76392566226517,96.02439317660888,96.27410125732422,844400,0.0,0.0,SandP500,GPN
2018-01-02 00:00:00-05:00,96.70630724181926,96.95601533646244,94.91028920855679,95.62100982666016,1150200,0.0,0.0,SandP500,GPN
2018-01-03 00:00:00-05:00,96.07242585495739,98.51193452841976,95.8419232332067,97.68595886230469,1221600,0.0,0.0,SandP500,GPN
2018-01-04 00:00:00-05:00,98.27182020995534,99.64524410860224,98.17577806668513,99.54920196533203,1121400,0.0,0.0,SandP500,GPN
2018-01-05 00:00:00-05:00,99.74128062495096,100.12545650390427,98.91530504984222,99.46275329589844,1001300,0.0,0.0,SandP500,GPN
2018-01-08 00:00:00-05:00,99.4531630514161,100.68252011130336,99.00175690308805,100.05823516845703,577000,0.0,0.0,SandP500,GPN
2018-01-09 00:00:00-05:00,101.19155765532818,102.3056598264028,100.49043601187907,100.66331481933594,1353400,0.0,0.0,SandP500,GPN
2018-01-10 00:00:00-05:00,100.33676798202919,100.33676798202919,98.93453205132185,99.47237396240234,1223000,0.0,0.0,SandP500,GPN
2018-01-11 00:00:00-05:00,99.62605378807963,100.06785357646339,98.69442946858796,99.88536834716797,658200,0.0,0.0,SandP500,GPN
2018-01-12 00:00:00-05:00,100.41359260318555,100.41359260318555,98.88649546355771,99.17462921142578,843400,0.0,0.0,SandP500,GPN
2018-01-16 00:00:00-05:00,99.52039322353535,101.23957475472524,99.42434374966138,100.46161651611328,1553300,0.0,0.0,SandP500,GPN
2018-01-17 00:00:00-05:00,100.84579155254424,101.96950004266155,100.5672642013317,101.61414337158203,804800,0.0,0.0,SandP500,GPN
2018-01-18 00:00:00-05:00,101.85423379600711,102.55534792484464,101.0666766227318,101.97908782958984,642000,0.0,0.0,SandP500,GPN
2018-01-19 00:00:00-05:00,102.65140451667686,103.78471937230132,100.50963618414865,103.73670196533203,1077100,0.0,0.0,SandP500,GPN
2018-01-22 00:00:00-05:00,103.47738328411512,104.84120811401972,103.02597714504878,104.78357696533203,875400,0.0,0.0,SandP500,GPN
2018-01-23 00:00:00-05:00,104.85078994260192,105.64795353241176,104.37057197200005,105.54230499267578,1216100,0.0,0.0,SandP500,GPN
2018-01-24 00:00:00-05:00,105.87847471383188,107.82815884470877,105.80164539396746,107.73211669921875,1325400,0.0,0.0,SandP500,GPN
2018-01-25 00:00:00-05:00,108.21233142317709,108.63492564337992,107.51121718789051,107.76092529296875,846300,0.0,0.0,SandP500,GPN
2018-01-26 00:00:00-05:00,108.03943666439905,108.77897644042969,107.5208003783313,108.77897644042969,682000,0.0,0.0,SandP500,GPN
2018-01-29 00:00:00-05:00,108.4140134273819,108.77898379830789,107.48239665920892,107.97221374511719,792500,0.0,0.0,SandP500,GPN
2018-01-30 00:00:00-05:00,107.09822716118926,108.18351727166946,106.1473901854337,106.9733657836914,717400,0.0,0.0,SandP500,GPN
2018-01-31 00:00:00-05:00,107.36714272775663,108.43322728794523,106.7716697620289,107.35753631591797,941600,0.0,0.0,SandP500,GPN
2018-02-01 00:00:00-05:00,107.25188546609444,107.78012819270295,106.31066229737667,107.175048828125,964700,0.0,0.0,SandP500,GPN
2018-02-02 00:00:00-05:00,106.5507710596376,106.5507710596376,104.30334703304693,104.4186019897461,1053200,0.0,0.0,SandP500,GPN
2018-02-05 00:00:00-05:00,103.76550809848715,105.08130807896434,100.5864672287932,100.82657623291016,1013200,0.0,0.0,SandP500,GPN
2018-02-06 00:00:00-05:00,99.2130530673162,102.1327723926899,97.57070087141773,101.81583404541016,1256900,0.0,0.0,SandP500,GPN
2018-02-07 00:00:00-05:00,101.25877601423282,103.78472026189516,101.25877601423282,102.11356353759766,769600,0.0,0.0,SandP500,GPN
2018-02-08 00:00:00-05:00,102.18080824189877,102.74746941859757,96.5046340263364,96.61027526855469,1454500,0.0,0.0,SandP500,GPN
2018-02-09 00:00:00-05:00,97.28257217905467,100.70172230563014,95.51536596778762,99.81812286376953,1575700,0.0,0.0,SandP500,GPN
2018-02-12 00:00:00-05:00,100.72094067698015,103.14123652655523,100.25992810548924,102.1904067993164,1900200,0.0,0.0,SandP500,GPN
2018-02-13 00:00:00-05:00,101.3644277832429,103.79432996564853,101.29719754874122,102.62259674072266,1248400,0.0,0.0,SandP500,GPN
2018-02-14 00:00:00-05:00,101.97910323290792,103.86155706976385,100.56726102337952,103.32371520996094,1503800,0.0,0.0,SandP500,GPN
2018-02-15 00:00:00-05:00,102.53614977852315,107.92419634400184,101.52768904389744,107.90498352050781,2883500,0.0,0.0,SandP500,GPN
2018-02-16 00:00:00-05:00,108.23153154437912,110.31567583566678,107.9818161410658,109.82585144042969,1686800,0.0,0.0,SandP500,GPN
2018-02-20 00:00:00-05:00,109.4897124869438,110.68065116754512,109.20157873359145,110.19083404541016,1343000,0.0,0.0,SandP500,GPN
2018-02-21 00:00:00-05:00,110.20042939925688,110.68064742022153,107.78013379771501,107.7993392944336,870500,0.0,0.0,SandP500,GPN
2018-02-22 00:00:00-05:00,108.52927376702557,109.34564294489675,107.28070396966105,107.58804321289062,960800,0.0,0.0,SandP500,GPN
2018-02-23 00:00:00-05:00,108.3948222122779,109.97954329220342,107.91460414730327,109.9315185546875,1061800,0.0,0.0,SandP500,GPN
2018-02-26 00:00:00-05:00,110.25807493042153,110.45015923285138,109.17277737180812,110.16202545166016,831700,0.0,0.0,SandP500,GPN
2018-02-27 00:00:00-05:00,110.12361556129751,110.4021356043594,108.63493655607417,109.68180847167969,1964000,0.0,0.0,SandP500,GPN
2018-02-28 00:00:00-05:00,110.16200794566318,110.90154778034437,108.85581437957912,108.90383911132812,1756300,0.0,0.0,SandP500,GPN
2018-03-01 00:00:00-05:00,109.12473227256628,110.05634896328,106.65641224212422,107.04058074951172,1594800,0.0,0.0,SandP500,GPN
2018-03-02 00:00:00-05:00,106.60841353108293,109.24000655211921,105.69600211206068,108.96147918701172,1440900,0.0,0.0,SandP500,GPN
2018-03-05 00:00:00-05:00,108.40440174412366,109.72019422624601,107.1942504687573,109.23037719726562,1550100,0.0,0.0,SandP500,GPN
2018-03-06 00:00:00-05:00,109.29764216863782,110.25807836580495,108.59652052058529,109.66260528564453,879800,0.0,0.0,SandP500,GPN
2018-03-07 00:00:00-05:00,108.57730843851907,110.10439838221617,108.57730843851907,109.7874526977539,602900,0.0,0.0,SandP500,GPN
2018-03-08 00:00:00-05:00,109.80664925220182,110.35409747717355,109.32643125389171,109.99873352050781,578300,0.0,0.0,SandP500,GPN
2018-03-09 00:00:00-05:00,110.49815411760277,113.02409791706805,110.49815411760277,112.5822982788086,658200,0.0,0.0,SandP500,GPN
2018-03-12 00:00:00-04:00,113.00490238355437,113.41788282584507,112.16932043224608,113.16817474365234,769100,0.0,0.0,SandP500,GPN
2018-03-13 00:00:00-04:00,113.59077133283492,113.61959057021488,112.01565675650026,112.61112976074219,1130200,0.0,0.0,SandP500,GPN
2018-03-14 00:00:00-04:00,113.23541460713506,113.6580014970275,111.86199072800673,113.21620178222656,892300,0.0,0.0,SandP500,GPN
2018-03-15 00:00:00-04:00,113.50434880717762,113.74447817708102,112.76475357226856,113.54277038574219,729600,0.01,0.0,SandP500,GPN
2018-03-16 00:00:00-04:00,113.5331937655881,114.24398216839815,113.03372776593528,113.35070037841797,1227500,0.0,0.0,SandP500,GPN
2018-03-19 00:00:00-04:00,113.0433232622797,113.0433232622797,110.66123629351651,111.94833374023438,990200,0.0,0.0,SandP500,GPN
2018-03-20 00:00:00-04:00,112.11159164785872,113.62921089249126,111.48725387474623,113.05289459228516,742800,0.0,0.0,SandP500,GPN
2018-03-21 00:00:00-04:00,113.27384912858506,113.65805766226062,111.83307262342787,111.92912292480469,699400,0.0,0.0,SandP500,GPN
2018-03-22 00:00:00-04:00,111.10303386105517,111.72737156904046,108.98029151643752,109.0283203125,810600,0.0,0.0,SandP500,GPN
2018-03-23 00:00:00-04:00,109.04755907298156,109.44137479609212,106.69429394645374,106.79034423828125,736700,0.0,0.0,SandP500,GPN
2018-03-26 00:00:00-04:00,108.22150133660949,110.09451479569086,107.10730488462524,109.89280700683594,799900,0.0,0.0,SandP500,GPN
2018-03-27 00:00:00-04:00,110.55557540398172,110.60360421573087,106.13719586526923,106.73271942138672,757000,0.0,0.0,SandP500,GPN
2018-03-28 00:00:00-04:00,106.85759145882088,107.36666465461215,104.5523475707048,105.7337875366211,1086700,0.0,0.0,SandP500,GPN
2018-03-29 00:00:00-04:00,106.29086692870918,108.13505871548941,105.09981998760105,107.11690521240234,1029300,0.0,0.0,SandP500,GPN
2018-04-02 00:00:00-04:00,107.04966269667337,107.86610835986812,104.0720601834227,104.87889862060547,1110300,0.0,0.0,SandP500,GPN
2018-04-03 00:00:00-04:00,105.18627550914356,105.86824206793949,103.8511567446017,105.32074737548828,1338600,0.0,0.0,SandP500,GPN
2018-04-04 00:00:00-04:00,104.05285533338908,106.40612011427832,103.14035937463285,106.06033325195312,1045800,0.0,0.0,SandP500,GPN
2018-04-05 00:00:00-04:00,106.809553424624,108.18309387592448,106.33890185587798,106.97284698486328,824200,0.0,0.0,SandP500,GPN
2018-04-06 00:00:00-04:00,105.8874641382224,106.6270668356684,103.7551137735707,104.47550201416016,844800,0.0,0.0,SandP500,GPN
2018-04-09 00:00:00-04:00,105.26308208016343,106.41570717892594,104.0816499645258,104.19691467285156,946800,0.0,0.0,SandP500,GPN
2018-04-10 00:00:00-04:00,105.94507803968689,107.29940383831381,105.6569198724046,106.3196792602539,1423400,0.0,0.0,SandP500,GPN
2018-04-11 00:00:00-04:00,105.34955927199782,105.89705395168257,104.23535545893165,104.40824890136719,1208100,0.0,0.0,SandP500,GPN
2018-04-12 00:00:00-04:00,105.02298367601567,106.33889533606134,104.61956807039601,105.23429870605469,1076900,0.0,0.0,SandP500,GPN
2018-04-13 00:00:00-04:00,105.65693472956875,106.4637659863468,104.66760278597143,105.5896987915039,1096000,0.0,0.0,SandP500,GPN
2018-04-16 00:00:00-04:00,106.26204503286368,107.04966906487688,106.021915665443,106.07955169677734,702200,0.0,0.0,SandP500,GPN
2018-04-17 00:00:00-04:00,106.99204291336092,107.86611734913805,106.78072789248438,107.49151611328125,797600,0.0,0.0,SandP500,GPN
2018-04-18 00:00:00-04:00,107.67399996887731,108.24070905023171,107.41466349311598,108.11583709716797,765100,0.0,0.0,SandP500,GPN
2018-04-19 00:00:00-04:00,108.03900494042983,108.51926366071804,107.37624556141881,107.90452575683594,554300,0.0,0.0,SandP500,GPN
2018-04-20 00:00:00-04:00,107.75085793772799,108.45203896636976,106.64626130101867,106.88639068603516,673300,0.0,0.0,SandP500,GPN
2018-04-23 00:00:00-04:00,106.99204596613224,107.88532755285546,105.474426525778,105.89705657958984,453500,0.0,0.0,SandP500,GPN
2018-04-24 00:00:00-04:00,106.54060139966306,107.40506863199845,104.24496511656346,105.32074737548828,930700,0.0,0.0,SandP500,GPN
2018-04-25 00:00:00-04:00,105.30151749627353,105.36875341959686,103.3900899662255,105.2054672241211,746600,0.0,0.0,SandP500,GPN
2018-04-26 00:00:00-04:00,105.96429521366616,108.11585246140963,105.56087960374563,107.73165130615234,853400,0.0,0.0,SandP500,GPN
2018-04-27 00:00:00-04:00,107.79886740393198,108.21189016517945,106.3676912497454,106.7134780883789,925200,0.0,0.0,SandP500,GPN
2018-04-30 00:00:00-04:00,107.22257677605981,109.12440484359716,107.17455529308307,108.58651733398438,1357900,0.0,0.0,SandP500,GPN
2018-05-01 00:00:00-04:00,108.30796638297024,108.96111864261997,107.46270620685428,108.85546112060547,863300,0.0,0.0,SandP500,GPN
2018-05-02 00:00:00-04:00,108.85544545546158,109.37412576302668,107.27059018148485,108.12545013427734,1680800,0.0,0.0,SandP500,GPN
2018-05-03 00:00:00-04:00,106.71346987796356,108.94186970650341,104.72519937287915,108.8746337890625,1776800,0.0,0.0,SandP500,GPN
2018-05-04 00:00:00-04:00,108.63454622484348,109.98887964725876,107.89495084869223,108.39441680908203,1042700,0.0,0.0,SandP500,GPN
2018-05-07 00:00:00-04:00,108.57687986295254,110.10409890013827,108.57687986295254,109.16279602050781,1457200,0.0,0.0,SandP500,GPN
2018-05-08 00:00:00-04:00,108.83624863234347,110.14255317525745,108.7209912085479,109.46058654785156,1048800,0.0,0.0,SandP500,GPN
2018-05-09 00:00:00-04:00,109.75832959576438,110.48832493498216,108.89386972330054,110.07530212402344,695200,0.0,0.0,SandP500,GPN
2018-05-10 00:00:00-04:00,110.53636949347204,111.5833301819893,109.9504531588855,111.4200439453125,780600,0.0,0.0,SandP500,GPN
2018-05-11 00:00:00-04:00,111.58331293567231,112.09238602319877,111.17029012968857,111.54489135742188,732100,0.0,0.0,SandP500,GPN
2018-05-14 00:00:00-04:00,111.66974560795309,111.84263901857577,110.25778397589544,110.36344146728516,788700,0.0,0.0,SandP500,GPN
2018-05-15 00:00:00-04:00,109.62386155690474,110.14254189536939,108.76900155318536,109.97925567626953,694300,0.0,0.0,SandP500,GPN
2018-05-16 00:00:00-04:00,110.54595957282378,111.2087190169105,110.19057277494197,110.622802734375,802900,0.0,0.0,SandP500,GPN
2018-05-17 00:00:00-04:00,110.430688133694,111.49686304826702,109.21082691553706,109.34529876708984,919500,0.0,0.0,SandP500,GPN
2018-05-18 00:00:00-04:00,109.49900055335911,109.83518022977543,108.5096686506908,109.26847839355469,1113700,0.0,0.0,SandP500,GPN
2018-05-21 00:00:00-04:00,109.8063811208951,110.15216807269307,108.61534124701784,109.191650390625,1117400,0.0,0.0,SandP500,GPN
2018-05-22 00:00:00-04:00,109.31649908877004,109.73912915218146,107.26099213554274,107.5011215209961,1287300,0.0,0.0,SandP500,GPN
2018-05-23 00:00:00-04:00,106.98243950885377,107.63559172027779,106.08915791570281,107.62599182128906,1422600,0.0,0.0,SandP500,GPN
2018-05-24 00:00:00-04:00,107.69320698189311,108.98990392746283,107.69320698189311,108.4231948852539,1243100,0.0,0.0,SandP500,GPN
2018-05-25 00:00:00-04:00,108.36557525423682,108.49043988095384,106.8191416186017,107.29940032958984,1065100,0.0,0.0,SandP500,GPN
2018-05-29 00:00:00-04:00,106.55020636912253,106.95362195960901,104.27377726023413,105.02297973632812,1301300,0.0,0.0,SandP500,GPN
2018-05-30 00:00:00-04:00,105.55126437177644,107.55874969814143,105.55126437177644,107.11690521240234,1111400,0.0,0.0,SandP500,GPN
2018-05-31 00:00:00-04:00,107.24177730324008,107.96216540783664,106.30046695550722,106.77112579345703,936400,0.0,0.0,SandP500,GPN
2018-06-01 00:00:00-04:00,107.34743563461063,109.05715557678943,107.34743563461063,108.92268371582031,1182500,0.0,0.0,SandP500,GPN
2018-06-04 00:00:00-04:00,109.26847706775303,110.93016830309196,108.72098236475591,110.81491088867188,1079200,0.0,0.0,SandP500,GPN
2018-06-05 00:00:00-04:00,110.85335137435187,111.06465911288063,110.00809110756282,110.52677154541016,1252800,0.0,0.0,SandP500,GPN
2018-06-06 00:00:00-04:00,110.4018814395801,113.34106258185899,110.4018814395801,113.31224822998047,1032900,0.0,0.0,SandP500,GPN
2018-06-07 00:00:00-04:00,113.63883568066575,113.8213363709155,111.61214294468547,112.35174560546875,1083200,0.0,0.0,SandP500,GPN
2018-06-08 00:00:00-04:00,112.16922404255068,112.57263960345442,109.71030177247106,112.45738220214844,988300,0.0,0.0,SandP500,GPN
2018-06-11 00:00:00-04:00,112.70710559568516,112.91842059131176,111.4872517502489,112.21724700927734,655300,0.0,0.0,SandP500,GPN
2018-06-12 00:00:00-04:00,112.22684196869143,114.63774253282011,112.15960604832922,113.78288269042969,887900,0.0,0.0,SandP500,GPN
2018-06-13 00:00:00-04:00,114.30158993151768,114.9259278127435,113.52357305094698,113.8021240234375,765600,0.0,0.0,SandP500,GPN
2018-06-14 00:00:00-04:00,114.14792177408555,114.9740370722713,113.06244077618905,113.1104736328125,971500,0.01,0.0,SandP500,GPN
2018-06-15 00:00:00-04:00,113.05284688217526,113.22575491614283,112.42845635235983,112.87033081054688,1191700,0.0,0.0,SandP500,GPN
2018-06-18 00:00:00-04:00,111.65996290677967,112.8895277626266,110.56488124899197,112.53411102294922,1133600,0.0,0.0,SandP500,GPN
2018-06-19 00:00:00-04:00,111.48708909752719,111.88093810467389,110.48806551343337,111.60236358642578,1011000,0.0,0.0,SandP500,GPN
2018-06-20 00:00:00-04:00,112.48607733028939,112.87031817707465,111.9097197245038,112.29396057128906,946900,0.0,0.0,SandP500,GPN
2018-06-21 00:00:00-04:00,112.20753560387656,112.58216852326787,109.89249646940175,110.18067169189453,951600,0.0,0.0,SandP500,GPN
2018-06-22 00:00:00-04:00,110.67057681375687,111.15087617012007,109.04716264403751,109.89249420166016,1172300,0.0,0.0,SandP500,GPN
2018-06-25 00:00:00-04:00,108.9126721820196,108.9126721820196,106.06930106051846,106.46315002441406,938100,0.0,0.0,SandP500,GPN
2018-06-26 00:00:00-04:00,106.76092562581104,107.48137456101965,106.04047669060242,106.16535186767578,1120100,0.0,0.0,SandP500,GPN
2018-06-27 00:00:00-04:00,106.09807087078133,106.56876927709413,104.4842655618957,104.4938735961914,1241300,0.0,0.0,SandP500,GPN
2018-06-28 00:00:00-04:00,104.26336221636775,106.0404679781148,104.26336221636775,105.6562271118164,1430600,0.0,0.0,SandP500,GPN
2018-06-29 00:00:00-04:00,105.76189842938581,108.0481276588678,105.76189842938581,107.09712982177734,1213200,0.0,0.0,SandP500,GPN
2018-07-02 00:00:00-04:00,106.29024034771871,107.99049670571056,105.89639138985079,107.98089599609375,967000,0.0,0.0,SandP500,GPN
2018-07-03 00:00:00-04:00,108.4227517969831,108.4227517969831,106.58800520400949,106.72248840332031,460700,0.0,0.0,SandP500,GPN
2018-07-05 00:00:00-04:00,106.94342762465982,107.73111806365534,105.80031311938188,107.67347717285156,882500,0.0,0.0,SandP500,GPN
2018-07-06 00:00:00-04:00,107.87522106791461,108.77817872947158,107.01068089937249,108.30748748779297,757700,0.0,0.0,SandP500,GPN
2018-07-09 00:00:00-04:00,108.35550385783887,108.90304465979392,107.98087106327931,108.52841186523438,864500,0.0,0.0,SandP500,GPN
2018-07-10 00:00:00-04:00,108.6532940898531,110.21906696568728,108.6532940898531,109.12398529052734,768200,0.0,0.0,SandP500,GPN
2018-07-11 00:00:00-04:00,108.74938284689878,112.19793614623121,108.3459331336314,111.82330322265625,1692100,0.0,0.0,SandP500,GPN
2018-07-12 00:00:00-04:00,112.62058528035722,113.11049265090534,111.17968728480427,113.04325103759766,1079800,0.0,0.0,SandP500,GPN
2018-07-13 00:00:00-04:00,113.15850550545635,113.85973830183747,112.68780696675132,113.3025894165039,704400,0.0,0.0,SandP500,GPN
2018-07-16 00:00:00-04:00,113.2833868483585,113.55235326869322,112.21712187575635,112.39002990722656,648800,0.0,0.0,SandP500,GPN
2018-07-17 00:00:00-04:00,112.04420308708825,113.5811591477153,111.6983870573491,113.29298400878906,626800,0.0,0.0,SandP500,GPN
2018-07-18 00:00:00-04:00,113.25458353295292,113.85015001200951,112.58216007336539,113.63882446289062,647000,0.0,0.0,SandP500,GPN
2018-07-19 00:00:00-04:00,113.33140558920395,113.72524713312217,112.33238234613633,112.46686553955078,659100,0.0,0.0,SandP500,GPN
2018-07-20 00:00:00-04:00,112.28436915712945,113.63881669358152,111.99618664718221,112.50531005859375,771400,0.0,0.0,SandP500,GPN
2018-07-23 00:00:00-04:00,112.217115623394,113.47549730361233,112.13066527686826,113.16810607910156,467500,0.0,0.0,SandP500,GPN
2018-07-24 00:00:00-04:00,113.15849282575586,113.74445842763997,108.6436760133501,110.86266326904297,2082200,0.0,0.0,SandP500,GPN
2018-07-25 00:00:00-04:00,110.54568606501824,113.26418179843398,110.4976532046258,113.18733215332031,910600,0.0,0.0,SandP500,GPN
2018-07-26 00:00:00-04:00,112.97600942428997,113.69645842206644,111.44865373803503,113.04325103759766,735200,0.0,0.0,SandP500,GPN
2018-07-27 00:00:00-04:00,113.37946283412842,113.37946283412842,109.98855061231104,110.70899963378906,594400,0.0,0.0,SandP500,GPN
2018-07-30 00:00:00-04:00,110.70898734978994,111.34298593616114,107.18359228810213,107.83679962158203,768900,0.0,0.0,SandP500,GPN
2018-07-31 00:00:00-04:00,108.52841614319497,108.90304895252176,107.36608556896262,108.13456726074219,941500,0.0,0.0,SandP500,GPN
2018-08-01 00:00:00-04:00,107.74075503157735,109.31613633260116,107.31808925318043,107.49099731445312,1776500,0.0,0.0,SandP500,GPN
2018-08-02 00:00:00-04:00,110.70897103934848,116.23241211072596,110.59369658732253,114.48412322998047,3271500,0.0,0.0,SandP500,GPN
2018-08-03 00:00:00-04:00,115.03167605604037,115.03167605604037,111.8424891716882,114.09028625488281,1503200,0.0,0.0,SandP500,GPN
2018-08-06 00:00:00-04:00,114.0518593473251,114.53215858139679,112.60135360836894,113.77328491210938,1225100,0.0,0.0,SandP500,GPN
2018-08-07 00:00:00-04:00,114.12870540554555,114.31122146570196,112.8799317531912,113.40825653076172,990000,0.0,0.0,SandP500,GPN
2018-08-08 00:00:00-04:00,113.26415886561021,113.57155005504129,111.42941243613001,111.59271240234375,1342700,0.0,0.0,SandP500,GPN
2018-08-09 00:00:00-04:00,111.9001292767684,113.30260235851327,111.69840444947486,112.0154037475586,1159500,0.0,0.0,SandP500,GPN
2018-08-10 00:00:00-04:00,111.43904388970482,112.52451765231208,111.1508613827118,111.56391906738281,860700,0.0,0.0,SandP500,GPN
2018-08-13 00:00:00-04:00,111.56390053037858,113.408247748085,111.41020859329522,112.33238220214844,1070400,0.0,0.0,SandP500,GPN
2018-08-14 00:00:00-04:00,112.47648002489875,114.07107712612083,111.41982309201384,113.68683624267578,713800,0.0,0.0,SandP500,GPN
2018-08-15 00:00:00-04:00,113.44670099398517,113.95581711438247,111.10284523241356,112.31319427490234,974500,0.0,0.0,SandP500,GPN
2018-08-16 00:00:00-04:00,113.13930091942709,113.52354182173383,112.25555197427154,113.36984252929688,815500,0.0,0.0,SandP500,GPN
2018-08-17 00:00:00-04:00,113.36983404491778,114.22477346974144,112.95677638838795,113.99422454833984,688700,0.0,0.0,SandP500,GPN
2018-08-20 00:00:00-04:00,114.32081633850203,114.96441550028888,113.7444587708006,114.58978271484375,637000,0.0,0.0,SandP500,GPN
2018-08-21 00:00:00-04:00,114.5994154687703,115.07971476691472,114.20556652647477,114.34004974365234,621800,0.0,0.0,SandP500,GPN
2018-08-22 00:00:00-04:00,114.31122072598566,115.78093524842846,114.27279590679164,115.59841918945312,520500,0.0,0.0,SandP500,GPN
2018-08-23 00:00:00-04:00,115.68488130774048,116.64547983812817,115.35827399644037,115.63684844970703,512800,0.0,0.0,SandP500,GPN
2018-08-24 00:00:00-04:00,115.73289958326097,117.38512269116573,115.73289958326097,117.33709716796875,534900,0.0,0.0,SandP500,GPN
2018-08-27 00:00:00-04:00,117.7117649386859,118.59551397898144,117.65413136221032,118.37458038330078,962300,0.0,0.0,SandP500,GPN
2018-08-28 00:00:00-04:00,118.63392684995331,119.73861670338208,118.60511006461975,119.46965026855469,1042900,0.0,0.0,SandP500,GPN
2018-08-29 00:00:00-04:00,119.77702802693302,120.60314331438492,119.70978642580485,120.08441925048828,709800,0.0,0.0,SandP500,GPN
2018-08-30 00:00:00-04:00,119.78662594208346,120.0555996691095,117.70212902692839,118.79721069335938,999100,0.0,0.0,SandP500,GPN
2018-08-31 00:00:00-04:00,118.55706604398156,119.93072220294185,117.73095074117832,119.6713638305664,907300,0.0,0.0,SandP500,GPN
2018-09-04 00:00:00-04:00,119.47924671578905,120.82408617073902,119.18146350625052,120.56472778320312,758600,0.0,0.0,SandP500,GPN
2018-09-05 00:00:00-04:00,120.3341614500978,120.3341614500978,118.11518143401955,118.81642150878906,1053200,0.0,0.0,SandP500,GPN
2018-09-06 00:00:00-04:00,119.11421991957091,119.68096954491966,117.85583816724481,119.38318634033203,675600,0.0,0.0,SandP500,GPN
2018-09-07 00:00:00-04:00,118.93170834467813,120.29576390389079,118.25929226736494,118.85486602783203,981100,0.0,0.0,SandP500,GPN
2018-09-10 00:00:00-04:00,119.61372620777391,120.76644884564034,118.9028853448,120.63196563720703,831600,0.0,0.0,SandP500,GPN
2018-09-11 00:00:00-04:00,120.12285880748986,121.87114798010633,119.70980111308558,121.81350708007812,794500,0.0,0.0,SandP500,GPN
2018-09-12 00:00:00-04:00,121.87112100983744,123.36004412479038,121.84229690180926,122.90856170654297,882700,0.0,0.0,SandP500,GPN
2018-09-13 00:00:00-04:00,123.32165413325136,124.16705151520736,122.76446906620255,123.28323364257812,765900,0.01,0.0,SandP500,GPN
2018-09-14 00:00:00-04:00,123.8116235843959,124.11903152708646,123.10071981267954,123.53302001953125,429200,0.0,0.0,SandP500,GPN
2018-09-17 00:00:00-04:00,123.30245691686767,123.66750290063817,121.77498214981773,121.97672271728516,433100,0.0,0.0,SandP500,GPN
2018-09-18 00:00:00-04:00,121.97673229028754,123.78280341016293,121.86144881581949,123.49459838867188,693300,0.0,0.0,SandP500,GPN
2018-09-19 00:00:00-04:00,123.90767751915631,124.09980930849174,121.7173428715574,121.83262634277344,825200,0.0,0.0,SandP500,GPN
2018-09-20 00:00:00-04:00,122.63961148542417,122.63961148542417,121.20820235530658,122.14966583251953,922800,0.0,0.0,SandP500,GPN
2018-09-21 00:00:00-04:00,122.56273430591389,123.51380640560505,121.9863316369044,122.18807220458984,1514100,0.0,0.0,SandP500,GPN
2018-09-24 00:00:00-04:00,121.98633507450766,122.42824404417996,120.91037802050697,122.28414154052734,562400,0.0,0.0,SandP500,GPN
2018-09-25 00:00:00-04:00,122.86055274046952,123.60987701616469,122.38021591457688,122.83173370361328,702300,0.0,0.0,SandP500,GPN
2018-09-26 00:00:00-04:00,122.71645837450464,123.18718644291276,121.91910476089544,122.11123657226562,943800,0.0,0.0,SandP500,GPN
2018-09-27 00:00:00-04:00,122.4186377673564,122.66841495685425,121.61166812796256,121.7269515991211,780200,0.0,0.0,SandP500,GPN
2018-09-28 00:00:00-04:00,121.630890854038,123.82122559327759,121.27543896660207,122.38982391357422,2869900,0.0,0.0,SandP500,GPN
2018-10-01 00:00:00-04:00,123.17759101723257,123.3313023373459,120.94882818110322,121.54444122314453,1714900,0.0,0.0,SandP500,GPN
2018-10-02 00:00:00-04:00,121.46757610263202,121.6789254738946,120.36279996244195,120.76628112792969,1106200,0.0,0.0,SandP500,GPN
2018-10-03 00:00:00-04:00,121.19858854231184,121.79420150145143,120.43004670743466,120.554931640625,894800,0.0,0.0,SandP500,GPN
2018-10-04 00:00:00-04:00,119.8344529169155,119.8344529169155,116.16467913615931,117.28866577148438,1180900,0.0,0.0,SandP500,GPN
2018-10-05 00:00:00-04:00,117.18295417317312,117.41351375587348,115.17514279114297,117.0100326538086,1331500,0.0,0.0,SandP500,GPN
2018-10-08 00:00:00-04:00,116.86596828480278,116.86596828480278,111.87046016784114,113.22501373291016,1483800,0.0,0.0,SandP500,GPN
2018-10-09 00:00:00-04:00,113.01364473818407,114.36819806847922,112.09139893705802,113.00403594970703,928300,0.0,0.0,SandP500,GPN
2018-10-10 00:00:00-04:00,112.93679135823356,113.08089387085194,108.6233687445021,108.66179656982422,1640000,0.0,0.0,SandP500,GPN
2018-10-11 00:00:00-04:00,108.00854563523885,111.42854170145793,107.1055100013842,108.34477996826172,2391300,0.0,0.0,SandP500,GPN
2018-10-12 00:00:00-04:00,110.97701610795241,113.29224310762518,110.48707782674751,112.74465942382812,2077700,0.0,0.0,SandP500,GPN
2018-10-15 00:00:00-04:00,112.15866122658991,112.4468662856824,110.54472902026205,110.90978240966797,1518200,0.0,0.0,SandP500,GPN
2018-10-16 00:00:00-04:00,111.97611825669433,115.43454925888653,111.8992699350354,115.17516326904297,1396000,0.0,0.0,SandP500,GPN
2018-10-17 00:00:00-04:00,115.35769360786931,115.51139758054546,113.68611618035698,115.17516326904297,728700,0.0,0.0,SandP500,GPN
2018-10-18 00:00:00-04:00,115.10792088769082,115.47297425019609,112.48527849715994,113.3018569946289,990600,0.0,0.0,SandP500,GPN
2018-10-19 00:00:00-04:00,113.8110236942772,114.83894434394145,111.36130262773119,111.91849517822266,962700,0.0,0.0,SandP500,GPN
2018-10-22 00:00:00-04:00,112.12022067396354,113.10971335954822,111.0250533006603,112.23550415039062,1140200,0.0,0.0,SandP500,GPN
2018-10-23 00:00:00-04:00,110.22769119700695,110.91937738922181,107.8836525037166,110.41983032226562,1154300,0.0,0.0,SandP500,GPN
2018-10-24 00:00:00-04:00,110.66958922773576,112.24509325199085,105.94307715497048,106.04875183105469,1103600,0.0,0.0,SandP500,GPN
2018-10-25 00:00:00-04:00,107.16316454643754,110.17967967026485,106.26973762572695,109.65130615234375,1919100,0.0,0.0,SandP500,GPN
2018-10-26 00:00:00-04:00,109.03647104551509,109.99714479922007,106.68282328068152,107.6338882446289,1238200,0.0,0.0,SandP500,GPN
2018-10-29 00:00:00-04:00,108.55611320328313,109.75695516349644,102.65757808106397,104.55970764160156,2580700,0.0,0.0,SandP500,GPN
2018-10-30 00:00:00-04:00,105.19376627606411,108.77708227002034,103.33005702130355,106.30815124511719,2416000,0.0,0.0,SandP500,GPN
2018-10-31 00:00:00-04:00,107.4993684993141,113.07127052523829,107.4993684993141,109.73773956298828,1811000,0.0,0.0,SandP500,GPN
2018-11-01 00:00:00-04:00,110.03557227412553,110.48709010960857,108.07579694336279,110.25652313232422,1160200,0.0,0.0,SandP500,GPN
2018-11-02 00:00:00-04:00,110.76567947964251,111.90887618771681,108.01815213763908,110.06438446044922,999600,0.0,0.0,SandP500,GPN
2018-11-05 00:00:00-05:00,108.2390901966636,109.46875120292533,106.4234177218931,107.2015609741211,1250000,0.0,0.0,SandP500,GPN
2018-11-06 00:00:00-05:00,107.21118103723792,108.77708382372691,106.72123540906247,107.7203369140625,954900,0.0,0.0,SandP500,GPN
2018-11-07 00:00:00-05:00,108.72903103710061,111.12110608818833,108.72903103710061,110.51588439941406,968700,0.0,0.0,SandP500,GPN
2018-11-08 00:00:00-05:00,109.7473531766458,110.46785839742354,108.74825172431102,109.23819732666016,662000,0.0,0.0,SandP500,GPN
2018-11-09 00:00:00-05:00,108.55611941114704,109.09409429469265,106.43303158360244,107.75875854492188,1064000,0.0,0.0,SandP500,GPN
2018-11-12 00:00:00-05:00,107.3552709262466,107.44172802903513,104.80948451223588,104.96319580078125,1091700,0.0,0.0,SandP500,GPN
2018-11-13 00:00:00-05:00,105.3570663037851,106.22167396329705,104.06976726690093,104.29071807861328,1278100,0.0,0.0,SandP500,GPN
2018-11-14 00:00:00-05:00,105.34747448693115,106.06797971423946,102.77286884817512,103.08028411865234,1112300,0.0,0.0,SandP500,GPN
2018-11-15 00:00:00-05:00,103.04187645127163,105.93349938540572,101.85063563194716,105.11692810058594,1319600,0.0,0.0,SandP500,GPN
2018-11-16 00:00:00-05:00,104.27151326349968,106.66358847160839,104.27151326349968,105.37628936767578,1080200,0.0,0.0,SandP500,GPN
2018-11-19 00:00:00-05:00,105.0784603768113,105.24178043526122,100.07335253161179,100.27509307861328,2276700,0.0,0.0,SandP500,GPN
2018-11-20 00:00:00-05:00,97.1144936911948,100.30393717742146,96.07697174161352,99.08387756347656,2052200,0.0,0.0,SandP500,GPN
2018-11-21 00:00:00-05:00,100.25587653402734,101.37986265212615,99.16070944520955,99.78514862060547,1030800,0.0,0.0,SandP500,GPN
2018-11-23 00:00:00-05:00,99.09349736432308,100.87074231059027,99.01664170637363,99.07427978515625,387300,0.0,0.0,SandP500,GPN
2018-11-26 00:00:00-05:00,100.65938618183394,102.35978268575472,100.22708596116713,102.24449920654297,1096000,0.0,0.0,SandP500,GPN
2018-11-27 00:00:00-05:00,101.72572901036322,102.52308987381251,100.70741731880895,101.87944030761719,850800,0.0,0.0,SandP500,GPN
2018-11-28 00:00:00-05:00,102.52310053426285,106.70202974888969,102.52310053426285,106.69242095947266,1355300,0.0,0.0,SandP500,GPN
2018-11-29 00:00:00-05:00,106.09680105558266,107.1919684385351,104.83831358057999,106.39460754394531,1218300,0.0,0.0,SandP500,GPN
2018-11-30 00:00:00-05:00,106.30814170969113,107.72032571335642,106.01993670441216,107.41291046142578,1391500,0.0,0.0,SandP500,GPN
2018-12-03 00:00:00-05:00,109.77616001396568,110.26610556186989,107.66268119962002,108.38318634033203,1560600,0.0,0.0,SandP500,GPN
2018-12-04 00:00:00-05:00,107.8644271322073,108.08538527794876,102.52308443507175,102.78246307373047,1382800,0.0,0.0,SandP500,GPN
2018-12-06 00:00:00-05:00,100.8130974347613,102.15803471140332,99.42011621344143,102.13882446289062,2119700,0.0,0.0,SandP500,GPN
2018-12-07 00:00:00-05:00,101.63925890117119,102.9841959333112,98.89173211375868,99.75633239746094,1143800,0.0,0.0,SandP500,GPN
2018-12-10 00:00:00-05:00,99.20877379836564,100.55371849879342,98.13282390151059,99.70832824707031,1085100,0.0,0.0,SandP500,GPN
2018-12-11 00:00:00-05:00,101.2261858006286,101.34146194859268,98.45944097975735,98.94938659667969,712400,0.0,0.0,SandP500,GPN
2018-12-12 00:00:00-05:00,100.48645713384357,102.35016626397469,100.1886506631204,100.25589752197266,995300,0.0,0.0,SandP500,GPN
2018-12-13 00:00:00-05:00,100.55375778721827,101.61059876049188,99.37201256169864,99.69866943359375,887400,0.01,0.0,SandP500,GPN
2018-12-14 00:00:00-05:00,98.507312501566,99.24710624386503,97.15263658745047,97.61380004882812,828200,0.0,0.0,SandP500,GPN
2018-12-17 00:00:00-05:00,97.18143708025322,98.85316708882303,95.03892667341798,95.7210693359375,1638000,0.0,0.0,SandP500,GPN
2018-12-18 00:00:00-05:00,96.31677113898246,97.6522350102652,95.76913492795329,97.1718521118164,1589000,0.0,0.0,SandP500,GPN
2018-12-19 00:00:00-05:00,97.19107522932022,100.24630354280345,96.31677480245936,97.36400604248047,2519400,0.0,0.0,SandP500,GPN
2018-12-20 00:00:00-05:00,96.43203541635455,97.60416316354446,93.45365651643652,94.98127746582031,1781300,0.0,0.0,SandP500,GPN
2018-12-21 00:00:00-05:00,95.12543132613652,95.3752251759656,92.06058583958989,92.49292755126953,2318200,0.0,0.0,SandP500,GPN
2018-12-24 00:00:00-05:00,91.73390440885046,93.64582593577398,91.09018587410641,91.62821960449219,619800,0.0,0.0,SandP500,GPN
2018-12-26 00:00:00-05:00,92.012535467776,97.49851451859578,92.012535467776,97.4600830078125,1419500,0.0,0.0,SandP500,GPN
2018-12-27 00:00:00-05:00,95.72109077673522,98.7090729000505,94.51053118733512,98.69947052001953,1192600,0.0,0.0,SandP500,GPN
2018-12-28 00:00:00-05:00,99.34317344442331,99.85237808542948,97.50810746488436,98.51691436767578,1476400,0.0,0.0,SandP500,GPN
2018-12-31 00:00:00-05:00,99.0549565789747,99.68906555142651,97.76753387257128,99.08377838134766,870300,0.0,0.0,SandP500,GPN
2019-01-02 00:00:00-05:00,97.5657682912379,99.41043683719002,97.41204224737794,98.02693176269531,1569900,0.0,0.0,SandP500,GPN
2019-01-03 00:00:00-05:00,96.77792751523376,97.36398782029178,94.69306047601395,94.84678649902344,1086200,0.0,0.0,SandP500,GPN
2019-01-04 00:00:00-05:00,96.48969761971408,99.2182686348636,95.99970507007002,98.71867370605469,1629900,0.0,0.0,SandP500,GPN
2019-01-07 00:00:00-05:00,98.94925112732784,101.1590150294792,98.93003903977058,100.78431701660156,1728300,0.0,0.0,SandP500,GPN
2019-01-08 00:00:00-05:00,104.35837237174408,104.35837237174408,101.26470566275313,103.44564056396484,1670200,0.0,0.0,SandP500,GPN
2019-01-09 00:00:00-05:00,103.73387463142758,105.37678311195957,103.090163366494,104.96365356445312,1010600,0.0,0.0,SandP500,GPN
2019-01-10 00:00:00-05:00,103.89720691264293,105.96285472711962,103.75309058510996,105.92442321777344,1291200,0.0,0.0,SandP500,GPN
2019-01-11 00:00:00-05:00,105.16541711018671,106.55853183240743,104.53131553287936,106.4432373046875,1334500,0.0,0.0,SandP500,GPN
2019-01-14 00:00:00-05:00,105.4920745393408,107.19262656680048,105.48246483012906,105.72265625,1678000,0.0,0.0,SandP500,GPN
2019-01-15 00:00:00-05:00,106.0973375228556,107.79788928175056,105.22303737417283,107.61534881591797,1424000,0.0,0.0,SandP500,GPN
2019-01-16 00:00:00-05:00,108.67222225304681,109.67141958330672,107.6442031210587,108.48007202148438,1623100,0.0,0.0,SandP500,GPN
2019-01-17 00:00:00-05:00,108.08614758758654,109.58493982184821,107.95164096810464,108.97966003417969,864700,0.0,0.0,SandP500,GPN
2019-01-18 00:00:00-05:00,109.383174526728,110.17100211507187,108.3935870190588,110.0941390991211,1521200,0.0,0.0,SandP500,GPN
2019-01-22 00:00:00-05:00,109.70984833665689,109.7578822283088,107.67302221503424,108.2686996459961,1663000,0.0,0.0,SandP500,GPN
2019-01-23 00:00:00-05:00,106.06851518479873,107.42319076033722,105.63616630149639,106.91398620605469,2972800,0.0,0.0,SandP500,GPN
2019-01-24 00:00:00-05:00,107.15418090656378,108.22063125633359,106.89477743259305,107.82672119140625,1305800,0.0,0.0,SandP500,GPN
2019-01-25 00:00:00-05:00,108.5184855436688,109.32553256308776,107.96124699485229,108.78750610351562,1837500,0.0,0.0,SandP500,GPN
2019-01-28 00:00:00-05:00,107.5289119154685,107.54813133725706,106.45285885728299,107.2695083618164,1101700,0.0,0.0,SandP500,GPN
2019-01-29 00:00:00-05:00,107.26950530379773,107.81714152817285,106.34717099590601,106.35677337646484,923100,0.0,0.0,SandP500,GPN
2019-01-30 00:00:00-05:00,107.2214616421942,109.64259555914933,106.94283868103325,109.21985626220703,1358400,0.0,0.0,SandP500,GPN
2019-01-31 00:00:00-05:00,108.79710530623879,109.52728928723732,107.26949136881954,107.87477111816406,1719600,0.0,0.0,SandP500,GPN
2019-02-01 00:00:00-05:00,107.69222287714284,109.52728886693903,107.69222287714284,109.29670715332031,1623700,0.0,0.0,SandP500,GPN
2019-02-04 00:00:00-05:00,109.3928036061394,110.9684590618244,109.38319389492881,110.6033706665039,1079100,0.0,0.0,SandP500,GPN
2019-02-05 00:00:00-05:00,110.77630615234375,111.18943576371393,110.34395711901489,110.77630615234375,1565500,0.0,0.0,SandP500,GPN
2019-02-06 00:00:00-05:00,110.53607886985968,110.8915574302253,109.79628529547288,109.834716796875,1541300,0.0,0.0,SandP500,GPN
2019-02-07 00:00:00-05:00,108.88357512117672,109.93080618286369,108.38397286803074,108.56652069091797,1925900,0.0,0.0,SandP500,GPN
2019-02-08 00:00:00-05:00,107.74026013835578,110.4111874907364,107.74026013835578,110.39197540283203,1181100,0.0,0.0,SandP500,GPN
2019-02-11 00:00:00-05:00,111.06452820731583,112.34234851727045,110.7859052376975,111.46804809570312,1631700,0.0,0.0,SandP500,GPN
2019-02-12 00:00:00-05:00,112.1501793971885,113.24545166982621,111.39117364157808,112.81310272216797,1685700,0.0,0.0,SandP500,GPN
2019-02-13 00:00:00-05:00,116.3006992331448,118.36633977180065,115.39757706494736,117.93399810791016,2699400,0.0,0.0,SandP500,GPN
2019-02-14 00:00:00-05:00,118.08770104128261,118.39514573390166,115.48401986715477,116.78105926513672,1507100,0.0,0.0,SandP500,GPN
2019-02-15 00:00:00-05:00,117.57849998642008,118.7314231877762,117.19419958269505,118.46240997314453,1509900,0.0,0.0,SandP500,GPN
2019-02-19 00:00:00-05:00,117.60734035615974,119.7594536089997,117.60734035615974,119.49044036865234,1102300,0.0,0.0,SandP500,GPN
2019-02-20 00:00:00-05:00,120.038074586546,120.99884033203125,119.71141042144934,120.99884033203125,1741500,0.0,0.0,SandP500,GPN
2019-02-21 00:00:00-05:00,120.99884723651333,121.79627727992303,120.49924491551839,121.65216827392578,1403100,0.0,0.0,SandP500,GPN
2019-02-22 00:00:00-05:00,122.35349417398007,122.89152787894196,121.50802310912509,122.71858978271484,710100,0.0,0.0,SandP500,GPN
2019-02-25 00:00:00-05:00,123.79464090087804,124.02521523907639,123.02602556660788,123.1893539428711,1056600,0.0,0.0,SandP500,GPN
2019-02-26 00:00:00-05:00,123.1221285019543,123.87152463546899,122.47842452041296,123.36231994628906,1054800,0.0,0.0,SandP500,GPN
2019-02-27 00:00:00-05:00,122.87232284457073,124.39033438579277,122.62252171410194,124.2077865600586,855600,0.0,0.0,SandP500,GPN
2019-02-28 00:00:00-05:00,124.51524471008258,125.83148907145991,123.79467041120508,125.26464080810547,1352600,0.0,0.0,SandP500,GPN
2019-03-01 00:00:00-05:00,126.34069521425954,126.97480412311776,125.41835365045469,126.33109283447266,782300,0.0,0.0,SandP500,GPN
2019-03-04 00:00:00-05:00,126.65775390884667,126.9748083738899,124.30388069153791,125.4183578491211,1264900,0.0,0.0,SandP500,GPN
2019-03-05 00:00:00-05:00,125.56247032435711,125.68737455524871,124.56326579746624,124.8418960571289,1043600,0.0,0.0,SandP500,GPN
2019-03-06 00:00:00-05:00,124.9668035092336,125.79304794990351,124.2846534015542,124.46720123291016,959200,0.0,0.0,SandP500,GPN
2019-03-07 00:00:00-05:00,124.42877429705537,125.00523964488812,123.59291273680837,124.77465057373047,1732200,0.0,0.0,SandP500,GPN
2019-03-08 00:00:00-05:00,123.28546170238019,125.27423907878699,123.09329683421853,125.20699310302734,1078500,0.0,0.0,SandP500,GPN
2019-03-11 00:00:00-04:00,125.37992927205893,126.8114755046098,125.36070985239385,126.71539306640625,843400,0.0,0.0,SandP500,GPN
2019-03-12 00:00:00-04:00,127.09969349897688,127.30146075515562,125.98521638047336,126.71539306640625,973900,0.0,0.0,SandP500,GPN
2019-03-13 00:00:00-04:00,127.23420917364257,129.21339905662444,126.83068929268204,127.78185272216797,1198700,0.0,0.0,SandP500,GPN
2019-03-14 00:00:00-04:00,127.58005389017222,128.3391240337287,126.80177754489173,127.16690063476562,1005200,0.01,0.0,SandP500,GPN
2019-03-15 00:00:00-04:00,126.99395311368161,129.24231045148244,126.99395311368161,128.86758422851562,1232100,0.0,0.0,SandP500,GPN
2019-03-18 00:00:00-04:00,129.71313668649526,131.75972642358533,128.08931803699423,128.7907257080078,1134400,0.0,0.0,SandP500,GPN
2019-03-19 00:00:00-04:00,129.05975330650813,130.3472725692368,128.80032296928815,129.0885772705078,1025900,0.0,0.0,SandP500,GPN
2019-03-20 00:00:00-04:00,129.10780074649128,129.5305718233489,127.25339039535865,128.13735961914062,1224300,0.0,0.0,SandP500,GPN
2019-03-21 00:00:00-04:00,127.16692696573222,131.31773988709594,127.16692696573222,130.81809997558594,665600,0.0,0.0,SandP500,GPN
2019-03-22 00:00:00-04:00,130.27039914148506,131.02945460183128,128.68500787181668,128.7522735595703,699500,0.0,0.0,SandP500,GPN
2019-03-25 00:00:00-04:00,128.39678053916626,128.55050346934158,127.0515986062605,127.69535827636719,795500,0.0,0.0,SandP500,GPN
2019-03-26 00:00:00-04:00,128.70421222177578,129.5209301645089,128.15654233431667,129.4152374267578,791500,0.0,0.0,SandP500,GPN
2019-03-27 00:00:00-04:00,129.5978209276756,130.71238175158942,127.63770339709416,128.74267578125,685800,0.0,0.0,SandP500,GPN
2019-03-28 00:00:00-04:00,129.27114224294706,130.04943336350487,128.70425132333722,129.8572540283203,1141900,0.0,0.0,SandP500,GPN
2019-03-29 00:00:00-04:00,130.62589938669586,131.42339654085467,130.0494054883839,131.173583984375,862800,0.0,0.0,SandP500,GPN
2019-04-01 00:00:00-04:00,132.48029939551608,133.45074014047526,132.22086912581096,133.22975158691406,872100,0.0,0.0,SandP500,GPN
2019-04-02 00:00:00-04:00,133.2970226473184,133.70057276021316,132.8454277126269,133.36428833007812,788900,0.0,0.0,SandP500,GPN
2019-04-03 00:00:00-04:00,133.60448954763987,133.94077395705935,132.18245380962594,132.4034423828125,1066900,0.0,0.0,SandP500,GPN
2019-04-04 00:00:00-04:00,132.4322911781656,133.07605081989703,129.8092077833924,130.3760986328125,1684300,0.0,0.0,SandP500,GPN
2019-04-05 00:00:00-04:00,130.61630015992097,131.56752025177178,130.38569379702452,131.5386962890625,802100,0.0,0.0,SandP500,GPN
2019-04-08 00:00:00-04:00,131.35618093987094,131.35618093987094,129.69392049814843,131.27931213378906,875600,0.0,0.0,SandP500,GPN
2019-04-09 00:00:00-04:00,130.61629044978912,131.69242407419424,130.59706958900446,131.32730102539062,520800,0.0,0.0,SandP500,GPN
2019-04-10 00:00:00-04:00,131.25047191721958,132.04795452649756,131.20242708671248,131.68284606933594,857700,0.0,0.0,SandP500,GPN
2019-04-11 00:00:00-04:00,132.07678307617093,132.20168203249088,131.0102524296754,131.70205688476562,707600,0.0,0.0,SandP500,GPN
2019-04-12 00:00:00-04:00,132.47071081884633,133.7294060672966,132.30737014229848,133.69097900390625,746300,0.0,0.0,SandP500,GPN
2019-04-15 00:00:00-04:00,133.51806244300641,133.854346965192,132.67252026384224,132.8935089111328,781800,0.0,0.0,SandP500,GPN
2019-04-16 00:00:00-04:00,133.7390503082059,134.34438297031534,132.90312589765483,133.383544921875,724100,0.0,0.0,SandP500,GPN
2019-04-17 00:00:00-04:00,133.94081818716532,134.00808388799393,132.92233220086123,133.21058654785156,735300,0.0,0.0,SandP500,GPN
2019-04-18 00:00:00-04:00,133.10487122606418,134.34436030976732,132.8262346899546,134.20022583007812,796500,0.0,0.0,SandP500,GPN
2019-04-22 00:00:00-04:00,133.90237675260715,135.1995138443089,133.53725364150398,135.07460021972656,663900,0.0,0.0,SandP500,GPN
2019-04-23 00:00:00-04:00,135.45893303334236,138.4855814384341,135.1898995743863,138.08203125,973100,0.0,0.0,SandP500,GPN
2019-04-24 00:00:00-04:00,137.20767177391286,137.82260751840693,136.79450380272368,137.2941436767578,807200,0.0,0.0,SandP500,GPN
2019-04-25 00:00:00-04:00,137.07310804145632,138.20688947551955,136.84250171837687,137.8129425048828,780100,0.0,0.0,SandP500,GPN
2019-04-26 00:00:00-04:00,138.360644729915,139.22539289498837,137.43823398077814,139.21578979492188,569900,0.0,0.0,SandP500,GPN
2019-04-29 00:00:00-04:00,139.62895181102527,140.18622481589955,138.63927541933813,139.6865997314453,875000,0.0,0.0,SandP500,GPN
2019-04-30 00:00:00-04:00,140.33035799705038,141.7235698189587,139.0043971946112,140.34957885742188,1147500,0.0,0.0,SandP500,GPN
2019-05-01 00:00:00-04:00,141.15675029047281,141.64677251807092,138.41835542387437,138.4375762939453,1739600,0.0,0.0,SandP500,GPN
2019-05-02 00:00:00-04:00,138.39911363296966,140.6186619619639,136.49665829791476,138.67776489257812,1814700,0.0,0.0,SandP500,GPN
2019-05-03 00:00:00-04:00,139.6290060754261,140.74356717955044,138.72581587458063,140.186279296875,807700,0.0,0.0,SandP500,GPN
2019-05-06 00:00:00-04:00,137.39980241878516,141.98300273048372,137.39980241878516,141.55062866210938,952300,0.0,0.0,SandP500,GPN
2019-05-07 00:00:00-04:00,140.87809849274282,141.9446295288892,137.40947184917016,138.55287170410156,774700,0.0,0.0,SandP500,GPN
2019-05-08 00:00:00-04:00,138.25497163874718,139.98448287598427,138.23575077466023,139.40797424316406,598000,0.0,0.0,SandP500,GPN
2019-05-09 00:00:00-04:00,137.7072750133396,140.40722677731563,137.06350081127076,140.34957885742188,581500,0.0,0.0,SandP500,GPN
2019-05-10 00:00:00-04:00,139.35992567035552,141.27199841200158,137.94750741420827,141.13748168945312,881900,0.0,0.0,SandP500,GPN
2019-05-13 00:00:00-04:00,138.11089616389134,138.85073106475775,137.42869455134695,137.97637939453125,919400,0.0,0.0,SandP500,GPN
2019-05-14 00:00:00-04:00,138.56244807039715,142.06950074492042,138.56244807039715,141.04139709472656,1067500,0.0,0.0,SandP500,GPN
2019-05-15 00:00:00-04:00,140.07097328535937,143.22252099586842,140.07097328535937,142.41542053222656,872800,0.0,0.0,SandP500,GPN
2019-05-16 00:00:00-04:00,143.20327762761332,146.27797071093545,143.03033383881862,145.47085571289062,835100,0.0,0.0,SandP500,GPN
2019-05-17 00:00:00-04:00,144.39474080780917,145.4420507623582,143.9047186809383,143.94314575195312,844700,0.0,0.0,SandP500,GPN
2019-05-20 00:00:00-04:00,142.3673797259082,143.86628481830465,141.6851928841968,142.72288513183594,692800,0.0,0.0,SandP500,GPN
2019-05-21 00:00:00-04:00,144.04881195780632,145.01925293012863,143.77977852664327,144.59649658203125,566800,0.0,0.0,SandP500,GPN
2019-05-22 00:00:00-04:00,144.3755332310019,145.72071541994237,143.9719829726877,144.721435546875,567300,0.0,0.0,SandP500,GPN
2019-05-23 00:00:00-04:00,143.80858217951032,143.80858217951032,141.68513899335574,142.16555786132812,661700,0.0,0.0,SandP500,GPN
2019-05-24 00:00:00-04:00,145.85521076959796,152.51381104652424,145.56695643846504,147.4309844970703,5332600,0.0,0.0,SandP500,GPN
2019-05-28 00:00:00-04:00,142.04069759889518,149.1605114143563,142.04069759889518,143.0399627685547,7709400,0.0,0.0,SandP500,GPN
2019-05-29 00:00:00-04:00,142.20402593549852,142.77091684452046,139.52329432995057,141.88694763183594,3366200,0.0,0.0,SandP500,GPN
2019-05-30 00:00:00-04:00,142.87660784638942,147.76726975381024,142.30011384240328,146.94094848632812,2985600,0.0,0.0,SandP500,GPN
2019-05-31 00:00:00-04:00,145.49968907852534,148.43986562901068,144.90397421922313,148.00747680664062,2894000,0.0,0.0,SandP500,GPN
2019-06-03 00:00:00-04:00,147.88259498635873,148.27654212471208,141.68519219469746,143.0399627685547,2418000,0.0,0.0,SandP500,GPN
2019-06-04 00:00:00-04:00,144.49084773225758,147.42139240222562,143.39549281221406,147.18118286132812,2274400,0.0,0.0,SandP500,GPN
2019-06-05 00:00:00-04:00,148.43020657163927,150.9572144615721,147.19073236635492,150.9283905029297,2237600,0.0,0.0,SandP500,GPN
2019-06-06 00:00:00-04:00,150.64018039315079,151.9276997938249,148.92988992688836,151.6202392578125,1709900,0.0,0.0,SandP500,GPN
2019-06-07 00:00:00-04:00,152.6964014792977,154.75259459364588,151.80282901120003,154.6084747314453,1469700,0.0,0.0,SandP500,GPN
2019-06-10 00:00:00-04:00,155.99202829457624,156.43400548815922,154.0607348640615,154.1664276123047,1483700,0.0,0.0,SandP500,GPN
2019-06-11 00:00:00-04:00,155.0696105698052,155.37708570044376,151.25508336499522,152.71556091308594,1129600,0.0,0.0,SandP500,GPN
2019-06-12 00:00:00-04:00,152.63867712540153,153.5226460472577,152.1486551779914,152.4849395751953,1187800,0.0,0.0,SandP500,GPN
2019-06-13 00:00:00-04:00,153.74375170572466,153.74375170572466,151.37993507190458,151.9853057861328,1364100,0.01,0.0,SandP500,GPN
2019-06-14 00:00:00-04:00,151.77392268296623,153.14801523055027,151.50487226257113,152.6002960205078,963400,0.0,0.0,SandP500,GPN
2019-06-17 00:00:00-04:00,153.2248767449604,154.28185626651685,152.6963796531086,153.57080078125,1060400,0.0,0.0,SandP500,GPN
2019-06-18 00:00:00-04:00,154.75270999105402,155.2235408833348,152.11023905400828,152.58106994628906,1165800,0.0,0.0,SandP500,GPN
2019-06-19 00:00:00-04:00,152.39852645455267,154.8488061971139,151.57215305780733,154.60858154296875,1034800,0.0,0.0,SandP500,GPN
2019-06-20 00:00:00-04:00,156.58799571246112,157.06844486949694,153.78215973268453,155.43490600585938,1174600,0.0,0.0,SandP500,GPN
2019-06-21 00:00:00-04:00,155.05059761505836,155.3388701255036,154.2434463155309,154.74310302734375,1028400,0.0,0.0,SandP500,GPN
2019-06-24 00:00:00-04:00,155.3196512143713,155.3196512143713,153.68612650474807,153.91673278808594,838600,0.0,0.0,SandP500,GPN
2019-06-25 00:00:00-04:00,154.1953926456857,154.36834734814914,151.4376184784301,151.64901733398438,1488200,0.0,0.0,SandP500,GPN
2019-06-26 00:00:00-04:00,152.49458698809383,153.19603877835723,151.62016584581568,152.4369354248047,1053500,0.0,0.0,SandP500,GPN
2019-06-27 00:00:00-04:00,152.6675590335922,154.2338136251205,152.6675590335922,153.48431396484375,1032000,0.0,0.0,SandP500,GPN
2019-06-28 00:00:00-04:00,154.06087490844953,154.26265540444632,152.58108284777734,153.8686981201172,1514600,0.0,0.0,SandP500,GPN
2019-07-01 00:00:00-04:00,156.19404956531693,156.41505210848888,154.3587299647725,156.29013061523438,1060000,0.0,0.0,SandP500,GPN
2019-07-02 00:00:00-04:00,156.46310344102278,157.4240019344304,155.07940726457218,155.6943817138672,1308500,0.0,0.0,SandP500,GPN
2019-07-03 00:00:00-04:00,156.18443575188596,157.52970244928844,155.97305157104378,156.61685180664062,606300,0.0,0.0,SandP500,GPN
2019-07-05 00:00:00-04:00,155.57909064538686,156.14601728152414,153.9167255661966,156.13641357421875,955600,0.0,0.0,SandP500,GPN
2019-07-08 00:00:00-04:00,155.64634420987835,157.1069141224118,155.16589493121654,156.62646484375,1019400,0.0,0.0,SandP500,GPN
2019-07-09 00:00:00-04:00,156.13637182897267,158.46174398207887,155.86732147487078,158.33682250976562,1646000,0.0,0.0,SandP500,GPN
2019-07-10 00:00:00-04:00,159.19204770776966,159.63406745515422,156.52075113510918,157.4720458984375,1047300,0.0,0.0,SandP500,GPN
2019-07-11 00:00:00-04:00,157.97168175176992,158.9421984621413,156.77055882281138,157.71224975585938,897500,0.0,0.0,SandP500,GPN
2019-07-12 00:00:00-04:00,158.17351695219216,158.4906152452791,155.73284099318047,157.79876708984375,1265700,0.0,0.0,SandP500,GPN
2019-07-15 00:00:00-04:00,158.59629326927768,159.64366906855184,157.6930463737029,159.4514923095703,1113000,0.0,0.0,SandP500,GPN
2019-07-16 00:00:00-04:00,159.26893901254613,159.50916365660729,157.62579599582241,158.288818359375,850900,0.0,0.0,SandP500,GPN
2019-07-17 00:00:00-04:00,158.32728033679373,159.1248280043179,157.60660632348097,158.64437866210938,836700,0.0,0.0,SandP500,GPN
2019-07-18 00:00:00-04:00,158.9518412745569,160.82559057230685,158.59631349200012,160.77755737304688,1132000,0.0,0.0,SandP500,GPN
2019-07-19 00:00:00-04:00,161.65196337623118,162.22850838683743,158.20234100642867,158.288818359375,1190000,0.0,0.0,SandP500,GPN
2019-07-22 00:00:00-04:00,158.83652137073202,160.11451810613005,156.78980292038403,156.8282470703125,1385700,0.0,0.0,SandP500,GPN
2019-07-23 00:00:00-04:00,157.54891445610752,158.3272398454889,156.41504667415762,158.2503662109375,1501200,0.0,0.0,SandP500,GPN
2019-07-24 00:00:00-04:00,158.0197425853898,158.1734898518443,154.52207291535476,155.55984497070312,1859100,0.0,0.0,SandP500,GPN
2019-07-25 00:00:00-04:00,155.11785826286274,159.6148714599194,153.27293465914573,158.86537170410156,1919300,0.0,0.0,SandP500,GPN
2019-07-26 00:00:00-04:00,160.70070023328628,164.217578252543,160.22025089414817,163.00685119628906,2323600,0.0,0.0,SandP500,GPN
2019-07-29 00:00:00-04:00,162.76656922165216,165.46669121103494,162.23807220223765,164.7460174560547,2510300,0.0,0.0,SandP500,GPN
2019-07-30 00:00:00-04:00,162.46867940614283,164.51539738988737,159.72050979866393,160.81593322753906,2236600,0.0,0.0,SandP500,GPN
2019-07-31 00:00:00-04:00,160.73910572442435,163.62180132875355,158.62513188034586,161.3540802001953,1498500,0.0,0.0,SandP500,GPN
2019-08-01 00:00:00-04:00,157.88523707547705,160.05687716397105,156.83786118370944,158.45216369628906,2382100,0.0,0.0,SandP500,GPN
2019-08-02 00:00:00-04:00,157.79876085677057,157.8756345001323,153.00387181988938,155.1658935546875,1421700,0.0,0.0,SandP500,GPN
2019-08-05 00:00:00-04:00,152.5714364765748,152.5714364765748,145.03799704818866,147.57476806640625,2430300,0.0,0.0,SandP500,GPN
2019-08-06 00:00:00-04:00,149.2659428609843,149.67913676663966,146.30637424913803,148.372314453125,2378900,0.0,0.0,SandP500,GPN
2019-08-07 00:00:00-04:00,146.83487806195265,152.55222045003254,145.23978324353436,151.697021484375,1989900,0.0,0.0,SandP500,GPN
2019-08-08 00:00:00-04:00,152.26399374272867,154.77193959508935,150.88029745699194,154.10891723632812,1743000,0.0,0.0,SandP500,GPN
2019-08-09 00:00:00-04:00,153.79182833707807,155.09865105758666,152.38890988891387,153.81105041503906,1374000,0.0,0.0,SandP500,GPN
2019-08-12 00:00:00-04:00,152.35046750265295,152.6963915659303,149.70799649938513,150.03469848632812,1201100,0.0,0.0,SandP500,GPN
2019-08-13 00:00:00-04:00,149.08339991064898,153.17683700053811,148.775920007746,152.58106994628906,938200,0.0,0.0,SandP500,GPN
2019-08-14 00:00:00-04:00,150.0730970637864,150.43824312818288,147.68046955927002,147.9302978515625,1322900,0.0,0.0,SandP500,GPN
2019-08-15 00:00:00-04:00,149.12183100535154,150.83222905277896,147.97835951768053,150.21725463867188,1426900,0.0,0.0,SandP500,GPN
2019-08-16 00:00:00-04:00,151.9853016520111,152.8405006611262,150.93792589092052,151.58172607421875,1547900,0.0,0.0,SandP500,GPN
2019-08-19 00:00:00-04:00,153.7437508856231,154.89682608483594,147.97836022741222,153.24407958984375,1242000,0.0,0.0,SandP500,GPN
2019-08-20 00:00:00-04:00,152.91739452165018,155.5982950223704,151.8604002527507,154.85841369628906,1459600,0.0,0.0,SandP500,GPN
2019-08-21 00:00:00-04:00,155.66555631656072,156.55918487980648,154.16655700908558,156.23248291015625,999200,0.0,0.0,SandP500,GPN
2019-08-22 00:00:00-04:00,156.82824998394392,157.03963416388885,153.94555449593585,155.9250030517578,922500,0.0,0.0,SandP500,GPN
2019-08-23 00:00:00-04:00,155.68477038112945,156.7897977295598,151.0916769806042,151.83155822753906,1117900,0.0,0.0,SandP500,GPN
2019-08-26 00:00:00-04:00,153.29213967646078,153.82063679473117,152.1582864610332,153.7629852294922,722300,0.0,0.0,SandP500,GPN
2019-08-27 00:00:00-04:00,154.118476967894,156.1651950283869,153.60920204445168,155.87692260742188,1793400,0.0,0.0,SandP500,GPN
2019-08-28 00:00:00-04:00,155.3196102046707,157.29905847880778,153.6956896315742,157.03961181640625,1650800,0.0,0.0,SandP500,GPN
2019-08-29 00:00:00-04:00,158.6827666464084,160.2298137100952,158.3560646980886,159.12478637695312,1919300,0.0,0.0,SandP500,GPN
2019-08-30 00:00:00-04:00,160.09525399702926,160.6525767274853,158.55781097079583,159.48988342285156,1583000,0.0,0.0,SandP500,GPN
2019-09-03 00:00:00-04:00,158.6058810982569,162.10355054531578,158.34643443542294,160.7102508544922,3426100,0.0,0.0,SandP500,GPN
2019-09-04 00:00:00-04:00,161.87298495248967,163.24706291558792,161.15231100095306,163.20863342285156,1452000,0.0,0.0,SandP500,GPN
2019-09-05 00:00:00-04:00,165.4570739587475,168.61842278707272,164.9381806868463,168.00344848632812,2711400,0.0,0.0,SandP500,GPN
2019-09-06 00:00:00-04:00,167.80169233308106,169.070070597137,166.37955214391903,167.55184936523438,1847800,0.0,0.0,SandP500,GPN
2019-09-09 00:00:00-04:00,168.4166615935665,169.0316359645316,162.83384440390046,164.12144470214844,2686100,0.0,0.0,SandP500,GPN
2019-09-10 00:00:00-04:00,163.05489974891208,163.05489974891208,157.41442917557876,158.79811096191406,2614800,0.0,0.0,SandP500,GPN
2019-09-11 00:00:00-04:00,158.1735234426145,160.63342157970135,156.6649055616741,159.1728515625,2075800,0.0,0.0,SandP500,GPN
2019-09-12 00:00:00-04:00,160.74881078451568,163.02627311972077,160.40286583940565,161.4695281982422,2428000,0.01,0.0,SandP500,GPN
2019-09-13 00:00:00-04:00,161.24849778955115,162.00764694530804,159.42267170789287,160.97943115234375,2341600,0.0,0.0,SandP500,GPN
2019-09-16 00:00:00-04:00,159.77824142979702,161.34459055461278,158.48094428902257,159.5956573486328,1312300,0.0,0.0,SandP500,GPN
2019-09-17 00:00:00-04:00,160.52777890406813,164.86168724184654,155.857529941484,157.34701538085938,10914000,0.0,0.0,SandP500,GPN
2019-09-18 00:00:00-04:00,157.83708026262013,159.22085975073344,155.23288210609718,157.9331817626953,3500300,0.0,0.0,SandP500,GPN
2019-09-19 00:00:00-04:00,157.67376297432438,159.85513859361063,156.16505405218703,156.3284149169922,3066200,0.0,0.0,SandP500,GPN
2019-09-20 00:00:00-04:00,156.66475150371264,157.54882980587104,153.52241935259306,155.30979919433594,5203900,0.0,0.0,SandP500,GPN
2019-09-23 00:00:00-04:00,154.16624124075844,155.1848674277782,152.71520223283713,153.4263153076172,3030600,0.0,0.0,SandP500,GPN
2019-09-24 00:00:00-04:00,154.9254364908581,156.86657308219202,152.7632839696753,154.3104248046875,3529700,0.0,0.0,SandP500,GPN
2019-09-25 00:00:00-04:00,153.63772120041486,154.45452538127992,151.6004835650707,154.3199920654297,2426700,0.0,0.0,SandP500,GPN
2019-09-26 00:00:00-04:00,154.48334566648697,154.64670649500908,152.99387497612906,153.77224731445312,2308800,0.0,0.0,SandP500,GPN
2019-09-27 00:00:00-04:00,154.40650051437737,154.40650051437737,149.37109728000004,150.7164306640625,2436200,0.0,0.0,SandP500,GPN
2019-09-30 00:00:00-04:00,151.3986846260132,153.16684089308612,150.13983408083595,152.7920684814453,2183300,0.0,0.0,SandP500,GPN
2019-10-01 00:00:00-04:00,153.0899822658134,154.16624888596053,151.80230403627556,151.94644165039062,2573200,0.0,0.0,SandP500,GPN
2019-10-02 00:00:00-04:00,150.8894090712917,151.32183660763496,148.51584510201195,150.649169921875,2817500,0.0,0.0,SandP500,GPN
2019-10-03 00:00:00-04:00,150.2743995795527,152.5806895816476,147.7759065247547,152.36927795410156,1904100,0.0,0.0,SandP500,GPN
2019-10-04 00:00:00-04:00,153.13801505030534,154.69475975215724,152.05212960798426,154.5602264404297,1281100,0.0,0.0,SandP500,GPN
2019-10-07 00:00:00-04:00,153.44548906718302,154.3872367624855,152.14820690970015,153.9451904296875,1737500,0.0,0.0,SandP500,GPN
2019-10-08 00:00:00-04:00,152.54224115813685,153.28216711094092,150.55305415093542,151.369873046875,1609200,0.0,0.0,SandP500,GPN
2019-10-09 00:00:00-04:00,152.44610557388472,155.37702519704303,151.87914488074097,154.80044555664062,1343400,0.0,0.0,SandP500,GPN
2019-10-10 00:00:00-04:00,154.3392202415916,155.521192601765,153.7626404906117,154.84852600097656,1619800,0.0,0.0,SandP500,GPN
2019-10-11 00:00:00-04:00,156.73203133087048,159.21128651876373,156.37646740892006,156.55905151367188,1261300,0.0,0.0,SandP500,GPN
2019-10-14 00:00:00-04:00,156.84735166103312,158.0197199924839,156.25156320712824,157.73143005371094,1659200,0.0,0.0,SandP500,GPN
2019-10-15 00:00:00-04:00,158.53858888887694,158.73077724369276,156.34760938530704,158.42327880859375,2026300,0.0,0.0,SandP500,GPN
2019-10-16 00:00:00-04:00,157.94279634443538,158.59623966585053,155.98245171715874,158.3367919921875,1756800,0.0,0.0,SandP500,GPN
2019-10-17 00:00:00-04:00,158.93259727083594,160.31637699714122,156.48215522742305,156.86654663085938,1881400,0.0,0.0,SandP500,GPN
2019-10-18 00:00:00-04:00,156.70319003794717,156.70319003794717,152.82091740450628,153.8779754638672,1879100,0.0,0.0,SandP500,GPN
2019-10-21 00:00:00-04:00,154.8388814259353,155.38661885011638,153.14758908341787,155.05029296875,1076100,0.0,0.0,SandP500,GPN
2019-10-22 00:00:00-04:00,155.05036328067246,156.00170099172087,148.90023184598172,149.07321166992188,2455700,0.0,0.0,SandP500,GPN
2019-10-23 00:00:00-04:00,149.11162783063202,150.72604247810406,148.4966162180316,150.16868591308594,2430900,0.0,0.0,SandP500,GPN
2019-10-24 00:00:00-04:00,151.1584550324169,155.2521242988315,151.1584550324169,154.9446258544922,1255900,0.0,0.0,SandP500,GPN
2019-10-25 00:00:00-04:00,154.47376486464657,155.57885902801394,153.3974982246343,155.0407257080078,1048500,0.0,0.0,SandP500,GPN
2019-10-28 00:00:00-04:00,155.82869466025255,156.3668279027161,153.7818528187819,155.86712646484375,1481700,0.0,0.0,SandP500,GPN
2019-10-29 00:00:00-04:00,155.703777161253,157.0106785595662,155.13681635761807,156.82809448242188,1580600,0.0,0.0,SandP500,GPN
2019-10-30 00:00:00-04:00,157.27970718413914,159.47068625421804,156.5493857151224,159.07669067382812,1999500,0.0,0.0,SandP500,GPN
2019-10-31 00:00:00-04:00,162.73800626296315,167.31215440554806,161.9500148117977,162.5746307373047,4211900,0.0,0.0,SandP500,GPN
2019-11-01 00:00:00-04:00,163.94878011185654,166.0340538435885,160.9890324936793,165.620849609375,2101800,0.0,0.0,SandP500,GPN
2019-11-04 00:00:00-05:00,166.17819175580735,166.2358614597178,162.44007175417792,162.66110229492188,1631500,0.0,0.0,SandP500,GPN
2019-11-05 00:00:00-05:00,162.7379803944974,163.15118462903575,158.29835163222577,160.028076171875,1592800,0.0,0.0,SandP500,GPN
2019-11-06 00:00:00-05:00,159.04791370321996,160.64310509927367,158.14462686094495,160.5373992919922,1183500,0.0,0.0,SandP500,GPN
2019-11-07 00:00:00-05:00,160.91214772768242,163.63165612426388,160.04729282493872,162.39202880859375,1264300,0.0,0.0,SandP500,GPN
2019-11-08 00:00:00-05:00,162.42088053517503,163.67973127229098,161.48875150663218,163.61245727539062,912900,0.0,0.0,SandP500,GPN
2019-11-11 00:00:00-05:00,162.45926236998739,165.4286136833026,162.15176399269717,165.27487182617188,976500,0.0,0.0,SandP500,GPN
2019-11-12 00:00:00-05:00,165.5728171261749,166.82206357852408,164.1794330559918,165.14999389648438,1397100,0.0,0.0,SandP500,GPN
2019-11-13 00:00:00-05:00,164.66948632630482,166.89889750939705,164.3908154270548,166.8028106689453,1668800,0.0,0.0,SandP500,GPN
2019-11-14 00:00:00-05:00,166.60102341236993,170.6370524355171,166.50493656036272,170.5697784423828,2454400,0.0,0.0,SandP500,GPN
2019-11-15 00:00:00-05:00,171.6941054463084,172.53013295467008,170.4352547088336,172.23223876953125,2452100,0.0,0.0,SandP500,GPN
2019-11-18 00:00:00-05:00,172.6646284939029,173.3373096637332,171.8862562029605,172.61659240722656,1701100,0.0,0.0,SandP500,GPN
2019-11-19 00:00:00-05:00,173.46226660652738,174.75956385196938,172.72234059889243,174.62503051757812,1782300,0.0,0.0,SandP500,GPN
2019-11-20 00:00:00-05:00,174.36553585921652,174.82679082559912,171.82861154956575,173.4622344970703,1279800,0.0,0.0,SandP500,GPN
2019-11-21 00:00:00-05:00,173.01060596723823,174.27907561598636,171.06948434795936,171.42503356933594,1168400,0.0,0.0,SandP500,GPN
2019-11-22 00:00:00-05:00,172.1457090654896,172.73189298843886,170.03160816179746,171.67483520507812,1149700,0.0,0.0,SandP500,GPN
2019-11-25 00:00:00-05:00,173.71209966448745,174.44242127977583,172.08808093573694,172.6358184814453,1262200,0.0,0.0,SandP500,GPN
2019-11-26 00:00:00-05:00,172.70312508121987,174.24066153987388,172.43405840041058,173.47189331054688,2291200,0.0,0.0,SandP500,GPN
2019-11-27 00:00:00-05:00,173.83704237568548,175.01902954631655,172.76077568018468,173.9907989501953,1044000,0.0,0.0,SandP500,GPN
2019-11-29 00:00:00-05:00,173.4141938289828,174.95171523067455,172.97214744489017,174.02920532226562,707400,0.0,0.0,SandP500,GPN
2019-12-02 00:00:00-05:00,173.6064278572343,173.98120035546805,170.23346071009607,171.1175537109375,1022500,0.0,0.0,SandP500,GPN
2019-12-03 00:00:00-05:00,167.45629351630024,170.73315907428375,165.64970506104973,170.492919921875,1392000,0.0,0.0,SandP500,GPN
2019-12-04 00:00:00-05:00,170.53134829733938,171.48268585556104,168.98420773351938,169.09951782226562,1141900,0.0,0.0,SandP500,GPN
2019-12-05 00:00:00-05:00,169.84905981036565,170.8868945803691,169.00341340598524,170.01242065429688,1068800,0.0,0.0,SandP500,GPN
2019-12-06 00:00:00-05:00,170.608204963595,171.7709687421994,169.47428336903474,169.7625732421875,977800,0.0,0.0,SandP500,GPN
2019-12-09 00:00:00-05:00,169.33973488024722,171.30969839678124,168.05205684695343,168.34033203125,1827000,0.0,0.0,SandP500,GPN
2019-12-10 00:00:00-05:00,167.485104256054,168.99381302023332,166.75478258461715,167.1872100830078,2535700,0.0,0.0,SandP500,GPN
2019-12-11 00:00:00-05:00,167.1199714738411,168.28272078784337,165.47672918056395,168.15780639648438,1380800,0.0,0.0,SandP500,GPN
2019-12-12 00:00:00-05:00,168.12409160467337,168.96106636288658,166.4213117670247,168.42233276367188,1718700,0.195,0.0,SandP500,GPN
2019-12-13 00:00:00-05:00,168.7109531909617,172.31856049027957,168.3453922999505,172.13577270507812,1721000,0.0,0.0,SandP500,GPN
2019-12-16 00:00:00-05:00,172.87655059476947,173.7712448990804,172.15502908587695,172.4917449951172,2193400,0.0,0.0,SandP500,GPN
2019-12-17 00:00:00-05:00,172.82842385115043,174.1079235894737,171.24108260883608,173.61729431152344,2656000,0.0,0.0,SandP500,GPN
2019-12-18 00:00:00-05:00,173.4537330813334,175.88766389404827,173.4537330813334,174.38690185546875,2917900,0.0,0.0,SandP500,GPN
2019-12-19 00:00:00-05:00,174.08871475363512,176.75352360299772,173.96364632900628,176.4264373779297,2789600,0.0,0.0,SandP500,GPN
2019-12-20 00:00:00-05:00,177.84059460947316,178.3793282374692,174.88715997682215,176.484130859375,3715400,0.0,0.0,SandP500,GPN
2019-12-23 00:00:00-05:00,177.01322916791375,177.01322916791375,175.18538104282666,175.33929443359375,1190100,0.0,0.0,SandP500,GPN
2019-12-24 00:00:00-05:00,175.24315113990747,176.24365452683276,174.3869461859161,175.89732360839844,434000,0.0,0.0,SandP500,GPN
2019-12-26 00:00:00-05:00,176.17629790946873,176.83047029537215,175.10844560239252,176.5226287841797,528500,0.0,0.0,SandP500,GPN
2019-12-27 00:00:00-05:00,176.9651366379489,177.14792439855137,175.57981327274038,175.9453887939453,922500,0.0,0.0,SandP500,GPN
2019-12-30 00:00:00-05:00,175.8395608399402,176.10892763453535,173.5306984064421,174.4638671875,787100,0.0,0.0,SandP500,GPN
2019-12-31 00:00:00-05:00,173.95400940580373,175.82996214187233,173.7519769514314,175.6279296875,1235500,0.0,0.0,SandP500,GPN
2020-01-02 00:00:00-05:00,176.9651219824639,179.58184041573256,176.63803584815244,178.61981201171875,1816400,0.0,0.0,SandP500,GPN
2020-01-03 00:00:00-05:00,176.19552036119785,178.7545197880444,175.3489452321542,177.39805603027344,1310900,0.0,0.0,SandP500,GPN
2020-01-06 00:00:00-05:00,177.13833318097053,180.86137921528407,176.58996982553958,180.83251953125,1533000,0.0,0.0,SandP500,GPN
2020-01-07 00:00:00-05:00,181.092254337472,182.400613715085,180.0628767724176,180.25527954101562,1520500,0.0,0.0,SandP500,GPN
2020-01-08 00:00:00-05:00,180.30339718018237,183.76670598753896,180.30339718018237,181.688720703125,1325800,0.0,0.0,SandP500,GPN
2020-01-09 00:00:00-05:00,183.21834426142246,184.69024684770054,183.09329052518527,184.10340881347656,1045200,0.0,0.0,SandP500,GPN
2020-01-10 00:00:00-05:00,184.7960816505374,185.65228657017877,182.7950602775726,183.208740234375,1336300,0.0,0.0,SandP500,GPN
2020-01-13 00:00:00-05:00,184.30546868638558,186.1718067999608,183.83406931686187,185.9601593017578,1207400,0.0,0.0,SandP500,GPN
2020-01-14 00:00:00-05:00,186.34494797693708,186.89331135768816,183.93987633376702,184.0457000732422,1418000,0.0,0.0,SandP500,GPN
2020-01-15 00:00:00-05:00,184.88265551439164,187.73026672501044,184.61328867169158,186.99913024902344,1754400,0.0,0.0,SandP500,GPN
2020-01-16 00:00:00-05:00,188.41329691967104,188.86545151139538,185.9216318250441,188.50949096679688,1490200,0.0,0.0,SandP500,GPN
2020-01-17 00:00:00-05:00,189.02898377538756,191.77075617137115,188.5479695291389,191.07809448242188,1854600,0.0,0.0,SandP500,GPN
2020-01-21 00:00:00-05:00,189.67351145038526,192.7423842103684,189.67351145038526,191.24160766601562,1631200,0.0,0.0,SandP500,GPN
2020-01-22 00:00:00-05:00,192.42493474474625,193.8872074200839,191.68416872776507,192.46340942382812,1443300,0.0,0.0,SandP500,GPN
2020-01-23 00:00:00-05:00,192.68467525424467,192.74240929296909,190.92417607696976,192.1940460205078,1269700,0.0,0.0,SandP500,GPN
2020-01-24 00:00:00-05:00,193.11762486901398,194.88775395548163,190.87609648782114,191.22242736816406,1206000,0.0,0.0,SandP500,GPN
2020-01-27 00:00:00-05:00,187.50899053380473,189.64469511569726,186.4507532438973,188.0765838623047,1299400,0.0,0.0,SandP500,GPN
2020-01-28 00:00:00-05:00,188.5672266201963,191.3667334586062,188.19203604139645,190.51052856445312,1237300,0.0,0.0,SandP500,GPN
2020-01-29 00:00:00-05:00,191.51104264823823,193.47357455585208,190.69331245708733,191.7034454345703,1081900,0.0,0.0,SandP500,GPN
2020-01-30 00:00:00-05:00,190.3950725342935,192.67507548459017,189.6543064456969,192.44418334960938,1013400,0.0,0.0,SandP500,GPN
2020-01-31 00:00:00-05:00,191.29940975235337,192.41535186984686,187.37433095872748,188.02850341796875,2439400,0.0,0.0,SandP500,GPN
2020-02-03 00:00:00-05:00,189.31758733647442,192.33835632355348,188.82695807237027,190.53936767578125,1427400,0.0,0.0,SandP500,GPN
2020-02-04 00:00:00-05:00,193.3677321502847,196.08065961760497,193.11761002014342,195.23406982421875,1718400,0.0,0.0,SandP500,GPN
2020-02-05 00:00:00-05:00,197.29278400198382,197.5717657761802,190.67402398073352,193.03099060058594,1833100,0.0,0.0,SandP500,GPN
2020-02-06 00:00:00-05:00,193.3869706800356,194.9550671327774,193.16569355873563,194.0122833251953,1370000,0.0,0.0,SandP500,GPN
2020-02-07 00:00:00-05:00,193.0214425300037,194.26245312460512,190.81840321173212,193.16574096679688,1161300,0.0,0.0,SandP500,GPN
2020-02-10 00:00:00-05:00,192.6462322743522,196.88878203625714,192.6462322743522,196.86953735351562,1505100,0.0,0.0,SandP500,GPN
2020-02-11 00:00:00-05:00,197.36976222119435,198.35102068046115,194.69532427885204,195.46493530273438,2100500,0.0,0.0,SandP500,GPN
2020-02-12 00:00:00-05:00,192.0305103026319,195.9459586812819,190.70290626948577,193.9930419921875,2535600,0.0,0.0,SandP500,GPN
2020-02-13 00:00:00-05:00,193.16572083768173,196.65788943810375,191.68420321654648,195.0320587158203,1884200,0.0,0.0,SandP500,GPN
2020-02-14 00:00:00-05:00,195.78242647342822,198.53382873535156,195.55154901441338,198.53382873535156,1801300,0.0,0.0,SandP500,GPN
2020-02-18 00:00:00-05:00,198.17788253083518,200.4097958268046,197.64876388917082,199.20726013183594,2363000,0.0,0.0,SandP500,GPN
2020-02-19 00:00:00-05:00,200.47713029155534,201.66042130576008,199.01484277552106,199.12066650390625,1270200,0.0,0.0,SandP500,GPN
2020-02-20 00:00:00-05:00,198.68776979376602,201.66043470770168,195.88826298539158,200.55410766601562,1979400,0.0,0.0,SandP500,GPN
2020-02-21 00:00:00-05:00,199.67864177735055,200.0249726395569,195.33026865840196,196.62901306152344,1442800,0.0,0.0,SandP500,GPN
2020-02-24 00:00:00-05:00,190.10650077122986,193.89689637293205,188.10547922131724,192.80979919433594,2083700,0.0,0.0,SandP500,GPN
2020-02-25 00:00:00-05:00,193.49278462695708,194.56063678138668,183.5742737699034,183.93983459472656,2814100,0.0,0.0,SandP500,GPN
2020-02-26 00:00:00-05:00,183.66089598161568,188.97128364393004,181.60215522542896,182.44873046875,2089600,0.0,0.0,SandP500,GPN
2020-02-27 00:00:00-05:00,178.34089291919858,182.0543244511155,175.43556200764237,176.7727813720703,3416400,0.0,0.0,SandP500,GPN
2020-02-28 00:00:00-05:00,170.03854308134143,177.05172462276596,168.354993149843,176.98439025878906,4061400,0.0,0.0,SandP500,GPN
2020-03-02 00:00:00-05:00,178.02341438283358,185.1135612248175,176.19555103994125,185.08470153808594,3027200,0.0,0.0,SandP500,GPN
2020-03-03 00:00:00-05:00,185.0942755965271,187.89378202536395,177.80211256049415,180.45730590820312,2378800,0.0,0.0,SandP500,GPN
2020-03-04 00:00:00-05:00,182.96818718306147,186.8451605335669,180.90944695554893,186.55654907226562,1490100,0.0,0.0,SandP500,GPN
2020-03-05 00:00:00-05:00,182.1505058927764,183.27607768156366,175.90694918370716,178.67758178710938,2415700,0.0,0.0,SandP500,GPN
2020-03-06 00:00:00-05:00,172.6167833921481,174.1848946961094,167.23904708044836,172.74185180664062,2589100,0.0,0.0,SandP500,GPN
2020-03-09 00:00:00-04:00,160.41825873645558,164.20865352546772,155.22331050220362,158.49420166015625,3144700,0.0,0.0,SandP500,GPN
2020-03-10 00:00:00-04:00,163.84308144183342,176.6765388885744,159.21572642436558,174.86793518066406,4335500,0.0,0.0,SandP500,GPN
2020-03-11 00:00:00-04:00,169.82689459929645,172.2031062339712,162.36155851865007,165.6132049560547,3240100,0.0,0.0,SandP500,GPN
2020-03-12 00:00:00-04:00,154.09910355707225,163.73029752938928,146.13410202707607,151.31568908691406,3537500,0.195,0.0,SandP500,GPN
2020-03-13 00:00:00-04:00,159.4540463082839,167.13010914026907,150.25625305318127,166.6100311279297,2972000,0.0,0.0,SandP500,GPN
2020-03-16 00:00:00-04:00,144.47752106365746,149.35091707176468,131.68729792106694,134.6729736328125,5461600,0.0,0.0,SandP500,GPN
2020-03-17 00:00:00-04:00,136.73405944792665,142.87876579027844,129.31804316690216,142.35867309570312,5254800,0.0,0.0,SandP500,GPN
2020-03-18 00:00:00-04:00,130.9456962891773,134.4032907796661,111.95297664964966,129.59732055664062,4864700,0.0,0.0,SandP500,GPN
2020-03-19 00:00:00-04:00,128.06598412773934,132.03403123942087,118.14585165250023,125.70634460449219,5356300,0.0,0.0,SandP500,GPN
2020-03-20 00:00:00-04:00,127.96970972646528,130.31972414381536,113.05098764371164,114.61124420166016,5212000,0.0,0.0,SandP500,GPN
2020-03-23 00:00:00-04:00,112.37677958513966,114.31265176921619,101.64762932189971,111.78927612304688,5084600,0.0,0.0,SandP500,GPN
2020-03-24 00:00:00-04:00,117.41391445539158,137.53348239591577,116.99977273173421,136.02137756347656,4652600,0.0,0.0,SandP500,GPN
2020-03-25 00:00:00-04:00,136.66666531630815,148.484146919284,134.4129689801041,141.28964233398438,3411000,0.0,0.0,SandP500,GPN
2020-03-26 00:00:00-04:00,143.99597394302015,150.10216201215417,139.71973621881733,147.2320556640625,3185200,0.0,0.0,SandP500,GPN
2020-03-27 00:00:00-04:00,139.6716001287848,144.93022459956805,137.87055659151278,139.6138153076172,2576800,0.0,0.0,SandP500,GPN
2020-03-30 00:00:00-04:00,139.35374773188147,146.79865654664374,137.04225236430332,145.6525421142578,2651700,0.0,0.0,SandP500,GPN
2020-03-31 00:00:00-04:00,143.17736356285877,144.49683271488928,137.45643077551307,138.91073608398438,3551000,0.0,0.0,SandP500,GPN
2020-04-01 00:00:00-04:00,130.96500000902867,132.91050572952568,125.20554887564013,128.2008514404297,2490700,0.0,0.0,SandP500,GPN
2020-04-02 00:00:00-04:00,127.07399371728977,130.5604817290085,122.60511966561418,125.8700942993164,2833500,0.0,0.0,SandP500,GPN
2020-04-03 00:00:00-04:00,124.24242584778398,126.36128598505012,119.95654665503325,121.64200592041016,2220800,0.0,0.0,SandP500,GPN
2020-04-06 00:00:00-04:00,130.36783681966162,139.0936958472875,126.59241070176786,138.43878173828125,2961400,0.0,0.0,SandP500,GPN
2020-04-07 00:00:00-04:00,145.64292004007513,146.991281351253,134.57667260063383,135.8672637939453,4128300,0.0,0.0,SandP500,GPN
2020-04-08 00:00:00-04:00,137.64902228616404,144.90131016095805,135.25084970001518,143.78408813476562,2120800,0.0,0.0,SandP500,GPN
2020-04-09 00:00:00-04:00,146.33637265287015,149.57245461634054,143.12918309742784,145.45993041992188,1606700,0.0,0.0,SandP500,GPN
2020-04-13 00:00:00-04:00,143.31217336859672,143.63000454234754,133.88322596876458,138.3617401123047,2514400,0.0,0.0,SandP500,GPN
2020-04-14 00:00:00-04:00,142.36833122509938,143.3121842180941,139.73900441484395,140.89474487304688,2266400,0.0,0.0,SandP500,GPN
2020-04-15 00:00:00-04:00,136.5510864536422,137.0904310417064,133.41132206110396,135.5879669189453,1926300,0.0,0.0,SandP500,GPN
2020-04-16 00:00:00-04:00,136.66663678541966,136.66663678541966,132.90085110581208,135.79983520507812,1898100,0.0,0.0,SandP500,GPN
2020-04-17 00:00:00-04:00,141.63632293865788,149.6398420286095,141.3377583048479,149.1679229736328,3208200,0.0,0.0,SandP500,GPN
2020-04-20 00:00:00-04:00,146.39417421292563,146.9431594203225,141.58820228207225,142.74395751953125,2213700,0.0,0.0,SandP500,GPN
2020-04-21 00:00:00-04:00,139.63307629339107,139.97979993921982,134.78858585330886,136.07916259765625,1939300,0.0,0.0,SandP500,GPN
2020-04-22 00:00:00-04:00,139.84494237226548,143.30253769968078,138.6988278657987,142.17568969726562,1790000,0.0,0.0,SandP500,GPN
2020-04-23 00:00:00-04:00,142.9462478330122,144.41982004287453,141.51119395128438,141.8290252685547,1139300,0.0,0.0,SandP500,GPN
2020-04-24 00:00:00-04:00,143.34108029199123,148.00257525367283,141.84824209296295,147.36691284179688,1336900,0.0,0.0,SandP500,GPN
2020-04-27 00:00:00-04:00,148.7923099162537,153.4826963296277,148.7923099162537,152.9722442626953,1545500,0.0,0.0,SandP500,GPN
2020-04-28 00:00:00-04:00,157.22927139303462,159.72374757751962,153.79092743925386,156.86328125,2153300,0.0,0.0,SandP500,GPN
2020-04-29 00:00:00-04:00,162.48789782335953,167.09160787218576,162.28563626146567,163.5569610595703,2357600,0.0,0.0,SandP500,GPN
2020-04-30 00:00:00-04:00,161.71738989378704,161.8811184362739,158.22126159799208,159.8970947265625,1938700,0.0,0.0,SandP500,GPN
2020-05-01 00:00:00-04:00,155.4571212745103,157.4122526744258,153.42493855144087,155.6786346435547,1115600,0.0,0.0,SandP500,GPN
2020-05-04 00:00:00-04:00,153.7428312521806,156.9789146390334,151.81659149086448,156.42030334472656,1110000,0.0,0.0,SandP500,GPN
2020-05-05 00:00:00-04:00,159.42512756161253,162.52637270838255,159.27102495525583,160.79275512695312,1577200,0.0,0.0,SandP500,GPN
2020-05-06 00:00:00-04:00,173.2170445808383,175.9619262847724,163.60510157683822,163.82662963867188,3156600,0.0,0.0,SandP500,GPN
2020-05-07 00:00:00-04:00,167.8235574327619,172.37910813369373,167.8235574327619,168.3147430419922,1876200,0.0,0.0,SandP500,GPN
2020-05-08 00:00:00-04:00,169.55720230448244,170.86704550031473,166.3114793781405,168.58444213867188,1586000,0.0,0.0,SandP500,GPN
2020-05-11 00:00:00-04:00,167.00491256053573,168.2377043237331,165.65655116205014,166.32110595703125,1193900,0.0,0.0,SandP500,GPN
2020-05-12 00:00:00-04:00,166.53305197707752,167.02423779580494,161.04327192996269,161.1492156982422,1100700,0.0,0.0,SandP500,GPN
2020-05-13 00:00:00-04:00,160.49425488094434,162.49754547893303,155.1970969051983,156.94998168945312,1817800,0.0,0.0,SandP500,GPN
2020-05-14 00:00:00-04:00,154.86959371651278,158.25013732910156,152.24990792071637,158.25013732910156,1574800,0.0,0.0,SandP500,GPN
2020-05-15 00:00:00-04:00,157.7782414000727,163.81699000186617,156.53580903217505,163.6051025390625,1494400,0.0,0.0,SandP500,GPN
2020-05-18 00:00:00-04:00,170.44325602354667,175.1721762104984,169.67275749820436,173.45782470703125,2694700,0.0,0.0,SandP500,GPN
2020-05-19 00:00:00-04:00,172.61989717327344,178.63939381474543,171.72420312712003,173.2748260498047,2130600,0.0,0.0,SandP500,GPN
2020-05-20 00:00:00-04:00,175.01807784959675,177.68592299677172,173.36151112318112,173.81417846679688,1799000,0.0,0.0,SandP500,GPN
2020-05-21 00:00:00-04:00,173.64080909139386,173.92012197762674,169.3645708338357,169.90391540527344,1091100,0.0,0.0,SandP500,GPN
2020-05-22 00:00:00-04:00,169.87503473859022,171.45455024814527,168.55555093221503,170.23138427734375,893100,0.0,0.0,SandP500,GPN
2020-05-26 00:00:00-04:00,175.58631952266754,176.0486127831241,170.05802281460558,170.88629150390625,1556700,0.0,0.0,SandP500,GPN
2020-05-27 00:00:00-04:00,171.76272549471292,172.95699894715116,166.61967096985978,171.19448852539062,1749800,0.0,0.0,SandP500,GPN
2020-05-28 00:00:00-04:00,172.07088844075878,174.85430248070554,170.42394805979205,171.37744140625,1288600,0.0,0.0,SandP500,GPN
2020-05-29 00:00:00-04:00,171.18487162251438,173.1977879257441,170.26989630646645,172.87033081054688,1846200,0.0,0.0,SandP500,GPN
2020-06-01 00:00:00-04:00,173.06293962722512,176.0871341701433,172.57173929288024,174.9795379638672,1401500,0.0,0.0,SandP500,GPN
2020-06-02 00:00:00-04:00,176.73242135052647,177.09841144897047,173.93938078797913,174.69061279296875,1549100,0.0,0.0,SandP500,GPN
2020-06-03 00:00:00-04:00,175.740400972738,182.36666725602382,174.46907628981344,182.13551330566406,2169700,0.0,0.0,SandP500,GPN
2020-06-04 00:00:00-04:00,180.50788202588018,181.30727309441616,174.507650754964,176.74208068847656,1780500,0.0,0.0,SandP500,GPN
2020-06-05 00:00:00-04:00,180.82568416013578,183.66688371505563,178.44677784530214,182.41482543945312,2073800,0.0,0.0,SandP500,GPN
2020-06-08 00:00:00-04:00,181.076112191811,183.7439576206012,180.7871880662704,182.7808380126953,1230600,0.0,0.0,SandP500,GPN
2020-06-09 00:00:00-04:00,181.24944132488898,181.73100102246462,178.31192423047037,178.61048889160156,1621800,0.0,0.0,SandP500,GPN
2020-06-10 00:00:00-04:00,179.18840746663298,184.26405195701184,177.46441512449374,182.0488739013672,1769900,0.0,0.0,SandP500,GPN
2020-06-11 00:00:00-04:00,176.43287981159196,176.9631455073668,167.64016395152066,169.12489318847656,2470300,0.195,0.0,SandP500,GPN
2020-06-12 00:00:00-04:00,175.12169577053848,175.603752851465,167.5630442723021,172.1715087890625,1467100,0.0,0.0,SandP500,GPN
2020-06-15 00:00:00-04:00,167.95832897330737,174.26362890730985,166.5025072225838,173.55982971191406,1869600,0.0,0.0,SandP500,GPN
2020-06-16 00:00:00-04:00,179.21919336863405,180.84854876878646,174.88067933987043,179.25775146484375,1989100,0.0,0.0,SandP500,GPN
2020-06-17 00:00:00-04:00,180.38573140840748,180.38573140840748,174.03220910440893,174.4757080078125,2016700,0.0,0.0,SandP500,GPN
2020-06-18 00:00:00-04:00,173.4730293707945,174.94813736262813,172.1521978647879,173.96473693847656,1433100,0.0,0.0,SandP500,GPN
2020-06-19 00:00:00-04:00,177.12699870080993,177.63797786730348,169.68403855981228,169.76116943359375,2189100,0.0,0.0,SandP500,GPN
2020-06-22 00:00:00-04:00,169.8768916634897,171.44840226328748,168.79708864146136,170.9181365966797,1785500,0.0,0.0,SandP500,GPN
2020-06-23 00:00:00-04:00,172.7403330135585,173.01993435942305,169.91548557417585,170.85067749023438,1498300,0.0,0.0,SandP500,GPN
2020-06-24 00:00:00-04:00,169.41408276712383,169.72259154177058,160.8141892002084,160.9202423095703,2338900,0.0,0.0,SandP500,GPN
2020-06-25 00:00:00-04:00,160.6021539631179,161.78801037467292,158.52929949330263,161.54698181152344,2039700,0.0,0.0,SandP500,GPN
2020-06-26 00:00:00-04:00,160.99740696923976,162.04828772996612,156.81314090362505,157.07345581054688,13427100,0.0,0.0,SandP500,GPN
2020-06-29 00:00:00-04:00,157.97971297535642,160.8431325935393,156.0996937086736,160.59246826171875,2259500,0.0,0.0,SandP500,GPN
2020-06-30 00:00:00-04:00,159.9176520273998,164.5550399726059,159.37775031311978,163.5330810546875,2159300,0.0,0.0,SandP500,GPN
2020-07-01 00:00:00-04:00,163.89941727603798,167.44735054157113,163.6294664715394,165.33595275878906,2005500,0.0,0.0,SandP500,GPN
2020-07-02 00:00:00-04:00,167.35095487540758,169.06707707986706,165.07564463527243,165.30703735351562,1516700,0.0,0.0,SandP500,GPN
2020-07-06 00:00:00-04:00,168.01617735825607,168.6814184768119,163.75479457252075,164.93101501464844,1748100,0.0,0.0,SandP500,GPN
2020-07-07 00:00:00-04:00,164.18866015967967,168.15117032630602,161.21918649633196,161.54698181152344,1726200,0.0,0.0,SandP500,GPN
2020-07-08 00:00:00-04:00,162.16399234911336,163.97653160573722,160.53463712943093,162.3760986328125,1425000,0.0,0.0,SandP500,GPN
2020-07-09 00:00:00-04:00,162.28932051564183,163.2919926591182,155.42483315703794,158.2689666748047,1985400,0.0,0.0,SandP500,GPN
2020-07-10 00:00:00-04:00,157.0348817381941,159.0305899248903,156.27322349467164,158.6352996826172,1657900,0.0,0.0,SandP500,GPN
2020-07-13 00:00:00-04:00,160.00441156952436,160.4189736464361,154.66321024715606,155.0006561279297,2152300,0.0,0.0,SandP500,GPN
2020-07-14 00:00:00-04:00,154.85597178985373,157.30482936385275,152.64815740499083,157.1987762451172,1935800,0.0,0.0,SandP500,GPN
2020-07-15 00:00:00-04:00,160.28396466925795,165.6733588077466,159.73441258615242,163.1473846435547,2643000,0.0,0.0,SandP500,GPN
2020-07-16 00:00:00-04:00,161.68195240168157,162.34719356995015,159.47413730194148,160.57322692871094,1246300,0.0,0.0,SandP500,GPN
2020-07-17 00:00:00-04:00,161.89406098566775,166.14580830347225,160.89138865166453,165.7119598388672,1931700,0.0,0.0,SandP500,GPN
2020-07-20 00:00:00-04:00,164.97919390189006,168.71996117729486,163.72585738782922,167.85226440429688,1657500,0.0,0.0,SandP500,GPN
2020-07-21 00:00:00-04:00,168.5850226157223,169.75160736072087,166.96530298484313,167.80409240722656,1190700,0.0,0.0,SandP500,GPN
2020-07-22 00:00:00-04:00,167.63054830507315,171.65090316285247,167.0906466519253,171.41952514648438,1508200,0.0,0.0,SandP500,GPN
2020-07-23 00:00:00-04:00,170.5807115230088,173.02956973135824,167.93904813582796,168.71034240722656,966200,0.0,0.0,SandP500,GPN
2020-07-24 00:00:00-04:00,167.56305521263207,167.8137196150427,164.98887199775965,166.43504333496094,999600,0.0,0.0,SandP500,GPN
2020-07-27 00:00:00-04:00,167.03280427470233,168.68144621840108,165.4227351417006,168.0354766845703,1194500,0.0,0.0,SandP500,GPN
2020-07-28 00:00:00-04:00,167.2063014097803,169.35628644624495,165.5769609371458,165.70228576660156,1363000,0.0,0.0,SandP500,GPN
2020-07-29 00:00:00-04:00,167.35094968319999,171.41951290764501,167.02315437593765,170.99530029296875,1410300,0.0,0.0,SandP500,GPN
2020-07-30 00:00:00-04:00,168.23786777663204,170.4746189826649,165.9240004080277,169.76116943359375,2051400,0.0,0.0,SandP500,GPN
2020-07-31 00:00:00-04:00,170.81208894841893,171.80512526903937,167.36055879364352,171.631591796875,2797900,0.0,0.0,SandP500,GPN
2020-08-03 00:00:00-04:00,174.9866865696828,178.81422022967416,170.33001430223507,172.61495971679688,4521900,0.0,0.0,SandP500,GPN
2020-08-04 00:00:00-04:00,172.57642859901577,173.9454688929472,166.4253757659428,167.97760009765625,2578600,0.0,0.0,SandP500,GPN
2020-08-05 00:00:00-04:00,169.1055919223945,170.63854438292122,167.36054791341508,168.08363342285156,2065600,0.0,0.0,SandP500,GPN
2020-08-06 00:00:00-04:00,168.0643760304866,171.1302517899035,167.2834312564485,170.1661376953125,1324400,0.0,0.0,SandP500,GPN
2020-08-07 00:00:00-04:00,168.6910514403061,169.02849727216673,165.96260667190018,168.5560760498047,1541200,0.0,0.0,SandP500,GPN
2020-08-10 00:00:00-04:00,167.98722387573204,169.00918233285688,162.86776632399494,164.15003967285156,2160100,0.0,0.0,SandP500,GPN
2020-08-11 00:00:00-04:00,165.47091216503298,167.6305183922534,162.7617538245697,164.7960205078125,1805700,0.0,0.0,SandP500,GPN
2020-08-12 00:00:00-04:00,166.07826789238388,168.19933040450042,166.07826789238388,166.79171752929688,1707800,0.0,0.0,SandP500,GPN
2020-08-13 00:00:00-04:00,166.21326929766508,168.5175014684122,165.96260492115366,167.17738342285156,1107100,0.0,0.0,SandP500,GPN
2020-08-14 00:00:00-04:00,166.55070564159448,168.02579899223224,165.80833368833595,166.30967712402344,1195000,0.0,0.0,SandP500,GPN
2020-08-17 00:00:00-04:00,166.8110526105913,168.33435489967144,165.8083655465612,166.0879669189453,1557900,0.0,0.0,SandP500,GPN
2020-08-18 00:00:00-04:00,166.0204653814628,166.22293584015824,161.33486969398277,163.99583435058594,2387700,0.0,0.0,SandP500,GPN
2020-08-19 00:00:00-04:00,165.93370330635014,165.93370330635014,162.46288613963472,163.36915588378906,1622600,0.0,0.0,SandP500,GPN
2020-08-20 00:00:00-04:00,161.84579921351028,163.99578384944974,161.02631120737254,161.73974609375,1794300,0.0,0.0,SandP500,GPN
2020-08-21 00:00:00-04:00,161.9325922943258,162.59781859025827,160.38036818139264,162.14468383789062,1977900,0.0,0.0,SandP500,GPN
2020-08-24 00:00:00-04:00,163.25344762604513,166.21327035944384,161.50840340210442,166.1361541748047,2268800,0.0,0.0,SandP500,GPN
2020-08-25 00:00:00-04:00,166.63747281353494,168.30540075156725,166.1264935318435,167.64979553222656,2668600,0.0,0.0,SandP500,GPN
2020-08-26 00:00:00-04:00,167.91974374960856,169.5683852620472,165.82761800868178,168.89349365234375,1874800,0.0,0.0,SandP500,GPN
2020-08-27 00:00:00-04:00,169.44305382159126,169.91547502870975,167.54374785932555,168.36325073242188,1740100,0.0,0.0,SandP500,GPN
2020-08-28 00:00:00-04:00,168.39216994556966,171.47733208135062,167.3702113672685,170.90850830078125,1441000,0.0,0.0,SandP500,GPN
2020-08-31 00:00:00-04:00,171.81479784946376,171.81479784946376,170.00225844804248,170.28184509277344,1962900,0.0,0.0,SandP500,GPN
2020-09-01 00:00:00-04:00,170.49395189448435,173.9165602526931,169.4816290404768,173.22239685058594,2126100,0.0,0.0,SandP500,GPN
2020-09-02 00:00:00-04:00,173.57910552748166,178.6117825799741,172.01724530816142,178.2165069580078,2165700,0.0,0.0,SandP500,GPN
2020-09-03 00:00:00-04:00,177.40660324966032,177.72476261959284,169.44302729148495,170.8795623779297,3336300,0.0,0.0,SandP500,GPN
2020-09-04 00:00:00-04:00,170.54213892265474,172.47036708152302,163.4944673557854,166.36752319335938,2673400,0.0,0.0,SandP500,GPN
2020-09-08 00:00:00-04:00,162.86780818754332,165.80835950194782,160.27435329214003,161.09384155273438,1990800,0.0,0.0,SandP500,GPN
2020-09-09 00:00:00-04:00,163.25113731219585,164.998220333789,160.22028260445262,163.2704315185547,1048900,0.195,0.0,SandP500,GPN
2020-09-10 00:00:00-04:00,164.04262910693924,167.91325315230455,161.9770149117705,162.34381103515625,1297800,0.0,0.0,SandP500,GPN
2020-09-11 00:00:00-04:00,163.2125410946392,163.47316019907572,158.8496638776626,160.49057006835938,1116100,0.0,0.0,SandP500,GPN
2020-09-14 00:00:00-04:00,162.61412237729286,165.9442002658054,162.19906116527434,164.2743377685547,1017300,0.0,0.0,SandP500,GPN
2020-09-15 00:00:00-04:00,165.5387070945132,169.39002109240465,165.50010396402408,167.13134765625,1701800,0.0,0.0,SandP500,GPN
2020-09-16 00:00:00-04:00,168.77232791475362,170.90550143219937,167.9808235385192,169.6796417236328,1438600,0.0,0.0,SandP500,GPN
2020-09-17 00:00:00-04:00,167.89396673179485,175.32631704407325,167.48856741240553,175.171875,2548400,0.0,0.0,SandP500,GPN
2020-09-18 00:00:00-04:00,176.23360200807457,177.60424167095323,172.80699548667775,172.97108459472656,2692600,0.0,0.0,SandP500,GPN
2020-09-21 00:00:00-04:00,170.03674593453766,170.43249801830828,165.66420826704018,169.4575958251953,1610600,0.0,0.0,SandP500,GPN
2020-09-22 00:00:00-04:00,170.13331256475112,174.1004522463261,168.85920255879606,173.60818481445312,1361000,0.0,0.0,SandP500,GPN
2020-09-23 00:00:00-04:00,173.1931051052535,173.974962323913,168.10629800273276,168.70474243164062,1308800,0.0,0.0,SandP500,GPN
2020-09-24 00:00:00-04:00,167.95186671730806,169.39972763728485,165.7607664011237,166.43643188476562,1173800,0.0,0.0,SandP500,GPN
2020-09-25 00:00:00-04:00,165.74147899026318,169.80513389107372,164.57353131975447,168.9171142578125,2402300,0.0,0.0,SandP500,GPN
2020-09-28 00:00:00-04:00,171.30126946002125,173.83985723267563,170.6642070585453,172.35337829589844,1558100,0.0,0.0,SandP500,GPN
2020-09-29 00:00:00-04:00,172.95181267721657,173.23174071375175,171.00203716776687,171.33021545410156,1012400,0.0,0.0,SandP500,GPN
2020-09-30 00:00:00-04:00,171.83211784429133,174.37069034265392,169.44797263226326,171.40740966796875,1390700,0.0,0.0,SandP500,GPN
2020-10-01 00:00:00-04:00,172.88426436067388,176.25295974476347,170.56769254530965,173.00975036621094,1118400,0.0,0.0,SandP500,GPN
2020-10-02 00:00:00-04:00,169.81477323389709,173.88808978124166,169.1101517134369,172.22787475585938,1270400,0.0,0.0,SandP500,GPN
2020-10-05 00:00:00-04:00,174.98846446906668,174.98846446906668,168.7433712452789,170.38427734375,1239600,0.0,0.0,SandP500,GPN
2020-10-06 00:00:00-04:00,170.7510618531442,173.94602071586957,168.45379916505576,168.8398895263672,1032100,0.0,0.0,SandP500,GPN
2020-10-07 00:00:00-04:00,170.50975778769737,171.49430739114453,169.41904585023897,170.66419982910156,800000,0.0,0.0,SandP500,GPN
2020-10-08 00:00:00-04:00,171.2915953250994,175.37455874770757,171.28193349337468,175.2394256591797,1006400,0.0,0.0,SandP500,GPN
2020-10-09 00:00:00-04:00,176.407372429441,178.4343836460184,175.92475211391337,177.3919219970703,1073900,0.0,0.0,SandP500,GPN
2020-10-12 00:00:00-04:00,178.06760421290787,178.511621425382,175.53867823517677,176.77418518066406,1622800,0.0,0.0,SandP500,GPN
2020-10-13 00:00:00-04:00,176.74522088340203,177.362974327297,173.50201162085244,173.77227783203125,877100,0.0,0.0,SandP500,GPN
2020-10-14 00:00:00-04:00,174.3031557665562,175.00777730668224,169.641041728598,171.03099060058594,1239200,0.0,0.0,SandP500,GPN
2020-10-15 00:00:00-04:00,169.07154958680667,170.23948248255775,167.30515749469438,169.9016571044922,2271600,0.0,0.0,SandP500,GPN
2020-10-16 00:00:00-04:00,170.73179656341753,173.6854310401042,170.6931786837034,170.90553283691406,1279500,0.0,0.0,SandP500,GPN
2020-10-19 00:00:00-04:00,171.09854807194856,171.72596331592496,165.46154635061518,165.992431640625,1308100,0.0,0.0,SandP500,GPN
2020-10-20 00:00:00-04:00,166.81288785279526,170.50974639625352,166.14686948108832,168.24143981933594,1296700,0.0,0.0,SandP500,GPN
2020-10-21 00:00:00-04:00,167.95187377929688,170.2587983529913,167.4016795369379,167.95187377929688,1136200,0.0,0.0,SandP500,GPN
2020-10-22 00:00:00-04:00,168.48277019372026,170.7124738947119,165.00789771918494,169.80514526367188,1197800,0.0,0.0,SandP500,GPN
2020-10-23 00:00:00-04:00,171.5908075531838,171.71627880268397,169.69892969550725,170.83792114257812,1340300,0.0,0.0,SandP500,GPN
2020-10-26 00:00:00-04:00,168.48276644882753,168.48276644882753,161.89017072709942,162.93263244628906,1466100,0.0,0.0,SandP500,GPN
2020-10-27 00:00:00-04:00,162.88433492987542,163.70479524903084,158.714488886038,159.03302001953125,2362000,0.0,0.0,SandP500,GPN
2020-10-28 00:00:00-04:00,156.3689546281699,157.57550520400454,152.90374490918893,153.56976318359375,2451300,0.0,0.0,SandP500,GPN
2020-10-29 00:00:00-04:00,148.64703754080335,155.5581630807635,148.64703754080335,150.74160766601562,3398000,0.0,0.0,SandP500,GPN
2020-10-30 00:00:00-04:00,149.93086137871884,152.32465453691307,148.00037969956722,152.25709533691406,3181100,0.0,0.0,SandP500,GPN
2020-11-02 00:00:00-05:00,154.35162490865378,156.494460177664,153.03889712879527,154.78598022460938,2756400,0.0,0.0,SandP500,GPN
2020-11-03 00:00:00-05:00,156.46547532402172,160.5484381075353,155.65466219136678,160.1333770751953,2112200,0.0,0.0,SandP500,GPN
2020-11-04 00:00:00-05:00,163.12567228290007,167.44994633544047,162.27625578514252,164.9210205078125,2251400,0.0,0.0,SandP500,GPN
2020-11-05 00:00:00-05:00,167.83604549882205,169.98852798029927,166.53296475663987,168.18353271484375,1371200,0.0,0.0,SandP500,GPN
2020-11-06 00:00:00-05:00,167.84569141553243,168.89780016023198,166.26269738227705,167.83604431152344,1109500,0.0,0.0,SandP500,GPN
2020-11-09 00:00:00-05:00,182.90341593698372,192.74886546095667,182.72001789718144,186.928466796875,4822000,0.0,0.0,SandP500,GPN
2020-11-10 00:00:00-05:00,186.72577773535366,189.20645296911286,184.77598773920843,186.74508666992188,2697600,0.0,0.0,SandP500,GPN
2020-11-11 00:00:00-05:00,188.2797870982849,188.3087431315563,180.06559672604652,182.70069885253906,1974200,0.0,0.0,SandP500,GPN
2020-11-12 00:00:00-05:00,182.1408679081867,182.1408679081867,175.50002370264775,178.019287109375,1877700,0.0,0.0,SandP500,GPN
2020-11-13 00:00:00-05:00,179.0231976155181,183.57913499470598,179.0231976155181,181.8610076904297,1854300,0.0,0.0,SandP500,GPN
2020-11-16 00:00:00-05:00,183.39571115082148,187.49798363708987,182.72004568699896,183.33779907226562,2239600,0.0,0.0,SandP500,GPN
2020-11-17 00:00:00-05:00,182.22780027698363,183.64670540108742,179.25487163719097,183.23165893554688,1806500,0.0,0.0,SandP500,GPN
2020-11-18 00:00:00-05:00,183.56945424849954,185.45168524233964,181.20461767251948,181.3880157470703,1253900,0.0,0.0,SandP500,GPN
2020-11-19 00:00:00-05:00,180.92470627237975,185.09453814047953,178.08689646004908,183.92660522460938,1339400,0.0,0.0,SandP500,GPN
2020-11-20 00:00:00-05:00,184.94975310149536,186.1852598988811,182.56560762644568,184.07138061523438,1494300,0.0,0.0,SandP500,GPN
2020-11-23 00:00:00-05:00,185.84745161242535,186.9381783970067,182.93243508775788,185.47100830078125,1327700,0.0,0.0,SandP500,GPN
2020-11-24 00:00:00-05:00,187.09258966276758,192.1214850053011,185.6157727041162,191.91879272460938,1977300,0.0,0.0,SandP500,GPN
2020-11-25 00:00:00-05:00,190.26822539667506,191.46512906200942,187.97096274731152,190.16204833984375,1306800,0.0,0.0,SandP500,GPN
2020-11-27 00:00:00-05:00,191.1176505848028,191.1176505848028,188.97481514239786,190.18136596679688,679400,0.0,0.0,SandP500,GPN
2020-11-30 00:00:00-05:00,189.21611780088122,189.95935720317897,184.6215777460652,188.4053192138672,1575200,0.0,0.0,SandP500,GPN
2020-12-01 00:00:00-05:00,190.43229413509488,191.8222428289418,188.73347613617162,189.16783142089844,1356600,0.0,0.0,SandP500,GPN
2020-12-02 00:00:00-05:00,188.22190322657232,188.98443676427556,186.49412915950205,188.5886993408203,1131700,0.0,0.0,SandP500,GPN
2020-12-03 00:00:00-05:00,188.50182940321707,190.5191934412752,187.13118952509885,188.9458465576172,920800,0.0,0.0,SandP500,GPN
2020-12-04 00:00:00-05:00,189.80493924668178,193.13501686667192,189.17753865465642,193.11572265625,1124000,0.0,0.0,SandP500,GPN
2020-12-07 00:00:00-05:00,191.9670604820763,193.38596538108675,191.35895417438522,192.3048858642578,977100,0.0,0.0,SandP500,GPN
2020-12-08 00:00:00-05:00,191.1080017851274,191.79331439940069,189.94005411697236,191.677490234375,1264700,0.0,0.0,SandP500,GPN
2020-12-09 00:00:00-05:00,192.08286280332166,192.08286280332166,188.55974080909365,188.8589630126953,1685600,0.0,0.0,SandP500,GPN
2020-12-10 00:00:00-05:00,187.72966044667376,190.18136523188087,186.20457844311835,187.4207763671875,1352300,0.0,0.0,SandP500,GPN
2020-12-11 00:00:00-05:00,185.66400695866506,187.94197501605603,184.86285561555718,185.3840789794922,1109200,0.0,0.0,SandP500,GPN
2020-12-14 00:00:00-05:00,186.58102819504765,189.71806043540172,185.11385822329814,185.21038818359375,1213300,0.0,0.0,SandP500,GPN
2020-12-15 00:00:00-05:00,185.74124061084487,187.681383632812,184.66983768975007,186.8416290283203,1788900,0.0,0.0,SandP500,GPN
2020-12-16 00:00:00-05:00,186.83679908275437,188.8755112410798,185.55173267553917,188.09288024902344,1134200,0.195,0.0,SandP500,GPN
2020-12-17 00:00:00-05:00,188.7499080878543,190.78862018831944,188.72092284773083,188.81753540039062,1353400,0.0,0.0,SandP500,GPN
2020-12-18 00:00:00-05:00,188.42136791503762,190.6436628405717,187.02036070434903,189.69677734375,2580600,0.0,0.0,SandP500,GPN
2020-12-21 00:00:00-05:00,197.00136905828296,202.57642788681645,193.2331404093727,193.6486053466797,3786400,0.0,0.0,SandP500,GPN
2020-12-22 00:00:00-05:00,193.74523619351976,193.99644652696608,190.2282178089926,191.1461181640625,2216800,0.0,0.0,SandP500,GPN
2020-12-23 00:00:00-05:00,192.0446974931006,194.13172336016723,190.26686719593553,193.4940185546875,1332900,0.0,0.0,SandP500,GPN
2020-12-24 00:00:00-05:00,193.42637814529039,198.96278009768193,193.42637814529039,198.60528564453125,954100,0.0,0.0,SandP500,GPN
2020-12-28 00:00:00-05:00,199.5038680105641,202.79866137843453,199.4072554538934,201.91940307617188,2014700,0.0,0.0,SandP500,GPN
2020-12-29 00:00:00-05:00,202.9049643763984,203.9871194685635,201.52328526717028,202.6827392578125,2663200,0.0,0.0,SandP500,GPN
2020-12-30 00:00:00-05:00,203.61028492551867,206.19007469893307,202.92428119850274,203.04022216796875,1555100,0.0,0.0,SandP500,GPN
2020-12-31 00:00:00-05:00,202.9822211558994,208.41233864366208,202.6440403881419,208.1417999267578,1226300,0.0,0.0,SandP500,GPN
2021-01-04 00:00:00-05:00,207.81331492045243,208.22877987574756,197.14630379464595,200.2188720703125,2141400,0.0,0.0,SandP500,GPN
2021-01-05 00:00:00-05:00,200.00628213914015,202.22857711155928,198.18013841368688,198.42169189453125,1228500,0.0,0.0,SandP500,GPN
2021-01-06 00:00:00-05:00,198.90479863211874,205.10789024402283,198.15115295219377,200.32513427734375,1485400,0.0,0.0,SandP500,GPN
2021-01-07 00:00:00-05:00,200.8082596241093,203.32040720611516,200.180211671166,201.0884552001953,1089000,0.0,0.0,SandP500,GPN
2021-01-08 00:00:00-05:00,201.0884470357801,203.28175687925153,198.1221778096934,199.34927368164062,1533500,0.0,0.0,SandP500,GPN
2021-01-11 00:00:00-05:00,197.088357001255,198.50869297265683,193.93850419880852,194.4699249267578,1188000,0.0,0.0,SandP500,GPN
2021-01-12 00:00:00-05:00,194.10273769570196,195.2718631698688,190.6920033176555,193.76455688476562,1243200,0.0,0.0,SandP500,GPN
2021-01-13 00:00:00-05:00,193.95780946322148,195.1365917579051,192.22827809531825,192.3249053955078,1154600,0.0,0.0,SandP500,GPN
2021-01-14 00:00:00-05:00,193.3587199242536,193.41669039902536,187.00103072679516,187.44549560546875,2147700,0.0,0.0,SandP500,GPN
2021-01-15 00:00:00-05:00,186.44066718987145,187.18464138370908,182.78836456379997,184.91404724121094,1993100,0.0,0.0,SandP500,GPN
2021-01-19 00:00:00-05:00,185.89956641773608,187.07834866904864,181.3390351897986,181.40667724609375,2044200,0.0,0.0,SandP500,GPN
2021-01-20 00:00:00-05:00,183.06854329396486,185.99617014325293,181.28104173554644,184.29563903808594,2745000,0.0,0.0,SandP500,GPN
2021-01-21 00:00:00-05:00,184.6531634700924,185.40680923242817,182.67242176415616,182.86566162109375,1469300,0.0,0.0,SandP500,GPN
2021-01-22 00:00:00-05:00,181.05880521150644,182.59508163056196,179.8027243102351,181.18441772460938,2056800,0.0,0.0,SandP500,GPN
2021-01-25 00:00:00-05:00,180.57571861260814,182.04436789662688,176.334040100737,178.82687377929688,1835800,0.0,0.0,SandP500,GPN
2021-01-26 00:00:00-05:00,179.49356200301074,182.3342332543909,178.60464697592138,180.04429626464844,2015300,0.0,0.0,SandP500,GPN
2021-01-27 00:00:00-05:00,177.04903528664914,177.04903528664914,170.29519501098267,171.58026123046875,3043600,0.0,0.0,SandP500,GPN
2021-01-28 00:00:00-05:00,173.5030824448837,178.80758870653656,173.5030824448837,176.092529296875,2632900,0.0,0.0,SandP500,GPN
2021-01-29 00:00:00-05:00,176.14080678392142,176.95242296699732,169.6575046647737,170.55609130859375,2633400,0.0,0.0,SandP500,GPN
2021-02-01 00:00:00-05:00,172.47879926380966,176.84608923956225,172.47879926380966,176.7301483154297,1665700,0.0,0.0,SandP500,GPN
2021-02-02 00:00:00-05:00,179.61917386501844,186.14111826198274,179.18438052053858,184.32464599609375,1789000,0.0,0.0,SandP500,GPN
2021-02-03 00:00:00-05:00,184.06373393692104,188.3247404499045,182.43083021131608,187.45513916015625,2219200,0.0,0.0,SandP500,GPN
2021-02-04 00:00:00-05:00,188.9141619028144,192.97225767886545,188.42138333627432,191.19442749023438,1686100,0.0,0.0,SandP500,GPN
2021-02-05 00:00:00-05:00,192.29590374595284,194.00609181598466,190.373132684992,191.5712432861328,1480400,0.0,0.0,SandP500,GPN
2021-02-08 00:00:00-05:00,195.41678995770147,199.86138044736703,189.986671760526,193.56166076660156,3426200,0.0,0.0,SandP500,GPN
2021-02-09 00:00:00-05:00,190.9238986780366,197.98692089516405,190.9238986780366,196.4119873046875,1571400,0.0,0.0,SandP500,GPN
2021-02-10 00:00:00-05:00,196.85643819904186,198.03522041378054,195.00130915861422,195.39744567871094,1891500,0.0,0.0,SandP500,GPN
2021-02-11 00:00:00-05:00,194.91434217715434,196.05448234074825,191.74516150026582,192.89495849609375,1697100,0.0,0.0,SandP500,GPN
2021-02-12 00:00:00-05:00,190.89488872479797,192.4118368926299,188.71123585881432,190.51805114746094,1639000,0.0,0.0,SandP500,GPN
2021-02-16 00:00:00-05:00,191.3779986112758,191.69683623147856,187.8126668801011,190.0542755126953,1519300,0.0,0.0,SandP500,GPN
2021-02-17 00:00:00-05:00,189.3779028688105,189.3779028688105,185.66764545302664,186.33433532714844,2268300,0.0,0.0,SandP500,GPN
2021-02-18 00:00:00-05:00,185.26187299058796,189.57117906557525,184.14106124050178,187.1749725341797,1318900,0.0,0.0,SandP500,GPN
2021-02-19 00:00:00-05:00,187.93825236700746,189.51318567468746,186.6725145709041,187.61940002441406,2018800,0.0,0.0,SandP500,GPN
2021-02-22 00:00:00-05:00,185.84159585294816,192.35388347255903,184.63382836184303,189.4359130859375,2532200,0.0,0.0,SandP500,GPN
2021-02-23 00:00:00-05:00,189.75476728159694,193.42638343820693,186.95275257282532,191.2137451171875,2479800,0.0,0.0,SandP500,GPN
2021-02-24 00:00:00-05:00,191.1364236091999,198.92410458488393,190.02526887803793,197.36849975585938,1766500,0.0,0.0,SandP500,GPN
2021-02-25 00:00:00-05:00,196.30568411448954,197.39751058282843,191.19441886689214,192.6533966064453,2199500,0.0,0.0,SandP500,GPN
2021-02-26 00:00:00-05:00,193.72588120679686,194.65345301032986,189.3779187856967,191.30068969726562,1619500,0.0,0.0,SandP500,GPN
2021-03-01 00:00:00-05:00,194.3829375511437,195.8419302177064,192.6920629458209,195.34915161132812,1818100,0.0,0.0,SandP500,GPN
2021-03-02 00:00:00-05:00,195.3104621343555,198.40234342789878,194.51817446378485,195.27182006835938,1956200,0.0,0.0,SandP500,GPN
2021-03-03 00:00:00-05:00,194.57621159052175,195.81296453161443,193.8418793957581,194.00613403320312,1242300,0.0,0.0,SandP500,GPN
2021-03-04 00:00:00-05:00,193.7645540462579,194.34428835844,186.15079755625194,187.96726989746094,2155700,0.0,0.0,SandP500,GPN
2021-03-05 00:00:00-05:00,190.07362779028472,192.26693779683575,186.27639893336578,191.590576171875,1529100,0.0,0.0,SandP500,GPN
2021-03-08 00:00:00-05:00,192.4311710282229,200.62466107722477,191.7161674080258,196.4602813720703,2311200,0.0,0.0,SandP500,GPN
2021-03-09 00:00:00-05:00,198.78886242894615,203.1754672539148,198.13182927959892,198.2381134033203,1686800,0.0,0.0,SandP500,GPN
2021-03-10 00:00:00-05:00,199.08840663653666,203.14650267108908,198.17050624374897,202.4798126220703,1706600,0.0,0.0,SandP500,GPN
2021-03-11 00:00:00-05:00,203.9933461624102,205.99527919853912,202.60071441721985,202.9585418701172,2419600,0.195,0.0,SandP500,GPN
2021-03-12 00:00:00-05:00,202.48462286213046,208.08422033993915,202.16547351951561,207.9875030517578,1671500,0.0,0.0,SandP500,GPN
2021-03-15 00:00:00-04:00,207.1654813981893,209.3704999776026,205.96625481270647,208.46141052246094,1130100,0.0,0.0,SandP500,GPN
2021-03-16 00:00:00-04:00,209.1770554444514,209.1770554444514,205.3569585546484,208.3453369140625,1279300,0.0,0.0,SandP500,GPN
2021-03-17 00:00:00-04:00,208.72251858076868,209.27376580266693,204.86372899953577,205.48268127441406,1365800,0.0,0.0,SandP500,GPN
2021-03-18 00:00:00-04:00,204.138388626473,204.97010710900108,199.12873132278446,199.22544860839844,2106200,0.0,0.0,SandP500,GPN
2021-03-19 00:00:00-04:00,199.46723827281826,201.04363862358585,197.81346704060945,198.712890625,3603300,0.0,0.0,SandP500,GPN
2021-03-22 00:00:00-04:00,197.91984445224347,199.35118358216224,196.54654454947246,197.16549682617188,1956200,0.0,0.0,SandP500,GPN
2021-03-23 00:00:00-04:00,196.32414353672002,197.0978376941738,193.2390474914534,194.20616149902344,1600500,0.0,0.0,SandP500,GPN
2021-03-24 00:00:00-04:00,194.82510606076093,197.26223739406103,194.7477351724194,195.03787231445312,1099300,0.0,0.0,SandP500,GPN
2021-03-25 00:00:00-04:00,193.91599813047824,198.45176457392435,193.11329184187173,198.3260498046875,1579100,0.0,0.0,SandP500,GPN
2021-03-26 00:00:00-04:00,199.54459898570988,202.60068224046262,198.0649160013933,202.29119873046875,1326000,0.0,0.0,SandP500,GPN
2021-03-29 00:00:00-04:00,201.2564233148478,201.39181868053987,195.76320828465245,198.7515869140625,1565700,0.0,0.0,SandP500,GPN
2021-03-30 00:00:00-04:00,198.98365604065964,199.3318175844002,197.14614580018625,197.6683807373047,1515800,0.0,0.0,SandP500,GPN
2021-03-31 00:00:00-04:00,197.59103772692555,198.59684444265932,194.86378421389006,194.95082092285156,1506600,0.0,0.0,SandP500,GPN
2021-04-01 00:00:00-04:00,196.2564140149064,201.22739356103057,195.7148325992785,201.13067626953125,1144800,0.0,0.0,SandP500,GPN
2021-04-05 00:00:00-04:00,202.40726106281977,204.0223542573793,199.94113243041645,203.0068817138672,1074500,0.0,0.0,SandP500,GPN
2021-04-06 00:00:00-04:00,201.54654516982558,202.10747304249773,200.64713626230875,201.4304962158203,734200,0.0,0.0,SandP500,GPN
2021-04-07 00:00:00-04:00,202.07843485360755,204.02234312549223,201.92369309681337,202.784423828125,977000,0.0,0.0,SandP500,GPN
2021-04-08 00:00:00-04:00,203.03592609398845,206.27574930850554,203.03592609398845,205.81153869628906,922200,0.0,0.0,SandP500,GPN
2021-04-09 00:00:00-04:00,205.7921628510102,206.50783245843897,204.003010967919,206.285400390625,745700,0.0,0.0,SandP500,GPN
2021-04-12 00:00:00-04:00,206.26603980984365,208.05520632700535,205.49234578196328,207.40724182128906,1008900,0.0,0.0,SandP500,GPN
2021-04-13 00:00:00-04:00,206.04362660215696,208.41305278919816,205.57941604576632,206.62388610839844,759600,0.0,0.0,SandP500,GPN
2021-04-14 00:00:00-04:00,206.7979537144122,209.04165014454924,205.99524745817348,206.37242126464844,1109000,0.0,0.0,SandP500,GPN
2021-04-15 00:00:00-04:00,208.13257126247595,211.93332148381936,208.13257126247595,210.48265075683594,1169300,0.0,0.0,SandP500,GPN
2021-04-16 00:00:00-04:00,211.84628239558768,213.00681601270472,210.05711594966743,210.63739013671875,973800,0.0,0.0,SandP500,GPN
2021-04-19 00:00:00-04:00,210.30862176958993,210.85986908863308,207.64905820842736,208.79991149902344,598900,0.0,0.0,SandP500,GPN
2021-04-20 00:00:00-04:00,207.81342799286676,208.25829209820472,205.14418433289418,206.02426147460938,843300,0.0,0.0,SandP500,GPN
2021-04-21 00:00:00-04:00,206.77862705255433,209.27378276327997,206.43046544740685,208.09390258789062,756200,0.0,0.0,SandP500,GPN
2021-04-22 00:00:00-04:00,207.76511410907142,210.71481492683623,206.51752871479232,209.07070922851562,894000,0.0,0.0,SandP500,GPN
2021-04-23 00:00:00-04:00,208.8192325308521,212.51361473013986,208.0262068026357,209.78634643554688,923800,0.0,0.0,SandP500,GPN
2021-04-26 00:00:00-04:00,210.511705084317,213.5484424897428,209.2254416783547,211.17901611328125,933900,0.0,0.0,SandP500,GPN
2021-04-27 00:00:00-04:00,211.03392871793392,211.48845867042624,208.73219293435739,209.38015747070312,730000,0.0,0.0,SandP500,GPN
2021-04-28 00:00:00-04:00,209.89269087764302,212.7553540011003,209.89269087764302,210.70506286621094,583300,0.0,0.0,SandP500,GPN
2021-04-29 00:00:00-04:00,212.02037923084146,212.416899477252,209.4188404411055,212.03005981445312,619200,0.0,0.0,SandP500,GPN
2021-04-30 00:00:00-04:00,210.05714569478397,210.5793954884804,206.82698866335676,207.57167053222656,1023100,0.0,0.0,SandP500,GPN
2021-05-03 00:00:00-04:00,208.683825762784,209.62192737959762,204.9701121135142,205.48268127441406,1253600,0.0,0.0,SandP500,GPN
2021-05-04 00:00:00-04:00,203.1519344091334,203.20995887942667,197.22352174439732,198.7418975830078,1740800,0.0,0.0,SandP500,GPN
2021-05-05 00:00:00-04:00,200.43434781230494,200.43434781230494,193.22935249493662,193.66455078125,1596500,0.0,0.0,SandP500,GPN
2021-05-06 00:00:00-04:00,194.33187396154068,194.5446402050642,190.92762882215172,194.2738494873047,1819000,0.0,0.0,SandP500,GPN
2021-05-07 00:00:00-04:00,194.97987311450495,196.1694193183684,193.77098049680106,194.7864532470703,1360600,0.0,0.0,SandP500,GPN
2021-05-10 00:00:00-04:00,195.11520862454802,195.33764066599306,188.80962253357325,188.88699340820312,1552500,0.0,0.0,SandP500,GPN
2021-05-11 00:00:00-04:00,186.89475937328976,190.11525040008192,184.82513623752092,188.64523315429688,1937700,0.0,0.0,SandP500,GPN
2021-05-12 00:00:00-04:00,187.12688429316302,190.20229958387708,186.169436166079,188.51951599121094,2046700,0.0,0.0,SandP500,GPN
2021-05-13 00:00:00-04:00,189.55431424665738,191.8173571097622,188.22937299686276,190.21194458007812,1522700,0.0,0.0,SandP500,GPN
2021-05-14 00:00:00-04:00,191.50787711819913,193.66453674121405,190.8212198331842,192.387939453125,1229400,0.0,0.0,SandP500,GPN
2021-05-17 00:00:00-04:00,190.87925840407559,191.614274384373,189.01273573197597,190.33767700195312,960700,0.0,0.0,SandP500,GPN
2021-05-18 00:00:00-04:00,190.93728237640923,191.6432861195351,188.91601794983947,189.1287841796875,1388000,0.0,0.0,SandP500,GPN
2021-05-19 00:00:00-04:00,185.77293380844827,188.44217802353074,184.67042438478052,188.36480712890625,1747900,0.0,0.0,SandP500,GPN
2021-05-20 00:00:00-04:00,189.19651209748648,191.4595552626441,188.422817964265,189.0321044921875,1606000,0.0,0.0,SandP500,GPN
2021-05-21 00:00:00-04:00,189.83480063221182,190.74389015364264,187.10754682490793,187.2332763671875,1894400,0.0,0.0,SandP500,GPN
2021-05-24 00:00:00-04:00,188.7129305522512,189.6510321686996,188.0649660426298,188.8289794921875,2180400,0.0,0.0,SandP500,GPN
2021-05-25 00:00:00-04:00,188.81930251354245,189.74772349216795,187.39764405534837,188.69357299804688,2013700,0.0,0.0,SandP500,GPN
2021-05-26 00:00:00-04:00,188.18103410418212,189.13848222690436,185.8696323546698,186.46923828125,1747600,0.0,0.0,SandP500,GPN
2021-05-27 00:00:00-04:00,187.62009257309012,188.94503386541695,186.44987828613228,186.8560791015625,2154900,0.0,0.0,SandP500,GPN
2021-05-28 00:00:00-04:00,187.62013249490212,188.53888792427816,186.34353481931365,187.3396759033203,1638700,0.0,0.0,SandP500,GPN
2021-06-01 00:00:00-04:00,188.95473576864475,189.54467589182585,186.8947782511948,187.30096435546875,1220400,0.0,0.0,SandP500,GPN
2021-06-02 00:00:00-04:00,188.26804289708687,191.24675519125802,187.69744929306003,189.55430603027344,2119100,0.0,0.0,SandP500,GPN
2021-06-03 00:00:00-04:00,187.5427388128561,188.5001869532279,185.91799443075755,187.06884765625,1447800,0.0,0.0,SandP500,GPN
2021-06-04 00:00:00-04:00,188.32609154143816,189.38025694092158,187.26227507215333,187.8135223388672,875800,0.0,0.0,SandP500,GPN
2021-06-07 00:00:00-04:00,188.1230110902678,188.7032706104067,184.43830927438006,184.9121856689453,1270500,0.0,0.0,SandP500,GPN
2021-06-08 00:00:00-04:00,185.47310700210411,186.8464070021457,185.02824286136573,185.2023162841797,1670800,0.0,0.0,SandP500,GPN
2021-06-09 00:00:00-04:00,186.08237580366992,187.5717246106505,185.5117821849361,185.6374969482422,1281900,0.0,0.0,SandP500,GPN
2021-06-10 00:00:00-04:00,185.87469546308358,186.73630153346502,184.9743719974912,185.5552215576172,1300300,0.195,0.0,SandP500,GPN
2021-06-11 00:00:00-04:00,185.91342972915075,188.09164901427295,185.77789667562297,187.3268585205078,1155200,0.0,0.0,SandP500,GPN
2021-06-14 00:00:00-04:00,187.32682668243802,187.45268405789275,184.53870174431302,186.07798767089844,2795100,0.0,0.0,SandP500,GPN
2021-06-15 00:00:00-04:00,186.70726406159898,188.91452493891464,185.01309362151935,188.1497344970703,1444600,0.0,0.0,SandP500,GPN
2021-06-16 00:00:00-04:00,188.5079278934646,189.26304268764554,185.0130956703475,185.8262939453125,1407400,0.0,0.0,SandP500,GPN
2021-06-17 00:00:00-04:00,185.72950563495777,190.13433730839128,185.58428215117732,187.1042022705078,1741400,0.0,0.0,SandP500,GPN
2021-06-18 00:00:00-04:00,185.47775300415503,187.86895445042248,184.56773920394093,184.74200439453125,2102600,0.0,0.0,SandP500,GPN
2021-06-21 00:00:00-04:00,185.6423533846501,188.60474385752786,184.1902072746488,187.5010986328125,1296700,0.0,0.0,SandP500,GPN
2021-06-22 00:00:00-04:00,187.6947623033794,188.20785283564618,185.74887672629532,187.3849639892578,1110300,0.0,0.0,SandP500,GPN
2021-06-23 00:00:00-04:00,187.57854325040407,187.57854325040407,184.3354258868049,184.7032928466797,1344000,0.0,0.0,SandP500,GPN
2021-06-24 00:00:00-04:00,186.57170324471167,186.96862666258107,184.4418922486197,185.40029907226562,1776700,0.0,0.0,SandP500,GPN
2021-06-25 00:00:00-04:00,185.77790763848722,186.6007964368905,184.95503361207975,186.09738159179688,2180700,0.0,0.0,SandP500,GPN
2021-06-28 00:00:00-04:00,186.79438255890108,187.46237210046706,182.1184705399326,183.58030700683594,1301300,0.0,0.0,SandP500,GPN
2021-06-29 00:00:00-04:00,183.9094793022173,184.69363589683655,181.43115211902722,181.5376434326172,1315400,0.0,0.0,SandP500,GPN
2021-06-30 00:00:00-04:00,182.1572067394865,182.6993389092836,180.84059371055338,181.55697631835938,1356700,0.0,0.0,SandP500,GPN
2021-07-01 00:00:00-04:00,181.8958002637109,186.42650328816407,181.68281767693787,186.07798767089844,1526400,0.0,0.0,SandP500,GPN
2021-07-02 00:00:00-04:00,186.86214989310434,187.60757419786032,186.378101230383,187.19129943847656,1067100,0.0,0.0,SandP500,GPN
2021-07-06 00:00:00-04:00,186.80409262998097,187.8012318333489,185.43907166428485,186.69760131835938,1809400,0.0,0.0,SandP500,GPN
2021-07-07 00:00:00-04:00,187.12348784646625,187.60753641169504,185.70039865492436,185.87464904785156,1241200,0.0,0.0,SandP500,GPN
2021-07-08 00:00:00-04:00,183.28018252283448,183.8126242045423,181.6150540341687,182.1184539794922,1437100,0.0,0.0,SandP500,GPN
2021-07-09 00:00:00-04:00,184.01598062754982,187.63667071460435,183.67714058260233,184.29672241210938,1838400,0.0,0.0,SandP500,GPN
2021-07-12 00:00:00-04:00,183.26085259690393,183.88043438199455,182.3121212198578,183.55128479003906,1732300,0.0,0.0,SandP500,GPN
2021-07-13 00:00:00-04:00,183.05751765373836,186.44585825449226,182.8735768004643,185.00340270996094,1974100,0.0,0.0,SandP500,GPN
2021-07-14 00:00:00-04:00,186.32001995447874,187.588225102265,185.60362260727436,186.86215209960938,2938500,0.0,0.0,SandP500,GPN
2021-07-15 00:00:00-04:00,186.16510960094732,190.3569725892887,186.10702612775887,188.93386840820312,2551900,0.0,0.0,SandP500,GPN
2021-07-16 00:00:00-04:00,189.67929189998785,190.59899612834568,188.45949465204941,188.517578125,1466800,0.0,0.0,SandP500,GPN
2021-07-19 00:00:00-04:00,186.0586501879669,186.10705801458198,178.49781151132296,180.11453247070312,2413000,0.0,0.0,SandP500,GPN
2021-07-20 00:00:00-04:00,180.6663110874544,184.3547593897443,180.385569373723,182.72836303710938,1452400,0.0,0.0,SandP500,GPN
2021-07-21 00:00:00-04:00,183.62868295260853,185.8650000531933,182.58315090110418,185.69073486328125,1172100,0.0,0.0,SandP500,GPN
2021-07-22 00:00:00-04:00,186.00054604787212,186.7750120997237,183.79328530171034,184.974365234375,1090100,0.0,0.0,SandP500,GPN
2021-07-23 00:00:00-04:00,186.51363488730394,188.10131391544698,186.000544484867,186.871826171875,963200,0.0,0.0,SandP500,GPN
2021-07-26 00:00:00-04:00,186.19418579546053,186.80409192079543,184.32575002082893,185.0227813720703,1272600,0.0,0.0,SandP500,GPN
2021-07-27 00:00:00-04:00,184.11278867042802,189.12754176169855,184.11278867042802,186.55239868164062,1761200,0.0,0.0,SandP500,GPN
2021-07-28 00:00:00-04:00,186.8427998293997,187.97547202463812,184.8194797910335,185.50682067871094,1679100,0.0,0.0,SandP500,GPN
2021-07-29 00:00:00-04:00,186.90089530201323,188.98231372690557,186.75568659022787,187.1042022705078,1490700,0.0,0.0,SandP500,GPN
2021-07-30 00:00:00-04:00,186.14577599243043,188.6821865774182,185.54556030211907,187.23973083496094,2135500,0.0,0.0,SandP500,GPN
2021-08-02 00:00:00-04:00,187.86896455007096,189.1468601097914,165.17676088564235,166.30943298339844,8546900,0.0,0.0,SandP500,GPN
2021-08-03 00:00:00-04:00,168.91360948544008,170.8498040478151,159.5327444672143,164.16026306152344,7111100,0.0,0.0,SandP500,GPN
2021-08-04 00:00:00-04:00,162.756526971657,164.4506973884588,158.80668788441702,160.1620330810547,4024200,0.0,0.0,SandP500,GPN
2021-08-05 00:00:00-04:00,160.74292941493115,165.11873498649194,160.65580417056773,164.86703491210938,2596300,0.0,0.0,SandP500,GPN
2021-08-06 00:00:00-04:00,166.51275434380673,173.55082664321785,165.42848997279216,170.61749267578125,3401300,0.0,0.0,SandP500,GPN
2021-08-09 00:00:00-04:00,170.6562121948199,171.69208352586355,167.2388294803954,168.29405212402344,3212900,0.0,0.0,SandP500,GPN
2021-08-10 00:00:00-04:00,168.12947372772314,169.0975711279671,163.86016064736887,164.33453369140625,4329300,0.0,0.0,SandP500,GPN
2021-08-11 00:00:00-04:00,165.4187941904483,166.0674176608284,162.95983335091785,164.1505889892578,4280700,0.0,0.0,SandP500,GPN
2021-08-12 00:00:00-04:00,164.57656768514966,164.7411424801954,161.1301431018504,162.4854736328125,3321900,0.0,0.0,SandP500,GPN
2021-08-13 00:00:00-04:00,162.6016261656657,166.51273268962925,160.85904810172462,165.94155883789062,3110400,0.0,0.0,SandP500,GPN
2021-08-16 00:00:00-04:00,164.9928643373491,165.32202874299932,162.06922026619696,162.75656127929688,2185800,0.0,0.0,SandP500,GPN
2021-08-17 00:00:00-04:00,161.5173748304432,163.28899493458326,161.35280003676831,161.8658905029297,3655600,0.0,0.0,SandP500,GPN
2021-08-18 00:00:00-04:00,161.4883474773889,163.4729503788768,160.52994037165283,161.03334045410156,2448600,0.0,0.0,SandP500,GPN
2021-08-19 00:00:00-04:00,159.73606039409987,160.88809858712773,157.31581705479533,157.79986572265625,3746700,0.0,0.0,SandP500,GPN
2021-08-20 00:00:00-04:00,157.5578328794812,158.86477012091896,157.04474250101862,157.85794067382812,3806600,0.0,0.0,SandP500,GPN
2021-08-23 00:00:00-04:00,159.41655189496308,161.30433833542648,159.31006062027078,160.5589141845703,2170400,0.0,0.0,SandP500,GPN
2021-08-24 00:00:00-04:00,160.89777924951215,162.76621484703512,160.89777924951215,161.9626922607422,2185400,0.0,0.0,SandP500,GPN
2021-08-25 00:00:00-04:00,162.64038713833207,162.64038713833207,159.9103449779519,159.97811889648438,1596900,0.0,0.0,SandP500,GPN
2021-08-26 00:00:00-04:00,158.7485956890703,159.077760007263,156.45420974904016,156.551025390625,1817500,0.0,0.0,SandP500,GPN
2021-08-27 00:00:00-04:00,156.2025182265001,159.18424515858985,155.49579650301712,158.90350341796875,2340600,0.0,0.0,SandP500,GPN
2021-08-30 00:00:00-04:00,159.52308858958284,160.79129382164857,155.90239899114053,156.15411376953125,2308200,0.0,0.0,SandP500,GPN
2021-08-31 00:00:00-04:00,156.75432369534371,158.4678601689422,155.91208371414828,157.45135498046875,2064400,0.0,0.0,SandP500,GPN
2021-09-01 00:00:00-04:00,157.92571559405434,160.29755099939467,157.2770921826016,157.3254852294922,2102400,0.0,0.0,SandP500,GPN
2021-09-02 00:00:00-04:00,157.27711034315274,157.93540948559794,153.38535465306867,153.5305633544922,3078300,0.0,0.0,SandP500,GPN
2021-09-03 00:00:00-04:00,153.44342818967948,154.51801682655633,151.97191609864248,152.96905517578125,2691600,0.0,0.0,SandP500,GPN
2021-09-07 00:00:00-04:00,153.4918585312743,155.2053952084047,152.49471930783568,153.54994201660156,1647100,0.0,0.0,SandP500,GPN
2021-09-08 00:00:00-04:00,155.23443147086778,165.15743029850245,155.05049059249492,164.59593200683594,5848900,0.0,0.0,SandP500,GPN
2021-09-09 00:00:00-04:00,165.0128325663497,170.3742942527311,164.7898463903222,166.83554077148438,5800700,0.25,0.0,SandP500,GPN
2021-09-10 00:00:00-04:00,167.78564099500068,168.59034682659174,159.64165405313943,161.29953002929688,3786700,0.0,0.0,SandP500,GPN
2021-09-13 00:00:00-04:00,162.16240903745998,162.87986137163148,158.83695230212095,159.74830627441406,2365800,0.0,0.0,SandP500,GPN
2021-09-14 00:00:00-04:00,160.18458965035526,160.18458965035526,156.93668171515912,157.16937255859375,2448400,0.0,0.0,SandP500,GPN
2021-09-15 00:00:00-04:00,157.2566420515701,160.76632569293028,155.87992104066296,160.42698669433594,2601900,0.0,0.0,SandP500,GPN
2021-09-16 00:00:00-04:00,159.76768724661395,161.2316764316539,158.3618818678064,158.99208068847656,1833600,0.0,0.0,SandP500,GPN
2021-09-17 00:00:00-04:00,158.50730684141905,158.8854201868587,156.12227395912947,157.091796875,2129300,0.0,0.0,SandP500,GPN
2021-09-20 00:00:00-04:00,154.34807652265727,155.5696851121801,152.525383131244,155.2400360107422,1705100,0.0,0.0,SandP500,GPN
2021-09-21 00:00:00-04:00,155.90903210287487,155.94782131753385,151.73038924529217,151.80795288085938,1733800,0.0,0.0,SandP500,GPN
2021-09-22 00:00:00-04:00,153.67907808252286,157.07240842085452,152.39931547624298,156.21923828125,1604400,0.0,0.0,SandP500,GPN
2021-09-23 00:00:00-04:00,156.40347119422387,159.18599771454848,156.24834395010345,158.98239135742188,1441800,0.0,0.0,SandP500,GPN
2021-09-24 00:00:00-04:00,159.118112272518,160.1361143956401,156.14168431324356,156.7136993408203,2066000,0.0,0.0,SandP500,GPN
2021-09-27 00:00:00-04:00,156.64582176467442,159.77737658364177,155.93805939748495,158.62364196777344,1952300,0.0,0.0,SandP500,GPN
2021-09-28 00:00:00-04:00,157.61535964340678,158.85634788756454,156.21924417029257,157.16937255859375,1832800,0.0,0.0,SandP500,GPN
2021-09-29 00:00:00-04:00,157.5765510166099,158.64303209204868,155.7441533824432,155.8023223876953,1233400,0.0,0.0,SandP500,GPN
2021-09-30 00:00:00-04:00,156.72340185189483,157.20816339773273,152.72897144818998,152.77745056152344,1835400,0.0,0.0,SandP500,GPN
2021-10-01 00:00:00-04:00,152.9713365306698,156.02532803869795,150.43119102502416,154.97825622558594,1644300,0.0,0.0,SandP500,GPN
2021-10-04 00:00:00-04:00,154.75523410970933,155.18182653491695,149.34529477808928,151.4588623046875,1644300,0.0,0.0,SandP500,GPN
2021-10-05 00:00:00-04:00,152.01151721283443,154.29959227351807,150.85779717431546,152.81622314453125,1579700,0.0,0.0,SandP500,GPN
2021-10-06 00:00:00-04:00,151.02260739362723,153.74696475659087,149.80099890080547,153.71788024902344,1339500,0.0,0.0,SandP500,GPN
2021-10-07 00:00:00-04:00,154.86190226153664,156.85911724376274,154.3480562629541,154.9976348876953,1874600,0.0,0.0,SandP500,GPN
2021-10-08 00:00:00-04:00,155.3563421364973,157.47958468738284,154.2510867124941,154.53224182128906,1364600,0.0,0.0,SandP500,GPN
2021-10-11 00:00:00-04:00,154.5516526400744,154.62921624913085,146.27191859668477,146.8439483642578,1987000,0.0,0.0,SandP500,GPN
2021-10-12 00:00:00-04:00,146.90212112508146,148.0364611982342,144.77886350338036,146.38827514648438,1804100,0.0,0.0,SandP500,GPN
2021-10-13 00:00:00-04:00,145.97137226478853,148.12371438666872,144.15836909123254,147.8522491455078,1934900,0.0,0.0,SandP500,GPN
2021-10-14 00:00:00-04:00,149.51013143005918,150.73172494615136,148.33700222348824,150.24696350097656,1551700,0.0,0.0,SandP500,GPN
2021-10-15 00:00:00-04:00,151.5461224460549,155.7441583870041,151.25526261670308,155.6859893798828,1606300,0.0,0.0,SandP500,GPN
2021-10-18 00:00:00-04:00,154.4159355655976,156.7233902938671,153.213721694831,154.50318908691406,1478200,0.0,0.0,SandP500,GPN
2021-10-19 00:00:00-04:00,155.37574891894585,157.19845687258808,154.63891677292403,156.08351135253906,1441500,0.0,0.0,SandP500,GPN
2021-10-20 00:00:00-04:00,155.26910281918205,158.0613337983365,154.8716096316958,156.3937530517578,1283200,0.0,0.0,SandP500,GPN
2021-10-21 00:00:00-04:00,155.28847490953348,155.28847490953348,153.71785260832328,155.1139678955078,721900,0.0,0.0,SandP500,GPN
2021-10-22 00:00:00-04:00,155.2206509914986,156.15138486359575,151.68188287402484,153.1846466064453,1093700,0.0,0.0,SandP500,GPN
2021-10-25 00:00:00-04:00,153.40762640318133,154.55167128257992,152.59323060047234,152.97134399414062,1368800,0.0,0.0,SandP500,GPN
2021-10-26 00:00:00-04:00,154.1250449200783,154.3286364291569,150.86744763112208,151.2164764404297,1437100,0.0,0.0,SandP500,GPN
2021-10-27 00:00:00-04:00,150.27604400900134,150.48934022270726,137.982501187198,139.73733520507812,4573000,0.0,0.0,SandP500,GPN
2021-10-28 00:00:00-04:00,141.14314665192182,141.4049219792008,137.4201822375463,138.4866485595703,2852500,0.0,0.0,SandP500,GPN
2021-10-29 00:00:00-04:00,138.05036044042683,139.87306816438584,137.93402243038517,138.632080078125,2890000,0.0,0.0,SandP500,GPN
2021-11-01 00:00:00-04:00,139.1071443583466,141.50186715319606,138.18610054349966,141.37583923339844,3703500,0.0,0.0,SandP500,GPN
2021-11-02 00:00:00-04:00,133.8232593042511,136.06285508060236,124.69035436505743,128.31637573242188,8256700,0.0,0.0,SandP500,GPN
2021-11-03 00:00:00-04:00,128.55876061834212,133.10581123493472,128.24850614551622,130.7595672607422,6155300,0.0,0.0,SandP500,GPN
2021-11-04 00:00:00-04:00,130.8856099375293,134.90912462181362,130.19724207231266,131.4964141845703,4599200,0.0,0.0,SandP500,GPN
2021-11-05 00:00:00-04:00,133.72629008352948,135.6556460320374,131.4382301801424,132.58226013183594,3200300,0.0,0.0,SandP500,GPN
2021-11-08 00:00:00-05:00,132.65983500900424,133.18337092426935,130.01304133843348,130.48809814453125,2774100,0.0,0.0,SandP500,GPN
2021-11-09 00:00:00-05:00,131.17647733542782,131.5061116362813,128.49089422774298,128.77206420898438,3255700,0.0,0.0,SandP500,GPN
2021-11-10 00:00:00-05:00,128.7138633175885,130.9534737901784,127.58922792309644,128.44239807128906,3629600,0.0,0.0,SandP500,GPN
2021-11-11 00:00:00-05:00,128.49087918709424,129.00472518231945,124.01168775937775,124.74851989746094,3530300,0.0,0.0,SandP500,GPN
2021-11-12 00:00:00-05:00,125.06845839980461,127.88977368629924,124.97150018897305,127.62799835205078,4278900,0.0,0.0,SandP500,GPN
2021-11-15 00:00:00-05:00,128.89808010295184,129.334362494919,127.6086127355844,127.77342987060547,2514700,0.0,0.0,SandP500,GPN
2021-11-16 00:00:00-05:00,127.5116767124176,128.92717209239908,124.96182633623806,125.4175033569336,2418400,0.0,0.0,SandP500,GPN
2021-11-17 00:00:00-05:00,125.07816838530633,125.07816838530633,118.8247474200477,121.68484497070312,4765500,0.0,0.0,SandP500,GPN
2021-11-18 00:00:00-05:00,124.27345352443847,124.2831582226306,121.72361804319034,122.98399353027344,4939700,0.0,0.0,SandP500,GPN
2021-11-19 00:00:00-05:00,122.76099896134873,125.22358814938517,121.9853776402651,122.09202575683594,3874100,0.0,0.0,SandP500,GPN
2021-11-22 00:00:00-05:00,122.19867966398677,123.54631604065281,117.96186149609247,119.76517486572266,2971300,0.0,0.0,SandP500,GPN
2021-11-23 00:00:00-05:00,120.22084378600016,122.18897415802935,119.25132085224209,121.23884582519531,2616900,0.0,0.0,SandP500,GPN
2021-11-24 00:00:00-05:00,120.99646952489938,123.02276898019554,120.32749630909672,120.76377868652344,3053600,0.0,0.0,SandP500,GPN
2021-11-26 00:00:00-05:00,117.40923358773995,120.26933087019093,116.56575331341205,119.40645599365234,2308900,0.0,0.0,SandP500,GPN
2021-11-29 00:00:00-05:00,120.96737660287373,121.47153268489909,116.58513607328786,116.59483337402344,3087500,0.0,0.0,SandP500,GPN
2021-11-30 00:00:00-05:00,116.34275900669437,117.1183803588217,113.1918092835964,115.41201782226562,5403200,0.0,0.0,SandP500,GPN
2021-12-01 00:00:00-05:00,117.29289693519937,117.70009482390938,113.57962203384125,114.26798248291016,3399600,0.0,0.0,SandP500,GPN
2021-12-02 00:00:00-05:00,114.32614392044654,118.67930727005603,114.17102409559163,118.09758758544922,4636500,0.0,0.0,SandP500,GPN
2021-12-03 00:00:00-05:00,118.47571781035069,118.77627499602231,114.48128744149665,116.60453796386719,3486800,0.0,0.0,SandP500,GPN
2021-12-06 00:00:00-05:00,117.58374364024763,124.98120857382754,116.71117149512949,123.15850067138672,4235100,0.0,0.0,SandP500,GPN
2021-12-07 00:00:00-05:00,124.09895765906643,128.46181163926798,124.09895765906643,125.81501770019531,3593800,0.0,0.0,SandP500,GPN
2021-12-08 00:00:00-05:00,125.38843405635507,128.27760897694978,124.41891088090385,126.14466094970703,1743200,0.0,0.0,SandP500,GPN
2021-12-09 00:00:00-05:00,125.3108444500244,127.28866480869121,123.23606587641217,123.48814392089844,2652500,0.0,0.0,SandP500,GPN
2021-12-10 00:00:00-05:00,121.73332017359094,123.57541557481292,120.48263446534351,121.96601104736328,2280700,0.0,0.0,SandP500,GPN
2021-12-13 00:00:00-05:00,121.71391668122308,124.09894234172837,121.28732419992392,123.08094024658203,1985000,0.0,0.0,SandP500,GPN
2021-12-14 00:00:00-05:00,122.32470741528257,125.65017878817257,121.67512882152475,124.3219223022461,2962400,0.0,0.0,SandP500,GPN
2021-12-15 00:00:00-05:00,125.58478042261675,126.10935386924963,122.14596357646778,124.39965057373047,1878200,0.25,0.0,SandP500,GPN
2021-12-16 00:00:00-05:00,126.26475524983086,126.29389656888164,122.45680305987094,123.25336456298828,2910200,0.0,0.0,SandP500,GPN
2021-12-17 00:00:00-05:00,122.69965965461809,125.1573430933524,119.7562677920605,124.40936279296875,3410200,0.0,0.0,SandP500,GPN
2021-12-20 00:00:00-05:00,121.57282445513863,121.92253512611263,118.55171735447702,120.13512420654297,2769000,0.0,0.0,SandP500,GPN
2021-12-21 00:00:00-05:00,121.42708845190363,128.9944180822635,120.58195324820271,128.081298828125,3160900,0.0,0.0,SandP500,GPN
2021-12-22 00:00:00-05:00,129.18872762867304,131.72412611001764,128.3533085744426,130.98583984375,2516200,0.0,0.0,SandP500,GPN
2021-12-23 00:00:00-05:00,130.50989761949504,132.49158204690409,130.16989569421912,131.500732421875,2064600,0.0,0.0,SandP500,GPN
2021-12-27 00:00:00-05:00,131.28698901488218,131.4035691230883,127.88702984134322,129.72300720214844,1678900,0.0,0.0,SandP500,GPN
2021-12-28 00:00:00-05:00,128.92642139809087,132.78294675691873,128.35328912124794,131.28695678710938,1217300,0.0,0.0,SandP500,GPN
2021-12-29 00:00:00-05:00,130.96640809023063,132.24867044096018,130.03384152571965,130.40298461914062,1005300,0.0,0.0,SandP500,GPN
2021-12-30 00:00:00-05:00,130.41274016024136,133.85155002685914,130.3447338512458,132.39442443847656,2026500,0.0,0.0,SandP500,GPN
2021-12-31 00:00:00-05:00,131.33559460255216,133.2298550644706,130.92760118172737,131.316162109375,1293200,0.0,0.0,SandP500,GPN
2022-01-03 00:00:00-05:00,131.85040522025753,138.05775831392157,131.71440745383316,137.64976501464844,3071000,0.0,0.0,SandP500,GPN
2022-01-04 00:00:00-05:00,139.08745963643403,142.25428810329598,136.72692376900397,141.2731475830078,3985000,0.0,0.0,SandP500,GPN
2022-01-05 00:00:00-05:00,141.2731551967751,147.02395639228797,140.8554530371212,142.23486328125,5054500,0.0,0.0,SandP500,GPN
2022-01-06 00:00:00-05:00,143.79885081976684,149.18050905702185,143.31314234173678,146.9365234375,4486800,0.0,0.0,SandP500,GPN
2022-01-07 00:00:00-05:00,145.77078631375124,149.36502510675896,145.5765059400345,145.9067840576172,2698000,0.0,0.0,SandP500,GPN
2022-01-10 00:00:00-05:00,146.47022901214376,147.053085041472,139.26231788418363,142.8079833984375,2505400,0.0,0.0,SandP500,GPN
2022-01-11 00:00:00-05:00,143.28399905725044,145.59597612426847,141.59372824069362,144.83827209472656,2396100,0.0,0.0,SandP500,GPN
2022-01-12 00:00:00-05:00,144.4788360595703,145.58625076848185,140.80688124461912,144.4788360595703,1678700,0.0,0.0,SandP500,GPN
2022-01-13 00:00:00-05:00,144.4982284049648,147.45132853410215,144.40108080975344,144.97422790527344,1565300,0.0,0.0,SandP500,GPN
2022-01-14 00:00:00-05:00,143.57542953407892,146.36339146373197,143.32285163819355,146.246826171875,2064700,0.0,0.0,SandP500,GPN
2022-01-18 00:00:00-05:00,145.26566078499846,146.68393582553986,141.2731371706161,142.89541625976562,2243600,0.0,0.0,SandP500,GPN
2022-01-19 00:00:00-05:00,142.8760020176526,144.67311442160405,141.57430690551885,141.6908721923828,1843600,0.0,0.0,SandP500,GPN
2022-01-20 00:00:00-05:00,141.8268665709174,145.1102604169701,140.44745635969852,140.71945190429688,1737700,0.0,0.0,SandP500,GPN
2022-01-21 00:00:00-05:00,142.1474442867304,142.1474442867304,136.60064697189543,136.74636840820312,2420400,0.0,0.0,SandP500,GPN
2022-01-24 00:00:00-05:00,134.05550814011602,137.06690591869753,130.94697758255495,136.78518676757812,3157400,0.0,0.0,SandP500,GPN
2022-01-25 00:00:00-05:00,134.5606954839618,137.01837946328178,131.2870099079231,135.51268005371094,2059300,0.0,0.0,SandP500,GPN
2022-01-26 00:00:00-05:00,137.7177815188666,140.38917806089555,135.35723068486146,136.4646453857422,2492000,0.0,0.0,SandP500,GPN
2022-01-27 00:00:00-05:00,137.8246115235017,140.45714258266435,135.38634602475722,136.9989013671875,2578300,0.0,0.0,SandP500,GPN
2022-01-28 00:00:00-05:00,137.12522495694157,143.11886596679688,137.0378009858563,143.11886596679688,2942100,0.0,0.0,SandP500,GPN
2022-01-31 00:00:00-05:00,141.22458669031175,145.66395399628036,140.8165933911796,145.59596252441406,2411300,0.0,0.0,SandP500,GPN
2022-02-01 00:00:00-05:00,144.90622592082667,147.92733242072157,143.9251003997242,147.28619384765625,1769600,0.0,0.0,SandP500,GPN
2022-02-02 00:00:00-05:00,147.65533933682997,148.58790589670951,145.24623005588475,146.51878356933594,2046600,0.0,0.0,SandP500,GPN
2022-02-03 00:00:00-05:00,144.38169512844615,145.1685404269569,140.19489076145533,140.3988800048828,2325400,0.0,0.0,SandP500,GPN
2022-02-04 00:00:00-05:00,139.0000410959025,142.5748630067971,138.3200522283166,141.62286376953125,2327100,0.0,0.0,SandP500,GPN
2022-02-07 00:00:00-05:00,142.20570589414208,144.05139189981622,140.24343979213947,142.67198181152344,1919600,0.0,0.0,SandP500,GPN
2022-02-08 00:00:00-05:00,140.26289242764454,140.40859904068094,136.2898006706254,139.90347290039062,3110800,0.0,0.0,SandP500,GPN
2022-02-09 00:00:00-05:00,142.08914650566297,143.90569126815572,141.10800600270164,142.186279296875,2496000,0.0,0.0,SandP500,GPN
2022-02-10 00:00:00-05:00,138.46580326123174,148.61712501295676,137.9703858178894,141.37034606933594,2917800,0.0,0.0,SandP500,GPN
2022-02-11 00:00:00-05:00,142.28342946757726,145.84852758504394,141.74914722705338,142.50685119628906,2151400,0.0,0.0,SandP500,GPN
2022-02-14 00:00:00-05:00,142.5262845463708,144.28454671184278,141.45772005885706,142.75942993164062,1830400,0.0,0.0,SandP500,GPN
2022-02-15 00:00:00-05:00,141.66172189390142,143.14798849781917,138.8057539655434,139.82574462890625,3163600,0.0,0.0,SandP500,GPN
2022-02-16 00:00:00-05:00,139.49547574253185,140.81660334759871,138.3589049013767,140.16574096679688,2156500,0.0,0.0,SandP500,GPN
2022-02-17 00:00:00-05:00,138.38803798423368,138.883455195083,133.71551092326288,133.87094116210938,2332600,0.0,0.0,SandP500,GPN
2022-02-18 00:00:00-05:00,133.8126408383377,134.58977710719026,131.43267305837287,132.71493530273438,2104900,0.0,0.0,SandP500,GPN
2022-02-22 00:00:00-05:00,131.42298087220374,133.4532533810669,130.53900279209137,132.1321258544922,2353100,0.0,0.0,SandP500,GPN
2022-02-23 00:00:00-05:00,132.4041048610548,133.0938024469963,129.39270703266348,129.7035675048828,1899800,0.0,0.0,SandP500,GPN
2022-02-24 00:00:00-05:00,126.08990769931522,131.81155224422062,124.82706285377536,131.59783935546875,3697900,0.0,0.0,SandP500,GPN
2022-02-25 00:00:00-05:00,131.60753663495467,134.46350424062518,130.19898531738502,133.6572265625,1733200,0.0,0.0,SandP500,GPN
2022-02-28 00:00:00-05:00,131.1023906636214,132.161231198618,127.71214139849623,129.5675506591797,3116300,0.0,0.0,SandP500,GPN
2022-03-01 00:00:00-05:00,128.8390012239713,130.35440889916998,124.08876675878847,125.23503875732422,2284000,0.0,0.0,SandP500,GPN
2022-03-02 00:00:00-05:00,125.01164368674165,132.44297706967853,125.01164368674165,131.93785095214844,2806000,0.0,0.0,SandP500,GPN
2022-03-03 00:00:00-05:00,132.53041657030704,132.81213580603833,126.02192551819287,126.75048828125,2081100,0.0,0.0,SandP500,GPN
2022-03-04 00:00:00-05:00,126.07047041839577,127.01274589497692,121.82538376920553,124.37049102783203,2906900,0.0,0.0,SandP500,GPN
2022-03-07 00:00:00-05:00,124.05965436900465,124.30250859979778,119.08599705428504,119.144287109375,2636900,0.0,0.0,SandP500,GPN
2022-03-08 00:00:00-05:00,118.24085398382279,123.43793237725146,117.52200762758868,119.68826293945312,2031200,0.0,0.0,SandP500,GPN
2022-03-09 00:00:00-05:00,123.27280238831015,124.92421551548414,122.6316636961394,124.43850708007812,1379900,0.0,0.0,SandP500,GPN
2022-03-10 00:00:00-05:00,121.41146884483932,124.10755905796609,121.41146884483932,123.72796630859375,1145900,0.25,0.0,SandP500,GPN
2022-03-11 00:00:00-05:00,125.44101515136391,125.44101515136391,123.2315828923075,123.6014404296875,1131000,0.0,0.0,SandP500,GPN
2022-03-14 00:00:00-04:00,124.16597137893696,126.2002064922441,122.84226049656482,123.69877624511719,1197100,0.0,0.0,SandP500,GPN
2022-03-15 00:00:00-04:00,124.5747659117747,126.04447577806762,122.78386727206052,125.07115936279297,1530600,0.0,0.0,SandP500,GPN
2022-03-16 00:00:00-04:00,127.17355055580545,130.0253610658159,126.4240926151396,129.98643493652344,1509100,0.0,0.0,SandP500,GPN
2022-03-17 00:00:00-04:00,128.01056033637303,129.91825191384046,126.85231159566825,129.8695831298828,1674000,0.0,0.0,SandP500,GPN
2022-03-18 00:00:00-04:00,129.4413445935481,131.56316707269463,128.74055564500117,131.397705078125,3192200,0.0,0.0,SandP500,GPN
2022-03-21 00:00:00-04:00,131.38800400304189,131.73839854863186,129.68470007201887,130.81373596191406,1787400,0.0,0.0,SandP500,GPN
2022-03-22 00:00:00-04:00,131.69944643102994,134.69726287826478,131.48531562396812,133.29568481445312,1752800,0.0,0.0,SandP500,GPN
2022-03-23 00:00:00-04:00,132.00117135406157,132.8868928823003,130.2005448440312,130.6580047607422,1605600,0.0,0.0,SandP500,GPN
2022-03-24 00:00:00-04:00,130.5995721117554,131.7967618365705,130.01559125119894,131.32955932617188,1117700,0.0,0.0,SandP500,GPN
2022-03-25 00:00:00-04:00,132.0108992084012,132.71168815741208,131.1349055963233,132.5559539794922,1746000,0.0,0.0,SandP500,GPN
2022-03-28 00:00:00-04:00,132.43918900159787,132.71171644523324,129.85016343543003,131.8941192626953,1410200,0.0,0.0,SandP500,GPN
2022-03-29 00:00:00-04:00,135.04766714101984,137.79242685602043,134.31767975106837,136.64390563964844,2033600,0.0,0.0,SandP500,GPN
2022-03-30 00:00:00-04:00,135.87497907522018,136.5173566294485,132.39050448627847,133.85047912597656,1937900,0.0,0.0,SandP500,GPN
2022-03-31 00:00:00-04:00,133.13994510080792,135.3688479951411,132.17637136059057,133.18861389160156,1799400,0.0,0.0,SandP500,GPN
2022-04-01 00:00:00-04:00,134.2008605503043,136.19614714873347,132.935546348929,136.05015563964844,1546400,0.0,0.0,SandP500,GPN
2022-04-04 00:00:00-04:00,136.05988490741595,137.8118572932638,136.0112309716211,136.75094604492188,1676300,0.0,0.0,SandP500,GPN
2022-04-05 00:00:00-04:00,137.03321507853263,137.6658796756292,135.1449936599486,135.6705780029297,1654900,0.0,0.0,SandP500,GPN
2022-04-06 00:00:00-04:00,134.483117261631,135.97229007753236,132.77008584540968,135.19363403320312,2153000,0.0,0.0,SandP500,GPN
2022-04-07 00:00:00-04:00,134.4149915314622,134.42471934820617,128.92548800726397,131.0181121826172,2330400,0.0,0.0,SandP500,GPN
2022-04-08 00:00:00-04:00,130.47306692739548,132.6143600458838,129.49000785430593,131.31011962890625,1502300,0.0,0.0,SandP500,GPN
2022-04-11 00:00:00-04:00,130.42438856463542,133.5389978585398,130.09346457595186,132.57542419433594,1202400,0.0,0.0,SandP500,GPN
2022-04-12 00:00:00-04:00,132.92579454642004,133.99643340698586,130.5119597865016,131.4658203125,1400700,0.0,0.0,SandP500,GPN
2022-04-13 00:00:00-04:00,129.91826219285196,134.8724536998094,129.91826219285196,134.3760528564453,1324000,0.0,0.0,SandP500,GPN
2022-04-14 00:00:00-04:00,134.93082184297492,138.2108924968951,134.79455817683177,136.21559143066406,1819800,0.0,0.0,SandP500,GPN
2022-04-18 00:00:00-04:00,136.24480028234052,139.2620865042205,135.43694603775165,136.4686737060547,1269000,0.0,0.0,SandP500,GPN
2022-04-19 00:00:00-04:00,136.95536156641353,141.30607235029981,136.65362099737763,140.74156188964844,1547900,0.0,0.0,SandP500,GPN
2022-04-20 00:00:00-04:00,141.84138168222515,142.79524235909244,139.58329556612048,139.6806182861328,1461900,0.0,0.0,SandP500,GPN
2022-04-21 00:00:00-04:00,141.22819328677355,141.95818047153986,137.6269112939579,138.21090698242188,1282300,0.0,0.0,SandP500,GPN
2022-04-22 00:00:00-04:00,137.36415032163896,137.4420174169893,130.52173711629598,130.8526611328125,1887300,0.0,0.0,SandP500,GPN
2022-04-25 00:00:00-04:00,130.09347336906444,132.40995629805087,126.88152628415358,132.1082305908203,1707700,0.0,0.0,SandP500,GPN
2022-04-26 00:00:00-04:00,130.3757118378486,131.03757462653718,127.02750148144544,127.5531005859375,1267700,0.0,0.0,SandP500,GPN
2022-04-27 00:00:00-04:00,127.81591547385446,133.82127581844156,127.81591547385446,132.5462188720703,2342200,0.0,0.0,SandP500,GPN
2022-04-28 00:00:00-04:00,134.61939889468624,140.06997707969762,134.61939889468624,140.05050659179688,2805500,0.0,0.0,SandP500,GPN
2022-04-29 00:00:00-04:00,138.19145682552735,139.85583438632273,132.77982007605945,133.3248748779297,2685400,0.0,0.0,SandP500,GPN
2022-05-02 00:00:00-04:00,129.81120124027103,129.93773712257473,115.59105571725787,121.0416259765625,7150000,0.0,0.0,SandP500,GPN
2022-05-03 00:00:00-04:00,118.94900632379382,127.3195265802891,118.94900632379382,124.65264892578125,3425600,0.0,0.0,SandP500,GPN
2022-05-04 00:00:00-04:00,125.13931238585172,130.65801528443356,123.46519935375069,130.11294555664062,2107900,0.0,0.0,SandP500,GPN
2022-05-05 00:00:00-04:00,127.68937970821375,128.78923198253645,121.14869237273432,122.53079986572266,2298800,0.0,0.0,SandP500,GPN
2022-05-06 00:00:00-04:00,121.38226542307001,121.6547927777028,117.3430016076708,117.7712631225586,2114000,0.0,0.0,SandP500,GPN
2022-05-09 00:00:00-04:00,115.72731242385746,117.35274890295405,113.78067977560355,115.22118377685547,2553500,0.0,0.0,SandP500,GPN
2022-05-10 00:00:00-04:00,117.43060535818542,118.608317112644,112.3401581765638,115.75650024414062,2445900,0.0,0.0,SandP500,GPN
2022-05-11 00:00:00-04:00,114.8708113618427,117.95623034535897,113.11884609751714,114.11162567138672,1542400,0.0,0.0,SandP500,GPN
2022-05-12 00:00:00-04:00,112.68082321520151,115.5034419310754,111.7367126550267,114.6761245727539,1784600,0.0,0.0,SandP500,GPN
2022-05-13 00:00:00-04:00,116.16530465397754,120.5452282201789,115.88304202194684,118.93925476074219,1501800,0.0,0.0,SandP500,GPN
2022-05-16 00:00:00-04:00,117.90753988683358,119.17285408899988,115.6689093524822,116.7200927734375,1371700,0.0,0.0,SandP500,GPN
2022-05-17 00:00:00-04:00,120.03911071824784,120.72042921273376,117.28462358545615,120.6814956665039,1352700,0.0,0.0,SandP500,GPN
2022-05-18 00:00:00-04:00,118.18007214521693,119.33832100454151,115.93171370141235,116.47676849365234,1729700,0.0,0.0,SandP500,GPN
2022-05-19 00:00:00-04:00,114.8610596423663,118.91005162419908,114.44253333268948,117.25541687011719,1208700,0.0,0.0,SandP500,GPN
2022-05-20 00:00:00-04:00,118.89059536323919,119.24098984838996,115.49372333166508,118.84192657470703,1105000,0.0,0.0,SandP500,GPN
2022-05-23 00:00:00-04:00,120.61335971682799,121.79107160344022,117.55714698691853,121.66454315185547,1534800,0.0,0.0,SandP500,GPN
2022-05-24 00:00:00-04:00,119.95149967448954,120.51602491511689,117.11915308067661,119.5816421508789,1123800,0.0,0.0,SandP500,GPN
2022-05-25 00:00:00-04:00,118.45259444976065,123.3191761021882,118.30660294083926,122.14146423339844,1218100,0.0,0.0,SandP500,GPN
2022-05-26 00:00:00-04:00,123.34838956345895,125.70380602290359,123.34838956345895,125.21714782714844,949000,0.0,0.0,SandP500,GPN
2022-05-27 00:00:00-04:00,125.68432749996563,128.7405398186782,125.6259309033703,128.7210693359375,993000,0.0,0.0,SandP500,GPN
2022-05-31 00:00:00-04:00,127.55312340682248,128.41937445097537,126.26833856742431,127.54338073730469,1782100,0.0,0.0,SandP500,GPN
2022-06-01 00:00:00-04:00,127.68937906054182,128.19550773973765,122.97852389069588,124.10757446289062,1420200,0.0,0.0,SandP500,GPN
2022-06-02 00:00:00-04:00,124.56502545146797,128.05923488908257,124.01023544810249,128.03976440429688,1072500,0.0,0.0,SandP500,GPN
2022-06-03 00:00:00-04:00,126.50192795805818,127.15404813428273,125.24634154209842,126.21965789794922,1614700,0.0,0.0,SandP500,GPN
2022-06-06 00:00:00-04:00,128.27334280969467,128.43881964260316,124.93487518127627,125.72325897216797,1126900,0.0,0.0,SandP500,GPN
2022-06-07 00:00:00-04:00,123.69876502722592,125.70379422936443,123.27051090469425,125.44100952148438,1247800,0.0,0.0,SandP500,GPN
2022-06-08 00:00:00-04:00,124.48717068718616,125.51889113434895,123.85451353367826,124.32170867919922,653300,0.0,0.0,SandP500,GPN
2022-06-09 00:00:00-04:00,123.10267805308301,123.30747444854995,118.99697348748107,119.06523895263672,913400,0.25,0.0,SandP500,GPN
2022-06-10 00:00:00-04:00,116.43211179333682,116.9684885178223,113.94528507490601,114.53042602539062,2033800,0.0,0.0,SandP500,GPN
2022-06-13 00:00:00-04:00,111.25367823467452,111.78030066751319,106.62135913288039,107.4210433959961,1974000,0.0,0.0,SandP500,GPN
2022-06-14 00:00:00-04:00,107.32351936846412,109.96637835224927,106.96268342263951,109.37149047851562,1470700,0.0,0.0,SandP500,GPN
2022-06-15 00:00:00-04:00,111.10739835899842,112.20940006744905,108.0159365103996,110.05415344238281,1670400,0.0,0.0,SandP500,GPN
2022-06-16 00:00:00-04:00,106.53357774502683,106.53357774502683,102.90573952635904,104.32957458496094,1828500,0.0,0.0,SandP500,GPN
2022-06-17 00:00:00-04:00,104.71966373042706,108.2304798808311,104.67090694190166,107.51856231689453,2759300,0.0,0.0,SandP500,GPN
2022-06-21 00:00:00-04:00,109.55678727339993,110.97086817277791,108.18172371235212,108.7571029663086,1464800,0.0,0.0,SandP500,GPN
2022-06-22 00:00:00-04:00,107.19673382611508,109.65430507552934,106.72862997695385,108.54254913330078,1125400,0.0,0.0,SandP500,GPN
2022-06-23 00:00:00-04:00,109.13744972045953,110.8830961852306,108.30850239360022,110.10292053222656,1181000,0.0,0.0,SandP500,GPN
2022-06-24 00:00:00-04:00,111.7510448156432,116.49063957407208,111.3999706116645,115.9152603149414,5806900,0.0,0.0,SandP500,GPN
2022-06-27 00:00:00-04:00,115.29110889812446,115.53491516548122,112.10211875448704,114.12083435058594,1592800,0.0,0.0,SandP500,GPN
2022-06-28 00:00:00-04:00,115.17407456934971,116.83196158478326,110.32720497918243,110.54175567626953,1296400,0.0,0.0,SandP500,GPN
2022-06-29 00:00:00-04:00,110.70755410551354,110.71730844017395,108.56206178361641,109.97613525390625,1024900,0.0,0.0,SandP500,GPN
2022-06-30 00:00:00-04:00,107.81112858354044,109.3422315623035,105.8216686564205,107.89889526367188,2137200,0.0,0.0,SandP500,GPN
2022-07-01 00:00:00-04:00,106.75788921477312,108.69858501370368,105.55835910927347,108.18171691894531,2265700,0.0,0.0,SandP500,GPN
2022-07-05 00:00:00-04:00,106.69938238394623,109.1764476048443,105.06100390878696,109.0594253540039,1667700,0.0,0.0,SandP500,GPN
2022-07-06 00:00:00-04:00,109.24470460051673,111.37069546379806,108.62056117646867,110.54175567626953,1201600,0.0,0.0,SandP500,GPN
2022-07-07 00:00:00-04:00,110.8733568271245,111.76080790179978,109.15695836924469,110.82459259033203,1008800,0.0,0.0,SandP500,GPN
2022-07-08 00:00:00-04:00,110.74654966612535,111.282926397347,108.89362810090805,110.4734878540039,825700,0.0,0.0,SandP500,GPN
2022-07-11 00:00:00-04:00,109.21545965819497,109.78109201634797,108.30849999439009,108.776611328125,967800,0.0,0.0,SandP500,GPN
2022-07-12 00:00:00-04:00,108.3767651204244,110.92210328386554,108.3767651204244,109.33248901367188,1021800,0.0,0.0,SandP500,GPN
2022-07-13 00:00:00-04:00,106.95294721039052,110.26871441914336,105.99723066927751,109.93714141845703,1175700,0.0,0.0,SandP500,GPN
2022-07-14 00:00:00-04:00,107.35277653469068,109.08867595336211,105.95820439940236,108.57180786132812,1366800,0.0,0.0,SandP500,GPN
2022-07-15 00:00:00-04:00,111.0488890189028,113.7600137090626,110.20044047125201,111.95584869384766,1645500,0.0,0.0,SandP500,GPN
2022-07-18 00:00:00-04:00,113.21387638948576,113.9550495363649,109.7128219105651,110.43448638916016,1509000,0.0,0.0,SandP500,GPN
2022-07-19 00:00:00-04:00,113.12610150313978,115.59341959546356,112.77501990324475,115.33985900878906,1700700,0.0,0.0,SandP500,GPN
2022-07-20 00:00:00-04:00,115.1838397393123,117.01726028989238,114.53044069334985,116.90023803710938,1892200,0.0,0.0,SandP500,GPN
2022-07-21 00:00:00-04:00,116.60766674549933,117.93397349761364,115.76897255106302,117.29032135009766,1304800,0.0,0.0,SandP500,GPN
2022-07-22 00:00:00-04:00,116.39311779224853,118.63613856768511,115.09606658349279,115.76897430419922,1480200,0.0,0.0,SandP500,GPN
2022-07-25 00:00:00-04:00,116.91973760648156,116.91973760648156,114.77424534496649,115.53491973876953,992400,0.0,0.0,SandP500,GPN
2022-07-26 00:00:00-04:00,116.12005970538902,118.92870549253425,115.18384444300729,116.85147857666016,1709900,0.0,0.0,SandP500,GPN
2022-07-27 00:00:00-04:00,118.33379941992284,119.45530967213195,116.32483827552528,117.33907318115234,1939700,0.0,0.0,SandP500,GPN
2022-07-28 00:00:00-04:00,117.73892359893699,119.96243552320703,116.98799614357942,119.47482299804688,2114900,0.0,0.0,SandP500,GPN
2022-07-29 00:00:00-04:00,119.32853778793603,120.30376283854656,118.18752626441209,119.2895278930664,2543400,0.0,0.0,SandP500,GPN
2022-08-01 00:00:00-04:00,120.45005354863154,128.22259130469533,118.04124637388368,124.80931091308594,4798200,0.0,0.0,SandP500,GPN
2022-08-02 00:00:00-04:00,123.58052991807281,124.70204030795347,121.41552893456242,123.31721496582031,2582100,0.0,0.0,SandP500,GPN
2022-08-03 00:00:00-04:00,124.54598550789767,128.05679406635497,123.93159642828996,126.92552947998047,2649300,0.0,0.0,SandP500,GPN
2022-08-04 00:00:00-04:00,126.38918080306578,128.14457410472295,124.5752540543225,125.41395568847656,2255900,0.0,0.0,SandP500,GPN
2022-08-05 00:00:00-04:00,123.52202114449938,126.63299175578686,123.12217526137829,124.82881927490234,1166000,0.0,0.0,SandP500,GPN
2022-08-08 00:00:00-04:00,125.96007564270046,127.80325045947707,125.51146555573854,126.12586212158203,2125400,0.0,0.0,SandP500,GPN
2022-08-09 00:00:00-04:00,125.66753283202496,127.88129843102502,125.63827726346719,127.1498794555664,2026000,0.0,0.0,SandP500,GPN
2022-08-10 00:00:00-04:00,130.64114112475076,132.80612682802004,129.26607037097347,129.31483459472656,2099700,0.0,0.0,SandP500,GPN
2022-08-11 00:00:00-04:00,131.06051863318578,131.53838435503158,129.4708967395459,130.2413330078125,1811600,0.0,0.0,SandP500,GPN
2022-08-12 00:00:00-04:00,131.07026063487092,132.62088000878092,130.95323837297417,132.08450317382812,1745100,0.0,0.0,SandP500,GPN
2022-08-15 00:00:00-04:00,130.50462311757065,133.3912809275668,130.50462311757065,132.8549041748047,1577500,0.0,0.0,SandP500,GPN
2022-08-16 00:00:00-04:00,131.65538311946372,133.48881099437588,129.96824793202526,132.77688598632812,1418100,0.0,0.0,SandP500,GPN
2022-08-17 00:00:00-04:00,130.4461228322865,131.57738768282212,129.92925464520246,130.36810302734375,1384000,0.0,0.0,SandP500,GPN
2022-08-18 00:00:00-04:00,130.07552095594636,131.26529669848946,129.37335773474868,130.91421508789062,1437100,0.0,0.0,SandP500,GPN
2022-08-19 00:00:00-04:00,130.05603014358107,130.69968233150337,128.82725177816556,129.5196533203125,1510500,0.0,0.0,SandP500,GPN
2022-08-22 00:00:00-04:00,127.2863885863975,128.5249137917541,126.27214611437186,126.74026489257812,1192200,0.0,0.0,SandP500,GPN
2022-08-23 00:00:00-04:00,126.1161007151416,127.83249131142213,125.45293999517385,125.55046844482422,1160100,0.0,0.0,SandP500,GPN
2022-08-24 00:00:00-04:00,125.83329998954468,126.23314587266577,124.40947216253562,124.82881927490234,1254700,0.0,0.0,SandP500,GPN
2022-08-25 00:00:00-04:00,124.9458371257509,126.74026264893288,124.29243808358717,126.65248107910156,1214800,0.0,0.0,SandP500,GPN
2022-08-26 00:00:00-04:00,126.88653122539326,127.16933994096803,121.8933763154655,122.0299072265625,1550600,0.0,0.0,SandP500,GPN
2022-08-29 00:00:00-04:00,120.74262063573161,123.27821191913185,120.19649694533884,121.72760009765625,1676400,0.0,0.0,SandP500,GPN
2022-08-30 00:00:00-04:00,122.45901368846651,123.01489168958574,120.76212412300418,121.61056518554688,1722700,0.0,0.0,SandP500,GPN
2022-08-31 00:00:00-04:00,122.60530504615102,123.01489781677124,120.95717218864647,121.1522216796875,2018100,0.0,0.0,SandP500,GPN
2022-09-01 00:00:00-04:00,120.6060852906039,121.80561542701909,118.44108439682527,121.75685119628906,1937400,0.0,0.0,SandP500,GPN
2022-09-02 00:00:00-04:00,123.20994364833956,123.92186129182545,120.26476692682661,120.9766845703125,1632500,0.0,0.0,SandP500,GPN
2022-09-06 00:00:00-04:00,122.04942177669636,123.28795437002238,120.12822715460534,123.20018768310547,2249600,0.0,0.0,SandP500,GPN
2022-09-07 00:00:00-04:00,123.10267626501673,127.15960909604101,123.09292193002827,126.52571868896484,3262000,0.0,0.0,SandP500,GPN
2022-09-08 00:00:00-04:00,125.74552862498464,128.88575468364638,125.1701493789002,128.46640014648438,2520300,0.0,0.0,SandP500,GPN
2022-09-09 00:00:00-04:00,129.65618052047353,129.93900414676898,127.82276736015662,129.3441162109375,1803800,0.0,0.0,SandP500,GPN
2022-09-12 00:00:00-04:00,130.33882860322942,133.25475700797045,129.87072472205412,133.0792236328125,2161600,0.0,0.0,SandP500,GPN
2022-09-13 00:00:00-04:00,129.0905345867748,130.73866729555783,128.3786244697528,128.89549255371094,3822300,0.0,0.0,SandP500,GPN
2022-09-14 00:00:00-04:00,128.65171475196274,132.23078967710572,128.20311946475493,129.1783447265625,3125400,0.0,0.0,SandP500,GPN
2022-09-15 00:00:00-04:00,128.64093538250043,132.28539935042485,127.76156415079122,128.41619873046875,3002400,0.25,0.0,SandP500,GPN
2022-09-16 00:00:00-04:00,126.63793909857493,128.04492112633397,125.02577343417542,127.68339538574219,3743100,0.0,0.0,SandP500,GPN
2022-09-19 00:00:00-04:00,126.34480992197967,127.05806622993056,122.88598422218588,124.0584716796875,2781600,0.0,0.0,SandP500,GPN
2022-09-20 00:00:00-04:00,122.72965930508563,123.50154484558603,120.3749190221665,121.31291198730469,2762600,0.0,0.0,SandP500,GPN
2022-09-21 00:00:00-04:00,122.35838224947071,123.08141138826927,117.84431974921932,117.9615707397461,2653500,0.0,0.0,SandP500,GPN
2022-09-22 00:00:00-04:00,117.37530804813011,118.07879899133542,112.4997353368122,113.42794799804688,3148400,0.0,0.0,SandP500,GPN
2022-09-23 00:00:00-04:00,111.84510944369858,112.48997122166847,109.3047310843863,112.40203857421875,2741900,0.0,0.0,SandP500,GPN
2022-09-26 00:00:00-04:00,112.05030040271443,113.48659337388482,108.73803628548123,109.24610900878906,3007600,0.0,0.0,SandP500,GPN
2022-09-27 00:00:00-04:00,110.10594013510133,110.5553911117617,105.05448626521508,105.51371002197266,2427900,0.0,0.0,SandP500,GPN
2022-09-28 00:00:00-04:00,105.30851367571928,108.62077755704016,104.70273556274198,108.19087219238281,1690000,0.0,0.0,SandP500,GPN
2022-09-29 00:00:00-04:00,106.96953832916752,107.96614562420378,104.57571433813501,107.02816009521484,1640500,0.0,0.0,SandP500,GPN
2022-09-30 00:00:00-04:00,106.71548808646395,108.63054262419338,105.4941517138473,105.57231903076172,1749200,0.0,0.0,SandP500,GPN
2022-10-03 00:00:00-04:00,106.86206536010462,108.65986918184922,105.78728323357612,108.20064544677734,2003700,0.0,0.0,SandP500,GPN
2022-10-04 00:00:00-04:00,110.55537996435746,113.67222560086083,109.95936716412358,113.48658752441406,1818700,0.0,0.0,SandP500,GPN
2022-10-05 00:00:00-04:00,111.56175940575544,115.088979746185,111.51290296491773,114.52227783203125,1191400,0.0,0.0,SandP500,GPN
2022-10-06 00:00:00-04:00,114.09237414166903,114.19985235656019,110.60423718374342,110.70195007324219,3149800,0.0,0.0,SandP500,GPN
2022-10-07 00:00:00-04:00,109.2070055969644,109.84210197709027,107.8488801994136,109.66622924804688,1748100,0.0,0.0,SandP500,GPN
2022-10-10 00:00:00-04:00,109.61738847352242,109.82257209702529,105.95337922287287,107.23333740234375,1376500,0.0,0.0,SandP500,GPN
2022-10-11 00:00:00-04:00,106.73503886422634,106.85228985352258,103.50094215088164,105.33782958984375,1632300,0.0,0.0,SandP500,GPN
2022-10-12 00:00:00-04:00,105.26943113444733,105.82636026764469,103.93085113163673,104.72227478027344,1639700,0.0,0.0,SandP500,GPN
2022-10-13 00:00:00-04:00,102.18190146464276,108.03454404231164,101.8399287263635,107.46784210205078,1622300,0.0,0.0,SandP500,GPN
2022-10-14 00:00:00-04:00,109.20701165663242,110.98527714698989,107.28219176264457,107.53622436523438,1960400,0.0,0.0,SandP500,GPN
2022-10-17 00:00:00-04:00,110.14502624180548,111.42498464836339,109.86167524828365,110.30135345458984,1636200,0.0,0.0,SandP500,GPN
2022-10-18 00:00:00-04:00,112.3629497748634,112.83194623648856,109.8714205154685,111.06344604492188,2032700,0.0,0.0,SandP500,GPN
2022-10-19 00:00:00-04:00,109.43174545950463,111.6301510602536,109.24609993446307,110.08638000488281,1431800,0.0,0.0,SandP500,GPN
2022-10-20 00:00:00-04:00,110.38927358430665,112.60721722938919,109.7150934992026,110.19385528564453,1653000,0.0,0.0,SandP500,GPN
2022-10-21 00:00:00-04:00,109.88119517683246,111.97212255124616,108.28857515372552,111.6301498413086,1619900,0.0,0.0,SandP500,GPN
2022-10-24 00:00:00-04:00,112.18707060281368,113.68198509098131,110.75077787357168,113.0078125,1397300,0.0,0.0,SandP500,GPN
2022-10-25 00:00:00-04:00,113.31070982453394,115.80223166911347,113.23254250394542,115.47003173828125,1599100,0.0,0.0,SandP500,GPN
2022-10-26 00:00:00-04:00,116.55459109970936,121.05888091432195,116.35917277809307,117.84432220458984,2020500,0.0,0.0,SandP500,GPN
2022-10-27 00:00:00-04:00,117.88339104355825,119.10472744588594,116.417787360765,119.0754165649414,2544300,0.0,0.0,SandP500,GPN
2022-10-28 00:00:00-04:00,119.60302908275395,122.7101015858662,119.08517621112313,122.4365234375,2654300,0.0,0.0,SandP500,GPN
2022-10-31 00:00:00-04:00,121.15659108295668,121.31292574635958,111.03415271547647,111.63993835449219,5555200,0.0,0.0,SandP500,GPN
2022-11-01 00:00:00-04:00,112.43134431567896,113.46703520644196,110.526062496927,111.06344604492188,3145700,0.0,0.0,SandP500,GPN
2022-11-02 00:00:00-04:00,110.65308631981077,111.09276447572682,105.0349384492685,105.11310577392578,3735800,0.0,0.0,SandP500,GPN
2022-11-03 00:00:00-04:00,101.78128797169317,101.90831172755237,91.83472407781083,92.17669677734375,7878500,0.0,0.0,SandP500,GPN
2022-11-04 00:00:00-04:00,93.31011105799546,95.63553313165153,91.88359088295132,95.21539306640625,4761000,0.0,0.0,SandP500,GPN
2022-11-07 00:00:00-05:00,96.13382872483756,96.92525231512553,93.26124316831718,96.86663055419922,2922600,0.0,0.0,SandP500,GPN
2022-11-08 00:00:00-05:00,97.72646004306996,99.63174949354136,96.75916360312247,97.64830017089844,1939200,0.0,0.0,SandP500,GPN
2022-11-09 00:00:00-05:00,96.75916074868935,96.77870630699056,94.03313681248652,94.60961151123047,2481900,0.0,0.0,SandP500,GPN
2022-11-10 00:00:00-05:00,99.6317378606242,101.74220325177043,98.79145783370657,100.5306396484375,2657200,0.0,0.0,SandP500,GPN
2022-11-11 00:00:00-05:00,100.27660960785269,102.81699549889477,99.71968046038961,101.98648071289062,3411100,0.0,0.0,SandP500,GPN
2022-11-14 00:00:00-05:00,99.73922296412093,102.33822308786418,99.73922296412093,100.86285400390625,2434800,0.0,0.0,SandP500,GPN
2022-11-15 00:00:00-05:00,103.10034117363473,103.58887578533674,98.79146977473528,99.93463897705078,2406500,0.0,0.0,SandP500,GPN
2022-11-16 00:00:00-05:00,99.52427543092995,99.57313187571407,96.79825130069572,97.04251861572266,3262100,0.0,0.0,SandP500,GPN
2022-11-17 00:00:00-05:00,95.06883250801855,95.59644329593914,94.19924154961211,95.42057800292969,2631000,0.0,0.0,SandP500,GPN
2022-11-18 00:00:00-05:00,97.70692367733228,99.54381115886532,94.83433773579577,95.76255798339844,2112900,0.0,0.0,SandP500,GPN
2022-11-21 00:00:00-05:00,95.33264042092691,95.5182859521592,92.50891106260174,93.90612030029297,2176100,0.0,0.0,SandP500,GPN
2022-11-22 00:00:00-05:00,94.31648870041782,97.27700718424406,93.45667048786237,96.90572357177734,2000500,0.0,0.0,SandP500,GPN
2022-11-23 00:00:00-05:00,96.14360721729946,98.82077463910295,96.10452355621047,97.87301635742188,1362900,0.0,0.0,SandP500,GPN
2022-11-25 00:00:00-05:00,97.99027147773292,100.0714262010742,97.93164971084755,99.36793518066406,967800,0.0,0.0,SandP500,GPN
2022-11-28 00:00:00-05:00,98.01959171846379,99.23115556124884,97.16953874524481,97.4822006225586,1839700,0.0,0.0,SandP500,GPN
2022-11-29 00:00:00-05:00,97.50174122565376,98.29316493170496,96.37811009872084,97.54082489013672,2907400,0.0,0.0,SandP500,GPN
2022-11-30 00:00:00-05:00,96.9155013829714,102.13304760468479,96.41719397776329,101.4002456665039,3056100,0.0,0.0,SandP500,GPN
2022-12-01 00:00:00-05:00,101.36116662871434,102.9244760106371,100.71630476999184,101.1559829711914,2057800,0.0,0.0,SandP500,GPN
2022-12-02 00:00:00-05:00,99.55358616121232,101.03873560875687,99.08459709158015,100.71630096435547,2402200,0.0,0.0,SandP500,GPN
2022-12-05 00:00:00-05:00,99.48519001433395,100.47203203691234,98.49834799175557,99.10413360595703,2470400,0.0,0.0,SandP500,GPN
2022-12-06 00:00:00-05:00,98.98687398971407,99.11389775107153,94.6096083373298,95.41080474853516,2299600,0.0,0.0,SandP500,GPN
2022-12-07 00:00:00-05:00,95.68439530276137,96.61260814100048,93.99406216108784,96.57352447509766,2677600,0.0,0.0,SandP500,GPN
2022-12-08 00:00:00-05:00,97.46265736059966,98.73285036311802,96.036137154918,96.66146087646484,1680200,0.0,0.0,SandP500,GPN
2022-12-09 00:00:00-05:00,95.59643476903452,96.69075481719773,95.117673009283,95.57689666748047,2090400,0.0,0.0,SandP500,GPN
2022-12-12 00:00:00-05:00,95.81140013068479,97.65806025996079,95.352176429483,97.35517120361328,2446200,0.0,0.0,SandP500,GPN
2022-12-13 00:00:00-05:00,101.05827955934255,101.2732360013769,96.64192953503111,97.16954040527344,2469300,0.0,0.0,SandP500,GPN
2022-12-14 00:00:00-05:00,97.06204231267647,97.8437005865088,94.06244042759691,95.48896789550781,3761500,0.0,0.0,SandP500,GPN
2022-12-15 00:00:00-05:00,94.88163068115104,95.51835589622435,92.54044713801811,92.99105072021484,2964900,0.25,0.0,SandP500,GPN
2022-12-16 00:00:00-05:00,92.17800491983877,93.5298231870014,90.85558018012391,92.8441162109375,5053300,0.0,0.0,SandP500,GPN
2022-12-19 00:00:00-05:00,92.34452858194774,92.59922016522434,90.38537865364997,91.22781372070312,3001000,0.0,0.0,SandP500,GPN
2022-12-20 00:00:00-05:00,90.46375490018065,92.34453721348991,90.43436884427966,92.0800552368164,3029900,0.0,0.0,SandP500,GPN
2022-12-21 00:00:00-05:00,92.84412318844817,94.43103747950575,92.53065946752422,93.83349609375,1805500,0.0,0.0,SandP500,GPN
2022-12-22 00:00:00-05:00,92.71678383418623,93.2163692230668,90.6400819513132,92.61882781982422,1588400,0.0,0.0,SandP500,GPN
2022-12-23 00:00:00-05:00,92.33474550135973,95.04816507785738,92.13882600892748,94.74449920654297,1454200,0.0,0.0,SandP500,GPN
2022-12-27 00:00:00-05:00,94.52897681993434,96.00813699541393,94.38203909182282,95.68487548828125,1569600,0.0,0.0,SandP500,GPN
2022-12-28 00:00:00-05:00,95.87101203789646,96.73303538425523,94.09797613009539,94.40164947509766,1158500,0.0,0.0,SandP500,GPN
2022-12-29 00:00:00-05:00,95.1559062010593,97.80075546978864,94.7444865323349,97.173828125,1352500,0.0,0.0,SandP500,GPN
2022-12-30 00:00:00-05:00,96.07671101424563,97.32076788809368,95.72406344124418,97.2913818359375,1374800,0.0,0.0,SandP500,GPN
2023-01-03 00:00:00-05:00,98.65298953886563,99.94602813750143,97.00730337027792,98.15340423583984,1845900,0.0,0.0,SandP500,GPN
2023-01-04 00:00:00-05:00,99.30931107617201,101.856212061862,98.93707526565561,101.36642456054688,1735100,0.0,0.0,SandP500,GPN
2023-01-05 00:00:00-05:00,100.43583365844182,100.837463036158,98.93708495343249,99.8970718383789,1193700,0.0,0.0,SandP500,GPN
2023-01-06 00:00:00-05:00,101.35662943206057,103.83495305930964,100.86684191762986,103.02190399169922,2002200,0.0,0.0,SandP500,GPN
2023-01-09 00:00:00-05:00,103.06108423585003,105.4120657164808,102.82598832985619,104.28555297851562,1448300,0.0,0.0,SandP500,GPN
2023-01-10 00:00:00-05:00,104.24637893190415,104.77535037554458,102.55171821712658,103.15904998779297,1115200,0.0,0.0,SandP500,GPN
2023-01-11 00:00:00-05:00,103.68800897663137,104.12882219683117,102.50272416093823,103.443115234375,1140800,0.0,0.0,SandP500,GPN
2023-01-12 00:00:00-05:00,103.76637797291863,106.18592937028163,103.61944023114555,106.13694763183594,1541000,0.0,0.0,SandP500,GPN
2023-01-13 00:00:00-05:00,105.05941498859205,106.20551590390318,104.15820781451308,105.46104431152344,1356500,0.0,0.0,SandP500,GPN
2023-01-17 00:00:00-05:00,108.49773399118173,109.67322105482836,106.47980431805024,109.18343353271484,2491400,0.0,0.0,SandP500,GPN
2023-01-18 00:00:00-05:00,110.26096014730066,111.12299093459443,106.94999932160322,106.97938537597656,1959600,0.0,0.0,SandP500,GPN
2023-01-19 00:00:00-05:00,105.34348957233132,107.12631565789144,104.8928859983506,106.4210205078125,1383000,0.0,0.0,SandP500,GPN
2023-01-20 00:00:00-05:00,106.98919523892685,109.82996456668467,106.23491821530129,109.65364074707031,1303500,0.0,0.0,SandP500,GPN
2023-01-23 00:00:00-05:00,109.88872097869114,111.87725698188586,108.8895577927025,111.11318969726562,1438800,0.0,0.0,SandP500,GPN
2023-01-24 00:00:00-05:00,111.13277830840038,112.38664055852746,109.69280936796756,109.99647521972656,1021000,0.0,0.0,SandP500,GPN
2023-01-25 00:00:00-05:00,108.09609690138599,109.63402931183968,106.57776017561088,109.39893341064453,1229500,0.0,0.0,SandP500,GPN
2023-01-26 00:00:00-05:00,110.49606615528148,110.85850413258474,108.75241632752977,110.2217788696289,1207500,0.0,0.0,SandP500,GPN
2023-01-27 00:00:00-05:00,110.02586429504144,111.02502751206728,109.25199914403596,110.40789794921875,1267200,0.0,0.0,SandP500,GPN
2023-01-30 00:00:00-05:00,109.21281767044596,109.65363091674593,107.86100682363428,108.0373306274414,1315800,0.0,0.0,SandP500,GPN
2023-01-31 00:00:00-05:00,107.87080806538893,110.51565773226754,107.71407246881544,110.4177017211914,1259100,0.0,0.0,SandP500,GPN
2023-02-01 00:00:00-05:00,110.33934066985084,113.8756074429538,109.7907809954299,113.121337890625,1366000,0.0,0.0,SandP500,GPN
2023-02-02 00:00:00-05:00,114.75721632696505,116.68698033297467,113.36622157719927,113.77764129638672,1686700,0.0,0.0,SandP500,GPN
2023-02-03 00:00:00-05:00,111.28951692287332,112.13195202511098,109.98668037248669,110.75074768066406,1525800,0.0,0.0,SandP500,GPN
2023-02-06 00:00:00-05:00,109.35976214351957,110.48627498857843,108.60549261469998,108.89936065673828,1397600,0.0,0.0,SandP500,GPN
2023-02-07 00:00:00-05:00,108.55650429922494,112.29848060707717,108.38997833812773,111.93603515625,1601800,0.0,0.0,SandP500,GPN
2023-02-08 00:00:00-05:00,111.29930453012861,111.77929414586937,108.94832323947197,109.34994506835938,1078500,0.0,0.0,SandP500,GPN
2023-02-09 00:00:00-05:00,110.99562949987575,112.60213173759144,109.29117126689707,109.3597412109375,2199300,0.0,0.0,SandP500,GPN
2023-02-10 00:00:00-05:00,111.38747173478988,116.34411881573187,110.70177222802229,115.47229766845703,3204200,0.0,0.0,SandP500,GPN
2023-02-13 00:00:00-05:00,114.4731333012273,114.61027320118976,111.26991891630588,112.43561553955078,3670600,0.0,0.0,SandP500,GPN
2023-02-14 00:00:00-05:00,111.72052257693377,115.77596214645145,110.87808754813895,113.80701446533203,2504700,0.0,0.0,SandP500,GPN
2023-02-15 00:00:00-05:00,112.42582757152368,116.47147739643965,112.42582757152368,115.55067443847656,2331200,0.0,0.0,SandP500,GPN
2023-02-16 00:00:00-05:00,113.58172604074252,116.03066370849088,113.16050846294722,114.95313262939453,1475300,0.0,0.0,SandP500,GPN
2023-02-17 00:00:00-05:00,114.1792733571251,114.60049095678774,112.41604262894774,113.93437957763672,1453800,0.0,0.0,SandP500,GPN
2023-02-21 00:00:00-05:00,112.58256061159128,112.84704258629097,110.59402445910895,110.80953216552734,1414800,0.0,0.0,SandP500,GPN
2023-02-22 00:00:00-05:00,111.11319236817573,112.04378562723612,110.78013298246422,111.61277770996094,1036100,0.0,0.0,SandP500,GPN
2023-02-23 00:00:00-05:00,112.51398750148448,113.07234496446992,110.34912760206498,111.4266586303711,1322800,0.0,0.0,SandP500,GPN
2023-02-24 00:00:00-05:00,109.4381164381801,110.1140255565131,108.6838395288825,109.91810607910156,1546700,0.0,0.0,SandP500,GPN
2023-02-27 00:00:00-05:00,111.02503539591119,111.92625014468013,110.11403775092509,111.22095489501953,1690800,0.0,0.0,SandP500,GPN
2023-02-28 00:00:00-05:00,111.17196255950508,111.5833897316499,109.8005560906717,109.90830993652344,1513000,0.0,0.0,SandP500,GPN
2023-03-01 00:00:00-05:00,109.30097740794355,109.86913268659877,107.7042654170181,109.39893341064453,1337200,0.0,0.0,SandP500,GPN
2023-03-02 00:00:00-05:00,108.99731128675182,109.50669449216058,107.75325427575464,108.45854949951172,1372200,0.0,0.0,SandP500,GPN
2023-03-03 00:00:00-05:00,109.11485135804678,110.66258154824008,108.75240594179229,110.49605560302734,996500,0.0,0.0,SandP500,GPN
2023-03-06 00:00:00-05:00,110.65279391683714,112.10256824207003,110.23157635718391,110.30994415283203,935400,0.0,0.0,SandP500,GPN
2023-03-07 00:00:00-05:00,110.01605785347384,110.48625710762944,106.59734344482422,106.59734344482422,1689300,0.0,0.0,SandP500,GPN
2023-03-08 00:00:00-05:00,106.48960448954841,107.33203964388915,105.56880153630048,106.6855239868164,1551300,0.0,0.0,SandP500,GPN
2023-03-09 00:00:00-05:00,107.20469424949508,107.20469424949508,102.85537870143658,103.06108856201172,1300000,0.0,0.0,SandP500,GPN
2023-03-10 00:00:00-05:00,102.15987414588163,102.56149599586497,97.56566516178137,97.9574966430664,2390000,0.0,0.0,SandP500,GPN
2023-03-13 00:00:00-04:00,96.23344156303776,96.72322904092678,92.12902758035112,94.01960754394531,3423300,0.0,0.0,SandP500,GPN
2023-03-14 00:00:00-04:00,97.369764936734,99.6619670481586,97.14445937883164,99.13299560546875,2935000,0.0,0.0,SandP500,GPN
2023-03-15 00:00:00-04:00,95.27346251450153,97.4970943809527,93.69634623412347,97.4481201171875,3633700,0.0,0.0,SandP500,GPN
2023-03-16 00:00:00-04:00,96.60356779727145,99.3631060923053,94.83588748832867,99.10777282714844,3090700,0.25,0.0,SandP500,GPN
2023-03-17 00:00:00-04:00,99.0783113497032,99.0783113497032,96.19110271633271,96.78033447265625,5308400,0.0,0.0,SandP500,GPN
2023-03-20 00:00:00-04:00,97.40883144028479,99.17650405218782,96.95709263416316,98.03733825683594,2362700,0.0,0.0,SandP500,GPN
2023-03-21 00:00:00-04:00,100.29604470954105,101.56288102579043,98.98993326823606,100.61029815673828,2477100,0.0,0.0,SandP500,GPN
2023-03-22 00:00:00-04:00,100.1978384847438,100.81653032290792,97.11422429822645,97.14368438720703,1534100,0.0,0.0,SandP500,GPN
2023-03-23 00:00:00-04:00,97.17313871385021,99.10776436104422,95.45456369622603,96.67230224609375,1629600,0.0,0.0,SandP500,GPN
2023-03-24 00:00:00-04:00,95.25816156473354,96.85888879892077,94.06006802462106,96.66248321533203,1597500,0.0,0.0,SandP500,GPN
2023-03-27 00:00:00-04:00,98.48908860819049,99.89341033000225,96.91782138262319,97.36956024169922,2170900,0.0,0.0,SandP500,GPN
2023-03-28 00:00:00-04:00,96.99637970844577,98.08644799170541,96.52500328413485,97.79183959960938,1480400,0.0,0.0,SandP500,GPN
2023-03-29 00:00:00-04:00,99.57915183217688,101.6905455714587,99.06848532703336,101.47449493408203,2137500,0.0,0.0,SandP500,GPN
2023-03-30 00:00:00-04:00,103.09487100403435,103.91978347621495,101.1995278325988,101.3370132446289,2091100,0.0,0.0,SandP500,GPN
2023-03-31 00:00:00-04:00,101.63162919706005,103.57607765714894,101.63162919706005,103.35020446777344,2111200,0.0,0.0,SandP500,GPN
2023-04-03 00:00:00-04:00,103.20288540781287,103.72337444166646,102.60384612808096,103.36001586914062,1454600,0.0,0.0,SandP500,GPN
2023-04-04 00:00:00-04:00,104.07690947112319,104.18492729674043,101.17987843091791,101.45484924316406,1914600,0.0,0.0,SandP500,GPN
2023-04-05 00:00:00-04:00,100.56119623831461,102.68240504381373,100.39425074053409,102.063720703125,1753600,0.0,0.0,SandP500,GPN
2023-04-06 00:00:00-04:00,101.66108545062865,103.5171535659292,101.20934658132569,103.21271514892578,1567400,0.0,0.0,SandP500,GPN
2023-04-10 00:00:00-04:00,102.48600477546564,103.35019989034421,101.20934591966495,102.91810607910156,1438800,0.0,0.0,SandP500,GPN
2023-04-11 00:00:00-04:00,103.50731424354551,104.84289307190548,102.86898491504533,103.95905303955078,1849400,0.0,0.0,SandP500,GPN
2023-04-12 00:00:00-04:00,106.24723108687414,106.58112209958689,103.10468909438868,103.32073974609375,1719400,0.0,0.0,SandP500,GPN
2023-04-13 00:00:00-04:00,103.32073908727891,105.87404928887204,103.31091655979316,105.03931427001953,1485200,0.0,0.0,SandP500,GPN
2023-04-14 00:00:00-04:00,105.44194173672354,106.54182491518101,104.95092031994295,105.62852478027344,1172100,0.0,0.0,SandP500,GPN
2023-04-17 00:00:00-04:00,105.54015624128783,107.8381331306511,105.24554036154703,107.77921295166016,1591200,0.0,0.0,SandP500,GPN
2023-04-18 00:00:00-04:00,106.90519206509964,107.74974956932763,105.86422897530863,107.13105773925781,2559400,0.0,0.0,SandP500,GPN
2023-04-19 00:00:00-04:00,108.47646158525988,108.6237695238313,106.60076347745577,108.01490020751953,1302300,0.0,0.0,SandP500,GPN
2023-04-20 00:00:00-04:00,107.37657260966034,107.73993119860124,106.38471462419372,107.14088439941406,1299800,0.0,0.0,SandP500,GPN
2023-04-21 00:00:00-04:00,107.48460354866937,107.98544757745111,106.71861120605818,106.93466186523438,998800,0.0,0.0,SandP500,GPN
2023-04-24 00:00:00-04:00,107.13106068376855,107.2292709716422,105.6088986228364,106.29632568359375,1504000,0.0,0.0,SandP500,GPN
2023-04-25 00:00:00-04:00,105.3339259794334,106.04099808251168,103.74301374750729,103.82157897949219,1528200,0.0,0.0,SandP500,GPN
2023-04-26 00:00:00-04:00,103.05559696660984,105.13752337489294,102.35834732115714,102.71187591552734,1473600,0.0,0.0,SandP500,GPN
2023-04-27 00:00:00-04:00,104.31259987906809,107.79884774020375,104.0867267114261,107.6810073852539,2950000,0.0,0.0,SandP500,GPN
2023-04-28 00:00:00-04:00,107.96579497564232,111.06904653299758,107.278360474707,110.68605041503906,3257700,0.0,0.0,SandP500,GPN
2023-05-01 00:00:00-04:00,106.53202769649386,107.47478807528132,100.71832745538084,101.15042877197266,6050700,0.0,0.0,SandP500,GPN
2023-05-02 00:00:00-04:00,101.15042610077043,102.13246907262257,95.60188181132717,98.91136932373047,4577400,0.0,0.0,SandP500,GPN
2023-05-03 00:00:00-04:00,99.19616482417763,104.55811866705298,99.19616482417763,101.93606567382812,3625600,0.0,0.0,SandP500,GPN
2023-05-04 00:00:00-04:00,101.27807960321306,101.81820618462913,98.99974041937244,99.65771484375,2697600,0.0,0.0,SandP500,GPN
2023-05-05 00:00:00-04:00,101.15041761433389,102.9868405148846,100.97364959453546,102.89845275878906,1670000,0.0,0.0,SandP500,GPN
2023-05-08 00:00:00-04:00,103.37966422996024,103.74302284044361,102.19139308851169,102.80026245117188,1065400,0.0,0.0,SandP500,GPN
2023-05-09 00:00:00-04:00,101.7200126860752,105.2750034442762,101.7200126860752,104.80362701416016,1696600,0.0,0.0,SandP500,GPN
2023-05-10 00:00:00-04:00,105.64818581334319,105.84459141280743,101.17988724779487,101.89678192138672,1432300,0.0,0.0,SandP500,GPN
2023-05-11 00:00:00-04:00,101.10131176741383,102.01461194793386,99.55950474141684,101.6708984375,1760200,0.0,0.0,SandP500,GPN
2023-05-12 00:00:00-04:00,102.12263789278443,102.13246041954086,100.1290920276089,100.75759887695312,1049300,0.0,0.0,SandP500,GPN
2023-05-15 00:00:00-04:00,100.71832510297645,101.78875584160669,100.56120212304509,101.19953155517578,1964000,0.0,0.0,SandP500,GPN
2023-05-16 00:00:00-04:00,100.64957222883471,100.81652521191576,98.47925837270651,98.70513153076172,1573400,0.0,0.0,SandP500,GPN
2023-05-17 00:00:00-04:00,98.9408235247068,102.65294453856308,98.91136343608775,101.91641235351562,2080600,0.0,0.0,SandP500,GPN
2023-05-18 00:00:00-04:00,101.62180068875897,102.46635067396818,100.62993528043266,102.20120239257812,1248900,0.0,0.0,SandP500,GPN
2023-05-19 00:00:00-04:00,102.66277738364089,102.72169756680071,100.06036190310681,100.12910461425781,1471800,0.0,0.0,SandP500,GPN
2023-05-22 00:00:00-04:00,100.10946877568071,102.6726016808097,99.25508864317315,101.798583984375,3505800,0.0,0.0,SandP500,GPN
2023-05-23 00:00:00-04:00,101.28791121590224,102.75115314173571,99.8639519079131,99.97197723388672,1806800,0.0,0.0,SandP500,GPN
2023-05-24 00:00:00-04:00,98.96045264041383,99.1961483140361,97.00618950741372,97.21241760253906,1649800,0.0,0.0,SandP500,GPN
2023-05-25 00:00:00-04:00,96.74105577772461,98.0471672431261,95.79829541873993,97.72309875488281,2495100,0.0,0.0,SandP500,GPN
2023-05-26 00:00:00-04:00,98.20428766319974,98.77387432982052,97.40883533069344,98.1748275756836,1781800,0.0,0.0,SandP500,GPN
2023-05-30 00:00:00-04:00,98.15518177439243,98.54800042053016,95.00282506351424,97.34990692138672,2430000,0.0,0.0,SandP500,GPN
2023-05-31 00:00:00-04:00,96.96690862142529,96.96690862142529,94.06006269319705,95.9357681274414,5881000,0.0,0.0,SandP500,GPN
2023-06-01 00:00:00-04:00,96.44642497027337,97.76236625217355,95.64115015325105,97.06510925292969,2073500,0.0,0.0,SandP500,GPN
2023-06-02 00:00:00-04:00,98.43997234871216,99.40237763017772,96.93744799977675,98.5872802734375,3421300,0.0,0.0,SandP500,GPN
2023-06-05 00:00:00-04:00,98.68549922996334,98.68549922996334,95.34655152276105,96.33841705322266,3100500,0.0,0.0,SandP500,GPN
2023-06-06 00:00:00-04:00,96.0045257098323,99.65772686602625,95.76882999547601,99.00957489013672,1839000,0.0,0.0,SandP500,GPN
2023-06-07 00:00:00-04:00,99.32381698299722,100.64957338185134,99.10776634909352,100.07999420166016,4473600,0.0,0.0,SandP500,GPN
2023-06-08 00:00:00-04:00,99.72645951580068,100.2960387037184,98.33195290324879,99.05867004394531,4183100,0.0,0.0,SandP500,GPN
2023-06-09 00:00:00-04:00,99.58897503669353,99.91304350257079,98.07662805715938,98.29267120361328,1864700,0.0,0.0,SandP500,GPN
2023-06-12 00:00:00-04:00,98.096278796318,99.82467664688072,97.76238775862417,98.89173126220703,1980400,0.0,0.0,SandP500,GPN
2023-06-13 00:00:00-04:00,98.50872122923052,99.92286540750187,97.77218905177965,98.80333709716797,2398400,0.0,0.0,SandP500,GPN
2023-06-14 00:00:00-04:00,99.57123313461355,101.22517522540221,99.197129957444,99.59092712402344,6395700,0.25,0.0,SandP500,GPN
2023-06-15 00:00:00-04:00,98.85256840876524,101.05782220806695,98.57690511167779,100.3686752319336,2700800,0.0,0.0,SandP500,GPN
2023-06-16 00:00:00-04:00,100.91014781459299,100.91014781459299,98.50799164844399,99.11837768554688,3752800,0.0,0.0,SandP500,GPN
2023-06-20 00:00:00-04:00,97.69087795332527,100.42775704504312,97.52350906150699,99.4728012084961,2657500,0.0,0.0,SandP500,GPN
2023-06-21 00:00:00-04:00,98.98055226171077,99.00023874227641,97.29707650870843,98.11420440673828,2804500,0.0,0.0,SandP500,GPN
2023-06-22 00:00:00-04:00,97.57273744352999,98.10436257949546,96.539020649532,98.0748291015625,922000,0.0,0.0,SandP500,GPN
2023-06-23 00:00:00-04:00,97.26754232235923,97.93699532256059,96.59808932215788,97.30691528320312,1625900,0.0,0.0,SandP500,GPN
2023-06-26 00:00:00-04:00,96.59808456726009,97.82869608712453,94.84568745368553,95.02289581298828,2098500,0.0,0.0,SandP500,GPN
2023-06-27 00:00:00-04:00,95.5939054677058,96.34211940702356,94.23531299538882,94.41252136230469,2306500,0.0,0.0,SandP500,GPN
2023-06-28 00:00:00-04:00,94.4912796347866,95.5545222951719,93.64461829579274,95.53483581542969,2313000,0.0,0.0,SandP500,GPN
2023-06-29 00:00:00-04:00,96.33227499044179,96.93281405489834,95.36747969778045,95.46592712402344,1457400,0.0,0.0,SandP500,GPN
2023-06-30 00:00:00-04:00,96.63746548563087,97.9369909561954,96.21413482039092,96.99187469482422,1477000,0.0,0.0,SandP500,GPN
2023-07-03 00:00:00-04:00,99.22667876090838,100.90030758862443,98.24218944788545,100.57543182373047,1318400,0.0,0.0,SandP500,GPN
2023-07-05 00:00:00-04:00,98.93132047674348,103.46981642137425,98.27171449624959,103.13509368896484,2917700,0.0,0.0,SandP500,GPN
2023-07-06 00:00:00-04:00,101.92417999337549,103.79471123837436,100.664034842109,103.62734985351562,3737000,0.0,0.0,SandP500,GPN
2023-07-07 00:00:00-04:00,103.72579326399452,105.41911606201035,103.18432114449273,104.20819091796875,2432100,0.0,0.0,SandP500,GPN
2023-07-10 00:00:00-04:00,104.41493182488925,105.30097368921255,104.02114211724086,104.5921401977539,1803800,0.0,0.0,SandP500,GPN
2023-07-11 00:00:00-04:00,104.94654957909492,106.70878618807217,104.51337942886698,106.64971923828125,1691300,0.0,0.0,SandP500,GPN
2023-07-12 00:00:00-04:00,108.00832055125157,108.23475639584966,106.47251964181915,107.19119262695312,1434000,0.0,0.0,SandP500,GPN
2023-07-13 00:00:00-04:00,108.47103113873567,110.86334043297948,107.68343669602419,110.58768463134766,1622300,0.0,0.0,SandP500,GPN
2023-07-14 00:00:00-04:00,110.75502897105184,110.88300985610486,109.48503707085705,110.22340393066406,1355100,0.0,0.0,SandP500,GPN
2023-07-17 00:00:00-04:00,109.85914207101402,110.85347822853295,109.67209423760116,110.55813598632812,1706800,0.0,0.0,SandP500,GPN
2023-07-18 00:00:00-04:00,110.31202069661616,112.16285773615492,110.26279323092967,111.89704895019531,1075900,0.0,0.0,SandP500,GPN
2023-07-19 00:00:00-04:00,112.15301001550603,112.91107092025801,110.79441759739144,111.11930084228516,1674500,0.0,0.0,SandP500,GPN
2023-07-20 00:00:00-04:00,111.30635565249094,111.47372453858341,109.7410213017654,110.34156036376953,1967800,0.0,0.0,SandP500,GPN
2023-07-21 00:00:00-04:00,110.59751820102734,110.59751820102734,108.07722813684062,108.77621459960938,5354500,0.0,0.0,SandP500,GPN
2023-07-24 00:00:00-04:00,108.6974565702594,110.77472187959692,108.58916215698339,110.75503540039062,2014600,0.0,0.0,SandP500,GPN
2023-07-25 00:00:00-04:00,111.03068304469359,111.58199455477528,109.7311576916039,109.82960510253906,1474700,0.0,0.0,SandP500,GPN
2023-07-26 00:00:00-04:00,109.26845731774995,110.22341307072382,107.3782398025549,109.60318756103516,2318700,0.0,0.0,SandP500,GPN
2023-07-27 00:00:00-04:00,110.11511365272722,110.68611918170944,106.1377764507661,106.2460708618164,1690500,0.0,0.0,SandP500,GPN
2023-07-28 00:00:00-04:00,107.9394014883182,108.86482379302252,106.79739785645859,107.20103454589844,1319400,0.0,0.0,SandP500,GPN
2023-07-31 00:00:00-04:00,107.81141993801148,108.85497614012581,107.31917531270368,108.5399398803711,1780200,0.0,0.0,SandP500,GPN
2023-08-01 00:00:00-04:00,115.36244892476292,119.61544212199145,113.6789732332617,118.8770751953125,5100600,0.0,0.0,SandP500,GPN
2023-08-02 00:00:00-04:00,117.84335819930509,122.81503183095273,116.67182111941821,120.06830596923828,5194000,0.0,0.0,SandP500,GPN
2023-08-03 00:00:00-04:00,119.12319543498178,120.21597906836905,116.62259191873883,119.76311492919922,2351700,0.0,0.0,SandP500,GPN
2023-08-04 00:00:00-04:00,119.93047651462737,122.44092703077577,118.64079803959268,120.74760437011719,1736900,0.0,0.0,SandP500,GPN
2023-08-07 00:00:00-04:00,121.19062157394768,121.85022754920656,120.07815145846375,120.68852996826172,1557700,0.0,0.0,SandP500,GPN
2023-08-08 00:00:00-04:00,119.12320168328843,123.25805361332685,118.92630683368928,122.44093322753906,2301400,0.0,0.0,SandP500,GPN
2023-08-09 00:00:00-04:00,122.09635672849902,123.31712883893853,121.41706423544518,122.11605072021484,1444300,0.0,0.0,SandP500,GPN
2023-08-10 00:00:00-04:00,125.21718219835441,127.57011075628435,124.89229896373067,125.73896026611328,2507300,0.0,0.0,SandP500,GPN
2023-08-11 00:00:00-04:00,125.53222550084483,125.72912034505788,124.42959484450392,124.87261199951172,1317300,0.0,0.0,SandP500,GPN
2023-08-14 00:00:00-04:00,124.05549161689397,125.0695143354424,123.69122789299362,123.82905578613281,1590600,0.0,0.0,SandP500,GPN
2023-08-15 00:00:00-04:00,123.15960805258659,123.82906106683593,121.42690480787232,121.64349365234375,2324200,0.0,0.0,SandP500,GPN
2023-08-16 00:00:00-04:00,120.86574352918917,122.26372399123228,120.73776262896322,121.72225189208984,1617100,0.0,0.0,SandP500,GPN
2023-08-17 00:00:00-04:00,122.06682359454521,123.89797425428624,121.97822316474668,123.04147338867188,3694800,0.0,0.0,SandP500,GPN
2023-08-18 00:00:00-04:00,121.49582255127257,123.13991780428506,120.95435045666034,122.13573455810547,1928700,0.0,0.0,SandP500,GPN
2023-08-21 00:00:00-04:00,122.21449652365315,122.94301647527088,120.71807614856579,121.72225189208984,1703500,0.0,0.0,SandP500,GPN
2023-08-22 00:00:00-04:00,122.04714067254318,122.97256302528318,121.32846017308519,121.53520202636719,957300,0.0,0.0,SandP500,GPN
2023-08-23 00:00:00-04:00,121.72225017639833,121.81085811458043,120.70822745143983,121.35798645019531,1260100,0.0,0.0,SandP500,GPN
2023-08-24 00:00:00-04:00,121.39737190670573,122.05698543919374,119.26103195075733,119.34963989257812,2166100,0.0,0.0,SandP500,GPN
2023-08-25 00:00:00-04:00,119.57605939740623,120.32427330543405,117.725222373397,119.82218170166016,2149300,0.0,0.0,SandP500,GPN
2023-08-28 00:00:00-04:00,120.27505513038571,123.69123417907021,120.09784675719277,123.34666442871094,1868000,0.0,0.0,SandP500,GPN
2023-08-29 00:00:00-04:00,122.74612129439137,123.68138308740403,122.0274408293917,122.91348266601562,1581600,0.0,0.0,SandP500,GPN
2023-08-30 00:00:00-04:00,123.14975768975161,125.54206688736387,122.5295321611325,125.17781066894531,2069400,0.0,0.0,SandP500,GPN
2023-08-31 00:00:00-04:00,125.0596601570617,125.75864657813727,124.52803509503455,124.72493743896484,1430100,0.0,0.0,SandP500,GPN
2023-09-01 00:00:00-04:00,126.30997991801323,127.68825892615126,125.16796872720485,127.31416320800781,1996500,0.0,0.0,SandP500,GPN
2023-09-05 00:00:00-04:00,126.58562697393805,126.58562697393805,124.44928714786491,124.53788757324219,1458000,0.0,0.0,SandP500,GPN
2023-09-06 00:00:00-04:00,124.24253833224842,125.80788012013191,124.01611001460952,125.37470245361328,1046900,0.0,0.0,SandP500,GPN
2023-09-07 00:00:00-04:00,124.08502815665216,125.4534676373679,124.04564768463177,124.67572021484375,1180500,0.0,0.0,SandP500,GPN
2023-09-08 00:00:00-04:00,124.65602531064341,125.3648512259397,123.51401423239577,123.95703887939453,1072600,0.0,0.0,SandP500,GPN
2023-09-11 00:00:00-04:00,123.94719624989982,124.40006039689656,122.16526562615152,123.16944885253906,1216800,0.0,0.0,SandP500,GPN
2023-09-12 00:00:00-04:00,123.08084091559579,123.61246600408505,122.70673771009155,123.16944885253906,1088000,0.0,0.0,SandP500,GPN
2023-09-13 00:00:00-04:00,123.307285195639,123.9964247032875,122.40155683957029,123.85859680175781,1301900,0.0,0.0,SandP500,GPN
2023-09-14 00:00:00-04:00,124.29262273123703,124.59841963280765,122.80308204995247,123.97695922851562,1027800,0.25,0.0,SandP500,GPN
2023-09-15 00:00:00-04:00,123.75007264233999,124.96340870032056,122.04351941665738,122.65511322021484,2608200,0.0,0.0,SandP500,GPN
2023-09-18 00:00:00-04:00,121.1261277331087,122.44796637123117,120.06076053085324,121.62921905517578,1280200,0.0,0.0,SandP500,GPN
2023-09-19 00:00:00-04:00,121.44178822242976,121.8856874492857,119.87332973724939,121.27409362792969,1420200,0.0,0.0,SandP500,GPN
2023-09-20 00:00:00-04:00,121.74758493715433,122.71430867485562,120.80059440231057,121.02748107910156,974800,0.0,0.0,SandP500,GPN
2023-09-21 00:00:00-04:00,119.87332752102547,120.14953967428647,117.62422409798167,118.10758972167969,1283100,0.0,0.0,SandP500,GPN
2023-09-22 00:00:00-04:00,118.20623792050195,118.57121939578684,117.15073732325104,117.54531860351562,1345500,0.0,0.0,SandP500,GPN
2023-09-25 00:00:00-04:00,116.37142953711479,118.1569004294833,116.37142953711479,117.93988037109375,979100,0.0,0.0,SandP500,GPN
2023-09-26 00:00:00-04:00,117.04222775664891,117.46640131759771,115.74011479471501,115.80916595458984,1238600,0.0,0.0,SandP500,GPN
2023-09-27 00:00:00-04:00,116.16429135619882,116.29252707756099,113.2049429548168,113.68830108642578,1379000,0.0,0.0,SandP500,GPN
2023-09-28 00:00:00-04:00,113.52059648896869,115.61186435851684,113.52059648896869,114.52677154541016,1114500,0.0,0.0,SandP500,GPN
2023-09-29 00:00:00-04:00,114.87202705981704,115.74996640417234,113.62910626224236,113.8263931274414,1414200,0.0,0.0,SandP500,GPN
2023-10-02 00:00:00-04:00,114.44786561725888,115.56255834883035,113.98424068245957,114.33936309814453,1224800,0.0,0.0,SandP500,GPN
2023-10-03 00:00:00-04:00,113.25426903701991,113.73763472931599,110.19627697475823,110.34424591064453,1824200,0.0,0.0,SandP500,GPN
2023-10-04 00:00:00-04:00,110.72894679973454,111.58716049988514,109.34791611395644,111.40959930419922,2294900,0.0,0.0,SandP500,GPN
2023-10-05 00:00:00-04:00,111.10379337160606,112.6821184346737,110.51192523596153,112.5736083984375,1442500,0.0,0.0,SandP500,GPN
2023-10-06 00:00:00-04:00,112.51440793312095,114.5859575425414,111.59700975712396,113.15560150146484,1283000,0.0,0.0,SandP500,GPN
2023-10-09 00:00:00-04:00,111.53783084249581,112.86953599727205,110.80786041023522,112.25794219970703,1169800,0.0,0.0,SandP500,GPN
2023-10-10 00:00:00-04:00,112.62292417379871,113.84612682660996,112.09024060422185,113.65869903564453,1108900,0.0,0.0,SandP500,GPN
2023-10-11 00:00:00-04:00,114.033546740186,114.94107836288578,112.29739372536054,113.6192398071289,901000,0.0,0.0,SandP500,GPN
2023-10-12 00:00:00-04:00,114.1913859267845,114.23084480634665,111.22217109233554,112.48482513427734,1082700,0.0,0.0,SandP500,GPN
2023-10-13 00:00:00-04:00,112.46509685681686,113.74747654587962,111.08406620812409,111.50823974609375,1774000,0.0,0.0,SandP500,GPN
2023-10-16 00:00:00-04:00,112.7215845204614,114.23085862373163,111.91269620662344,113.64884948730469,1431100,0.0,0.0,SandP500,GPN
2023-10-17 00:00:00-04:00,112.79062496057128,115.7105219155962,112.58347148202101,114.61556243896484,1299600,0.0,0.0,SandP500,GPN
2023-10-18 00:00:00-04:00,113.56006373390878,114.55637226266785,112.80049344056424,113.49101257324219,1226800,0.0,0.0,SandP500,GPN
2023-10-19 00:00:00-04:00,113.21479342672245,113.76721020401976,110.46260624548712,110.88677978515625,1167400,0.0,0.0,SandP500,GPN
2023-10-20 00:00:00-04:00,111.16298111405342,111.2517579442294,109.24926694169469,109.62411499023438,1111000,0.0,0.0,SandP500,GPN
2023-10-23 00:00:00-04:00,108.8941534440792,109.0223891623442,107.27637695914409,107.30596923828125,1807400,0.0,0.0,SandP500,GPN
2023-10-24 00:00:00-04:00,108.1247240095013,110.14694837731155,107.8386527680152,109.9891128540039,2114400,0.0,0.0,SandP500,GPN
2023-10-25 00:00:00-04:00,105.73750871750994,107.67094854921464,102.35398713052389,104.17891693115234,3619400,0.0,0.0,SandP500,GPN
2023-10-26 00:00:00-04:00,104.20851405053016,105.22455572872526,101.95941062190187,102.95572662353516,2472800,0.0,0.0,SandP500,GPN
2023-10-27 00:00:00-04:00,103.36015908735563,103.36015908735563,100.72634119538917,101.38726043701172,2302100,0.0,0.0,SandP500,GPN
2023-10-30 00:00:00-04:00,102.74857025215773,102.81762140719232,100.58824371805756,102.39344787597656,2644900,0.0,0.0,SandP500,GPN
2023-10-31 00:00:00-04:00,103.14315282536027,107.22705297564592,102.05805992775997,104.7806625366211,4260700,0.0,0.0,SandP500,GPN
2023-11-01 00:00:00-04:00,104.90889128150656,108.19376956146576,104.90889128150656,107.54270935058594,2898700,0.0,0.0,SandP500,GPN
2023-11-02 00:00:00-04:00,108.70671843168176,111.38000286861954,108.70671843168176,110.48233032226562,2545600,0.0,0.0,SandP500,GPN
2023-11-03 00:00:00-04:00,110.88677028171607,113.05695574806917,110.8275782055716,112.21847534179688,1612900,0.0,0.0,SandP500,GPN
2023-11-06 00:00:00-05:00,112.0113312252706,112.28753585026033,109.07170873214078,109.52547454833984,1457600,0.0,0.0,SandP500,GPN
2023-11-07 00:00:00-05:00,109.5846698925176,109.70304654031574,108.15432114684857,108.3121566772461,1482200,0.0,0.0,SandP500,GPN
2023-11-08 00:00:00-05:00,108.68698431403241,109.80166931509399,108.14443418793424,108.38118743896484,1907300,0.0,0.0,SandP500,GPN
2023-11-09 00:00:00-05:00,108.62781389052533,108.62781389052533,105.3922534397777,105.78683471679688,1978300,0.0,0.0,SandP500,GPN
2023-11-10 00:00:00-05:00,106.467484509249,107.8879740597929,105.57967854015908,107.70054626464844,1090200,0.0,0.0,SandP500,GPN
2023-11-13 00:00:00-05:00,107.01003822698077,107.96688785892931,106.60559034536368,107.22705078125,904200,0.0,0.0,SandP500,GPN
2023-11-14 00:00:00-05:00,109.46629306667072,111.62661969936948,109.46629306667072,110.33436584472656,2426000,0.0,0.0,SandP500,GPN
2023-11-15 00:00:00-05:00,110.43300649914313,113.42195448078681,110.43300649914313,112.90899658203125,2462600,0.0,0.0,SandP500,GPN
2023-11-16 00:00:00-05:00,112.405907760955,112.82022223477372,109.88059966840399,110.29490661621094,1389200,0.0,0.0,SandP500,GPN
2023-11-17 00:00:00-05:00,110.99527157621144,111.12351480145594,109.85099430532827,110.53164672851562,1170600,0.0,0.0,SandP500,GPN
2023-11-20 00:00:00-05:00,110.30477117750144,112.24807769209727,110.30477117750144,111.83377075195312,1353400,0.0,0.0,SandP500,GPN
2023-11-21 00:00:00-05:00,111.39971940042737,111.75484174939373,110.47245465301398,110.53164672851562,887500,0.0,0.0,SandP500,GPN
2023-11-22 00:00:00-05:00,111.10379772378273,111.46878672596658,110.31464268734767,110.85718536376953,804800,0.0,0.0,SandP500,GPN
2023-11-24 00:00:00-05:00,110.97556219453718,111.29122571485004,110.22585851153961,111.10379791259766,248900,0.0,0.0,SandP500,GPN
2023-11-27 00:00:00-05:00,110.6401686704482,112.6525188299959,110.3836897183444,112.15929412841797,2315400,0.0,0.0,SandP500,GPN
2023-11-28 00:00:00-05:00,112.16916818315319,114.65502505885281,112.15930158118275,113.9349136352539,1321900,0.0,0.0,SandP500,GPN
2023-11-29 00:00:00-05:00,115.01999464207152,116.16427951983005,114.75365662453058,114.78324890136719,1082500,0.0,0.0,SandP500,GPN
2023-11-30 00:00:00-05:00,115.03973618770243,115.51322770345303,114.15193018815512,114.86217498779297,1830100,0.0,0.0,SandP500,GPN
2023-12-01 00:00:00-05:00,114.65502098885223,118.3936577196344,114.37880882556995,118.16677856445312,3658800,0.0,0.0,SandP500,GPN
2023-12-04 00:00:00-05:00,117.38747894131689,119.43929550552556,117.06194883212757,118.1865005493164,1389500,0.0,0.0,SandP500,GPN
2023-12-05 00:00:00-05:00,117.2197849123388,117.61436618058445,115.2567451724698,116.24319458007812,1247600,0.0,0.0,SandP500,GPN
2023-12-06 00:00:00-05:00,117.08168659481447,118.76851423629577,117.08168659481447,117.83138275146484,1592900,0.0,0.0,SandP500,GPN
2023-12-07 00:00:00-05:00,117.65381374577274,118.40351737869932,116.17413968200292,118.24568939208984,1727700,0.0,0.0,SandP500,GPN
2023-12-08 00:00:00-05:00,118.27528222322888,119.14335496867595,117.51571198570264,118.5317611694336,1534200,0.0,0.0,SandP500,GPN
2023-12-11 00:00:00-05:00,118.91648953375605,121.68841020407676,118.91648953375605,121.05708312988281,1666900,0.0,0.0,SandP500,GPN
2023-12-12 00:00:00-05:00,121.24450531138913,121.94488351660893,120.2876481423103,121.74758911132812,1546600,0.0,0.0,SandP500,GPN
2023-12-13 00:00:00-05:00,120.87949753895127,127.71559145584206,120.87949753895127,127.50843048095703,2106900,0.0,0.0,SandP500,GPN
2023-12-14 00:00:00-05:00,128.68459924034815,136.46301056897914,119.57191715044168,124.22709655761719,11204200,0.25,0.0,SandP500,GPN
2023-12-15 00:00:00-05:00,125.61080044184226,130.56249888401132,125.55150119267492,126.6881103515625,4236700,0.0,0.0,SandP500,GPN
2023-12-18 00:00:00-05:00,126.87590576814968,126.91544865642973,124.69163624825963,125.89743041992188,3193700,0.0,0.0,SandP500,GPN
2023-12-19 00:00:00-05:00,126.51020605306499,127.16252792251214,124.3160434603368,126.9253158569336,3172500,0.0,0.0,SandP500,GPN
2023-12-20 00:00:00-05:00,126.42126367107258,126.47067719849012,122.8730436324956,123.01141357421875,2029800,0.0,0.0,SandP500,GPN
2023-12-21 00:00:00-05:00,124.39511894760935,125.19568896318152,123.6241985562293,124.89918518066406,1583700,0.0,0.0,SandP500,GPN
2023-12-22 00:00:00-05:00,125.5613797395156,125.74917073860972,124.24685782704844,125.41312408447266,910900,0.0,0.0,SandP500,GPN
2023-12-26 00:00:00-05:00,124.82999608690453,125.6602156992424,124.67185470897584,124.83987426757812,746500,0.0,0.0,SandP500,GPN
2023-12-27 00:00:00-05:00,125.02767173578245,126.01603277717203,124.56314083983393,125.91719818115234,722000,0.0,0.0,SandP500,GPN
2023-12-28 00:00:00-05:00,126.57940423535007,126.97474261451164,125.49220107086703,126.45091247558594,804900,0.0,0.0,SandP500,GPN
2023-12-29 00:00:00-05:00,126.00615303723671,126.95497877714243,125.09686264573499,125.52185821533203,1066200,0.0,0.0,SandP500,GPN
2024-01-02 00:00:00-05:00,124.74103946810672,126.52008472325444,124.13813866180448,125.68986511230469,3553800,0.0,0.0,SandP500,GPN
2024-01-03 00:00:00-05:00,125.0573192633868,126.00614494233797,123.62419879364307,124.0491943359375,2892800,0.0,0.0,SandP500,GPN
2024-01-04 00:00:00-05:00,123.47595202113283,125.99627583209454,123.47595202113283,124.365478515625,1313600,0.0,0.0,SandP500,GPN
2024-01-05 00:00:00-05:00,124.17767869051914,126.9055496927671,124.17767869051914,125.90731048583984,1337100,0.0,0.0,SandP500,GPN
2024-01-08 00:00:00-05:00,127.38985276240044,131.7979495991554,126.67823161313781,131.52120971679688,2253000,0.0,0.0,SandP500,GPN
2024-01-09 00:00:00-05:00,130.11772985314244,131.51132259225452,129.455529740794,129.81134033203125,1610800,0.0,0.0,SandP500,GPN
2024-01-10 00:00:00-05:00,130.2857516650832,132.12408861053902,130.25608696097717,131.7188720703125,1875000,0.0,0.0,SandP500,GPN
2024-01-11 00:00:00-05:00,131.58051212780734,133.15200258636435,129.22820799003756,130.4537811279297,2046000,0.0,0.0,SandP500,GPN
2024-01-12 00:00:00-05:00,131.31363540082887,131.6694459433143,128.25960370852394,128.7537841796875,1494900,0.0,0.0,SandP500,GPN
2024-01-16 00:00:00-05:00,127.84449372659986,128.6450636756676,126.71776285732102,127.39971923828125,1657900,0.0,0.0,SandP500,GPN
2024-01-17 00:00:00-05:00,126.03579161992337,127.84450160338783,125.7491735651526,126.54973602294922,1462600,0.0,0.0,SandP500,GPN
2024-01-18 00:00:00-05:00,127.10323984917322,127.65671963631723,124.67186497714131,125.93696594238281,1542700,0.0,0.0,SandP500,GPN
2024-01-19 00:00:00-05:00,126.9846119532085,128.36832634630628,126.20381343031664,127.95321655273438,2228700,0.0,0.0,SandP500,GPN
2024-01-22 00:00:00-05:00,129.831098283884,131.58050143243014,129.6136576628809,131.13572692871094,4434800,0.0,0.0,SandP500,GPN
2024-01-23 00:00:00-05:00,131.45201965690353,132.09444830696015,129.58401787555314,130.29563903808594,2155400,0.0,0.0,SandP500,GPN
2024-01-24 00:00:00-05:00,130.46365477413738,130.70086684841053,127.49857171108881,128.49681091308594,2391500,0.0,0.0,SandP500,GPN
2024-01-25 00:00:00-05:00,130.24621423068783,130.24621423068783,128.00263048873705,129.8508758544922,1800800,0.0,0.0,SandP500,GPN
2024-01-26 00:00:00-05:00,129.39622579351013,133.06305189461887,129.39622579351013,132.34153747558594,2349100,0.0,0.0,SandP500,GPN
2024-01-29 00:00:00-05:00,131.62002176372155,134.35778573188185,131.24443978854836,133.80430603027344,2043000,0.0,0.0,SandP500,GPN
2024-01-30 00:00:00-05:00,133.4979340585219,134.6048936068491,133.31014304631796,134.35780334472656,1572100,0.0,0.0,SandP500,GPN
2024-01-31 00:00:00-05:00,134.2589438962566,134.98045822708215,131.57060098449912,131.6793212890625,1325400,0.0,0.0,SandP500,GPN
2024-02-01 00:00:00-05:00,131.98573457087736,133.90315751659864,130.2066966570102,133.73513793945312,1665000,0.0,0.0,SandP500,GPN
2024-02-02 00:00:00-05:00,135.60313512979505,136.09731566239722,133.1421257293998,134.91128540039062,1455200,0.0,0.0,SandP500,GPN
2024-02-05 00:00:00-05:00,133.56710256339122,134.83220341441623,132.49967089261543,134.50604248046875,1421700,0.0,0.0,SandP500,GPN
2024-02-06 00:00:00-05:00,133.96244952614282,134.49617293639906,132.08456957140174,134.2787322998047,1273900,0.0,0.0,SandP500,GPN
2024-02-07 00:00:00-05:00,134.90140734236388,136.07754434283072,133.71536199807937,135.41534423828125,1315400,0.0,0.0,SandP500,GPN
2024-02-08 00:00:00-05:00,135.13859145276285,136.08742462142416,134.62465460587993,135.03976440429688,991000,0.0,0.0,SandP500,GPN
2024-02-09 00:00:00-05:00,134.8816298858831,135.5043021557572,133.3397891044733,134.41709899902344,1522900,0.0,0.0,SandP500,GPN
2024-02-12 00:00:00-05:00,134.41709675589837,136.71997970859175,133.98221550046208,136.146728515625,1470400,0.0,0.0,SandP500,GPN
2024-02-13 00:00:00-05:00,134.1205937574702,135.5240646626767,132.47003258554724,134.48629760742188,2322400,0.0,0.0,SandP500,GPN
2024-02-14 00:00:00-05:00,130.46364125134372,137.65890753204377,129.87061866772493,137.36239624023438,3680700,0.0,0.0,SandP500,GPN
2024-02-15 00:00:00-05:00,138.37054697364044,140.12982843580988,136.00836466783815,136.21592712402344,2690600,0.0,0.0,SandP500,GPN
2024-02-16 00:00:00-05:00,135.73162697138238,135.88976836139128,132.07469404428696,132.628173828125,1795800,0.0,0.0,SandP500,GPN
2024-02-20 00:00:00-05:00,130.38459326248463,131.1654069695286,129.02065013147185,129.2776336669922,3789300,0.0,0.0,SandP500,GPN
2024-02-21 00:00:00-05:00,129.6235539755355,131.93633044234187,129.37646369721296,130.91831970214844,9148900,0.0,0.0,SandP500,GPN
2024-02-22 00:00:00-05:00,131.8473413516925,133.15198501155695,130.8787518680055,130.9084014892578,4017600,0.0,0.0,SandP500,GPN
2024-02-23 00:00:00-05:00,130.90842901772444,133.48805217747386,130.47354770631932,131.55087280273438,4092400,0.0,0.0,SandP500,GPN
2024-02-26 00:00:00-05:00,130.7601571491178,132.96419785243353,130.53283835257272,131.77816772460938,1551100,0.0,0.0,SandP500,GPN
2024-02-27 00:00:00-05:00,131.89676189818928,132.17350174958864,130.740381430301,131.6793212890625,1934500,0.0,0.0,SandP500,GPN
2024-02-28 00:00:00-05:00,131.01713672473625,131.08632923633724,128.4276356323349,128.54623413085938,2569700,0.0,0.0,SandP500,GPN
2024-02-29 00:00:00-05:00,129.12938507241242,129.6235656736558,128.0421967983941,128.19044494628906,3064000,0.0,0.0,SandP500,GPN
2024-03-01 00:00:00-05:00,128.18055879286348,129.4258884013284,128.11136627401837,128.57589721679688,2280100,0.0,0.0,SandP500,GPN
2024-03-04 00:00:00-05:00,128.5561230689061,129.11948099913997,126.31253936640026,127.0538101196289,2412700,0.0,0.0,SandP500,GPN
2024-03-05 00:00:00-05:00,126.75729995002963,128.45728209932463,126.10497806179481,127.33055114746094,1810200,0.0,0.0,SandP500,GPN
2024-03-06 00:00:00-05:00,128.00264039862867,128.6055412717783,126.34220099262588,126.7671890258789,1692600,0.0,0.0,SandP500,GPN
2024-03-07 00:00:00-05:00,127.54799283906299,128.81309374007023,127.09334013345459,127.56776428222656,1474100,0.0,0.0,SandP500,GPN
2024-03-08 00:00:00-05:00,127.93344009102738,129.16889124289347,127.90379046987786,128.12123107910156,1757700,0.0,0.0,SandP500,GPN
2024-03-11 00:00:00-04:00,128.05204681107304,128.9514589269615,127.97297612252541,128.743896484375,2077200,0.0,0.0,SandP500,GPN
2024-03-12 00:00:00-04:00,129.27761854129668,131.79794204368866,129.03052829755612,131.56072998046875,3127600,0.0,0.0,SandP500,GPN
2024-03-13 00:00:00-04:00,131.56074315855287,138.74613238900287,131.56074315855287,132.4403839111328,4172200,0.0,0.0,SandP500,GPN
2024-03-14 00:00:00-04:00,132.1829356077607,132.36116588189068,129.11328327198598,130.70751953125,2874800,0.25,0.0,SandP500,GPN
2024-03-15 00:00:00-04:00,129.31131589475308,130.62829492637138,128.2121839275758,128.6082763671875,1849500,0.0,0.0,SandP500,GPN
2024-03-18 00:00:00-04:00,128.647877112389,129.83612420374098,127.99433592386188,129.27171325683594,1997000,0.0,0.0,SandP500,GPN
2024-03-19 00:00:00-04:00,129.152873255059,130.84613625270694,128.4300253598671,130.02426147460938,3440400,0.0,0.0,SandP500,GPN
2024-03-20 00:00:00-04:00,130.09358678338057,132.33145236853773,129.70740610476096,131.78683471679688,1635900,0.0,0.0,SandP500,GPN
2024-03-21 00:00:00-04:00,132.27203549152676,134.2029387855129,131.8561497904667,133.2721405029297,2280900,0.0,0.0,SandP500,GPN
2024-03-22 00:00:00-04:00,133.3909666422235,133.56919688358917,130.60846862940775,130.8362274169922,2066900,0.0,0.0,SandP500,GPN
2024-03-25 00:00:00-04:00,130.65801401307823,131.88587804376613,129.8856525595533,131.36106872558594,3931500,0.0,0.0,SandP500,GPN
2024-03-26 00:00:00-04:00,132.15323538691266,135.02483404376247,131.81655300784888,132.87608337402344,4621400,0.0,0.0,SandP500,GPN
2024-03-27 00:00:00-04:00,133.52961057166516,134.00490637940248,127.04374244294553,130.47976684570312,3161100,0.0,0.0,SandP500,GPN
2024-03-28 00:00:00-04:00,131.10358508007576,132.57900102379207,130.78672625145822,132.35125732421875,2350100,0.0,0.0,SandP500,GPN
2024-04-01 00:00:00-04:00,132.2423434552659,132.32156194555142,128.80631887471557,128.87562561035156,1389300,0.0,0.0,SandP500,GPN
2024-04-02 00:00:00-04:00,127.48933773396521,127.95473691347277,126.5288343302481,127.10315704345703,1700400,0.0,0.0,SandP500,GPN
2024-04-03 00:00:00-04:00,127.16256648121107,127.67747910237726,125.7564723047873,125.8554916381836,1695900,0.0,0.0,SandP500,GPN
2024-04-04 00:00:00-04:00,127.29129267837908,127.42000949583459,124.11271707033406,124.7662582397461,1412500,0.0,0.0,SandP500,GPN
2024-04-05 00:00:00-04:00,124.65733719252555,125.50891703675572,123.57801364268191,124.68704223632812,1719700,0.0,0.0,SandP500,GPN
2024-04-08 00:00:00-04:00,125.63764503891595,127.72699302120608,124.89498870364676,126.80609130859375,1778200,0.0,0.0,SandP500,GPN
2024-04-09 00:00:00-04:00,127.52894190989491,128.0834713437007,126.41001661574796,126.90512084960938,1180200,0.0,0.0,SandP500,GPN
2024-04-10 00:00:00-04:00,124.34047163697788,125.45940443764644,123.49879598658538,123.78595733642578,1172600,0.0,0.0,SandP500,GPN
2024-04-11 00:00:00-04:00,124.02360370717264,124.06321295024878,121.79563477830128,123.320556640625,1595400,0.0,0.0,SandP500,GPN
2024-04-12 00:00:00-04:00,122.28083686962319,123.2809494989441,121.67680912312458,122.52838897705078,1183700,0.0,0.0,SandP500,GPN
2024-04-15 00:00:00-04:00,124.94449575806145,125.25145794343987,121.52827981240901,121.9639663696289,1528000,0.0,0.0,SandP500,GPN
2024-04-16 00:00:00-04:00,122.03328589658553,123.58791284349462,121.54808587683056,122.22142791748047,1583100,0.0,0.0,SandP500,GPN
2024-04-17 00:00:00-04:00,123.28094264072742,123.28094264072742,121.3401351330266,121.7461166381836,1530600,0.0,0.0,SandP500,GPN
2024-04-18 00:00:00-04:00,122.0531000734795,122.90467997563204,120.75592181990787,120.98367309570312,863400,0.0,0.0,SandP500,GPN
2024-04-19 00:00:00-04:00,121.0727830851911,121.90456210632502,120.3499351519286,120.90444946289062,1064700,0.0,0.0,SandP500,GPN
2024-04-22 00:00:00-04:00,121.79563589801067,123.83546282969584,120.65689470184722,123.01359558105469,1027100,0.0,0.0,SandP500,GPN
2024-04-23 00:00:00-04:00,124.02360620129586,125.79608020247208,123.58791207338706,125.62774658203125,1219000,0.0,0.0,SandP500,GPN
2024-04-24 00:00:00-04:00,124.88508299741358,126.4100048017539,124.31076032668338,126.22186279296875,1581300,0.0,0.0,SandP500,GPN
2024-04-25 00:00:00-04:00,124.68703768850459,125.81587463997322,122.15210664726844,123.40966796875,1196500,0.0,0.0,SandP500,GPN
2024-04-26 00:00:00-04:00,123.4195797917861,125.18214961244159,122.8947705254888,123.35026550292969,1593700,0.0,0.0,SandP500,GPN
2024-04-29 00:00:00-04:00,123.61761979288094,124.82567531572427,123.27104834485809,123.45919036865234,2745900,0.0,0.0,SandP500,GPN
2024-04-30 00:00:00-04:00,123.02349396207649,123.42948304705095,121.35004684257927,121.56788635253906,2621600,0.0,0.0,SandP500,GPN
2024-05-01 00:00:00-04:00,120.90444500047113,120.9242533992406,107.45741301842698,107.99212646484375,9060500,0.0,0.0,SandP500,GPN
2024-05-02 00:00:00-04:00,110.10128627121371,111.79454191101146,107.10095570483392,109.45764923095703,3993500,0.0,0.0,SandP500,GPN
2024-05-03 00:00:00-04:00,110.90333906057405,111.47766173669201,108.76448532386871,110.27951049804688,3191100,0.0,0.0,SandP500,GPN
2024-05-06 00:00:00-04:00,110.54686066164966,110.952849715338,109.27939517010888,110.00224304199219,2163600,0.0,0.0,SandP500,GPN
2024-05-07 00:00:00-04:00,110.63598322224345,110.68548910735565,109.21998496736278,109.76459503173828,2284900,0.0,0.0,SandP500,GPN
2024-05-08 00:00:00-04:00,109.21999644628069,110.2597107991925,108.35851236413289,109.97254943847656,2810800,0.0,0.0,SandP500,GPN
2024-05-09 00:00:00-04:00,110.09137363765541,111.21030644476181,109.99235430551435,110.47755432128906,1726700,0.0,0.0,SandP500,GPN
2024-05-10 00:00:00-04:00,110.9132472543946,111.06178002835267,108.09115476795411,108.16046905517578,2167800,0.0,0.0,SandP500,GPN
2024-05-13 00:00:00-04:00,109.0615586491605,110.02206205943575,108.07135019398041,108.30899810791016,1989900,0.0,0.0,SandP500,GPN
2024-05-14 00:00:00-04:00,108.92291909116943,110.02205097001008,108.04163425926154,109.1110610961914,1453600,0.0,0.0,SandP500,GPN
2024-05-15 00:00:00-04:00,109.24970299844436,109.665588745346,107.15045830909295,107.75448608398438,3456500,0.0,0.0,SandP500,GPN
2024-05-16 00:00:00-04:00,107.74457826497192,108.98233881871782,107.39800682086124,108.2000732421875,2564900,0.0,0.0,SandP500,GPN
2024-05-17 00:00:00-04:00,108.74468964219243,108.91302326241707,107.35839632719188,108.09115600585938,1614600,0.0,0.0,SandP500,GPN
2024-05-20 00:00:00-04:00,108.04164674042933,108.06144758576055,106.10083904625294,106.32858276367188,1616100,0.0,0.0,SandP500,GPN
2024-05-21 00:00:00-04:00,105.68494826891497,106.73456677937742,104.74424573462383,106.30877685546875,2348300,0.0,0.0,SandP500,GPN
2024-05-22 00:00:00-04:00,106.04141702061227,106.40779685897999,104.84326572825178,105.22944641113281,1831100,0.0,0.0,SandP500,GPN
2024-05-23 00:00:00-04:00,105.16012660688995,105.35817281508791,101.95185358098665,102.22911071777344,2751800,0.0,0.0,SandP500,GPN
2024-05-24 00:00:00-04:00,101.99147023908827,103.4470778677559,101.62509039329795,101.75382232666016,2870600,0.0,0.0,SandP500,GPN
2024-05-28 00:00:00-04:00,101.7934347801876,102.12019783706826,100.18929432267325,100.47645568847656,2205200,0.0,0.0,SandP500,GPN
2024-05-29 00:00:00-04:00,99.27830638535269,99.97144931389535,98.43663067078195,99.50605010986328,3078300,0.0,0.0,SandP500,GPN
2024-05-30 00:00:00-04:00,99.83281823224185,100.54576954359895,99.1099627208128,99.58526611328125,4606900,0.0,0.0,SandP500,GPN
2024-05-31 00:00:00-04:00,99.96154067545335,100.90224324207144,98.23858007622147,100.85272979736328,3273400,0.0,0.0,SandP500,GPN
2024-06-03 00:00:00-04:00,100.39722696087003,101.10027400352628,97.9316102120206,98.10984802246094,2198400,0.0,0.0,SandP500,GPN
2024-06-04 00:00:00-04:00,97.72367161653115,97.98112036695774,96.49580773347365,96.58493041992188,2323500,0.0,0.0,SandP500,GPN
2024-06-05 00:00:00-04:00,96.83248177712085,97.78308094864096,96.109626310348,97.5454330444336,2552700,0.0,0.0,SandP500,GPN
2024-06-06 00:00:00-04:00,97.55532544500419,98.70397078230019,96.66414395432525,96.80277252197266,2484200,0.0,0.0,SandP500,GPN
2024-06-07 00:00:00-04:00,96.54532251584968,98.14946290195556,95.86207627746721,96.75326538085938,2705800,0.0,0.0,SandP500,GPN
2024-06-10 00:00:00-04:00,96.19875344689801,96.50571565214673,94.91147942639321,96.37699127197266,3011400,0.0,0.0,SandP500,GPN
2024-06-11 00:00:00-04:00,96.24825005748181,96.26805845540865,95.30755513259466,95.73334503173828,1488700,0.0,0.0,SandP500,GPN
2024-06-12 00:00:00-04:00,96.6443394033997,96.87209066199532,94.4361788774796,94.5054931640625,2475900,0.0,0.0,SandP500,GPN
2024-06-13 00:00:00-04:00,94.56490224288231,94.56490224288231,92.2379140127652,92.72311401367188,2309400,0.0,0.0,SandP500,GPN
2024-06-14 00:00:00-04:00,92.01818533829983,93.5273278971553,91.78982440328627,93.49754333496094,2543200,0.25,0.0,SandP500,GPN
2024-06-17 00:00:00-04:00,92.91176715376145,93.65641156498005,91.31326321168568,93.21955108642578,2845700,0.0,0.0,SandP500,GPN
2024-06-18 00:00:00-04:00,93.32876303279068,93.57697782809065,90.94589948292803,91.55154418945312,2614200,0.0,0.0,SandP500,GPN
2024-06-20 00:00:00-04:00,91.4423341371354,94.35141200213751,91.35298044183838,93.69612884521484,3462200,0.0,0.0,SandP500,GPN
2024-06-21 00:00:00-04:00,93.84504200344892,95.31447685458596,92.89189814389275,94.35140228271484,4749000,0.0,0.0,SandP500,GPN
2024-06-24 00:00:00-04:00,94.35140450079801,96.89312151936704,94.35140450079801,96.34705352783203,2867400,0.0,0.0,SandP500,GPN
2024-06-25 00:00:00-04:00,96.30734606590059,96.30734606590059,94.51027326946839,94.96698760986328,1835700,0.0,0.0,SandP500,GPN
2024-06-26 00:00:00-04:00,94.35140746634539,94.9570521772926,93.75569346825874,94.48048400878906,2203500,0.0,0.0,SandP500,GPN
2024-06-27 00:00:00-04:00,94.2620443772744,94.43082860450326,93.1103241975426,94.14289855957031,1210400,0.0,0.0,SandP500,GPN
2024-06-28 00:00:00-04:00,94.5499791366562,96.33712104184583,93.86490390679744,96.00947570800781,3439000,0.0,0.0,SandP500,GPN
2024-07-01 00:00:00-04:00,96.30733893050848,96.34705420606748,94.39112044054406,94.99676513671875,1959600,0.0,0.0,SandP500,GPN
2024-07-02 00:00:00-04:00,95.18540857949834,96.4066210810388,95.04640890574439,96.39669036865234,1294700,0.0,0.0,SandP500,GPN
2024-07-03 00:00:00-04:00,97.77677945196935,97.92570227524077,95.5031309260774,95.9002685546875,1283300,0.0,0.0,SandP500,GPN
2024-07-05 00:00:00-04:00,95.66198217673056,95.93005840204297,94.74855353288984,95.53291320800781,1345500,0.0,0.0,SandP500,GPN
2024-07-08 00:00:00-04:00,95.46341201739754,95.9995568855272,94.12305363453062,94.83790588378906,1609700,0.0,0.0,SandP500,GPN
2024-07-09 00:00:00-04:00,94.69890402755783,95.83076286484588,94.14290532149752,95.1059799194336,2507300,0.0,0.0,SandP500,GPN
2024-07-10 00:00:00-04:00,94.40104404380567,94.96697342180114,93.06068578801784,94.14289855957031,1955900,0.0,0.0,SandP500,GPN
2024-07-11 00:00:00-04:00,94.93720139029679,97.31013432127656,94.1826262617477,96.14848327636719,2617300,0.0,0.0,SandP500,GPN
2024-07-12 00:00:00-04:00,96.93284246419462,97.82641727296068,96.22791333031101,96.7541275024414,3246200,0.0,0.0,SandP500,GPN
2024-07-15 00:00:00-04:00,97.30020095595164,99.28591934280779,96.9527017532347,98.78948974609375,2182300,0.0,0.0,SandP500,GPN
2024-07-16 00:00:00-04:00,99.07741845847646,102.50277959872544,99.0476338950696,102.37371063232422,2790100,0.0,0.0,SandP500,GPN
2024-07-17 00:00:00-04:00,101.57941830214212,104.41899610759462,101.56949516447388,102.78077697753906,2493300,0.0,0.0,SandP500,GPN
2024-07-18 00:00:00-04:00,102.29427913009052,103.60485293222392,100.38799134060818,100.43763732910156,1746200,0.0,0.0,SandP500,GPN
2024-07-19 00:00:00-04:00,100.7454235198994,101.12270728624847,98.69020529350423,99.92134857177734,1921800,0.0,0.0,SandP500,GPN
2024-07-22 00:00:00-04:00,100.6262743824784,100.81492004690993,98.22355703250659,99.63341522216797,2353200,0.0,0.0,SandP500,GPN
2024-07-23 00:00:00-04:00,100.33834571099139,100.45749153885306,98.54127302983551,99.19656372070312,1843800,0.0,0.0,SandP500,GPN
2024-07-24 00:00:00-04:00,98.76964146870701,99.80220842221466,97.49877526647657,97.677490234375,1868100,0.0,0.0,SandP500,GPN
2024-07-25 00:00:00-04:00,98.30298832663787,100.47734475321761,97.98527369593269,98.034912109375,1335400,0.0,0.0,SandP500,GPN
2024-07-26 00:00:00-04:00,98.70012686813168,100.93405984542157,98.33276627378613,100.46741485595703,1778700,0.0,0.0,SandP500,GPN
2024-07-29 00:00:00-04:00,100.57664264559524,101.49007131573396,99.6234911225034,100.84471130371094,1136900,0.0,0.0,SandP500,GPN
2024-07-30 00:00:00-04:00,101.43049444610504,102.22477722151791,100.48727370822742,101.0929183959961,998800,0.0,0.0,SandP500,GPN
2024-07-31 00:00:00-04:00,100.99363801166997,101.91699736130148,99.3852033970141,100.9142074584961,1712300,0.0,0.0,SandP500,GPN
2024-08-01 00:00:00-04:00,101.18227910981206,101.64891654506602,97.08176599273725,97.41934204101562,1879400,0.0,0.0,SandP500,GPN
2024-08-02 00:00:00-04:00,95.81090815085328,96.08890750137726,93.3188295588033,94.93719482421875,1957700,0.0,0.0,SandP500,GPN
2024-08-05 00:00:00-04:00,92.33590528287382,93.99397832319971,91.45226120390186,91.99833679199219,2537600,0.0,0.0,SandP500,GPN
2024-08-06 00:00:00-04:00,91.9586134537078,94.31168469540201,91.35296879088776,92.35575103759766,2961200,0.0,0.0,SandP500,GPN
2024-08-07 00:00:00-04:00,96.87326791225975,101.15248846674118,96.12862354245918,98.74977111816406,3812000,0.0,0.0,SandP500,GPN
2024-08-08 00:00:00-04:00,99.70291083505579,103.7835624169897,99.2660579739744,103.3169174194336,3671800,0.0,0.0,SandP500,GPN
2024-08-09 00:00:00-04:00,103.24741805593993,103.68427849393147,101.22198453649821,101.3311996459961,2125400,0.0,0.0,SandP500,GPN
2024-08-12 00:00:00-04:00,101.34114100443534,102.10563927631975,99.47456838450574,99.71285247802734,2054700,0.0,0.0,SandP500,GPN
2024-08-13 00:00:00-04:00,100.3284259431195,103.56514150547866,99.84191947752888,103.01907348632812,2528900,0.0,0.0,SandP500,GPN
2024-08-14 00:00:00-04:00,103.41620706982502,104.64735022782376,103.10841559914002,104.32963562011719,2174200,0.0,0.0,SandP500,GPN
2024-08-15 00:00:00-04:00,105.95793213251014,108.49964919088895,105.95793213251014,108.00321960449219,2986300,0.0,0.0,SandP500,GPN
2024-08-16 00:00:00-04:00,107.33800426835482,108.9067235573039,107.19900459211014,108.05286407470703,2093200,0.0,0.0,SandP500,GPN
2024-08-19 00:00:00-04:00,108.59893572367224,109.53222578837996,108.40036691518377,109.11522674560547,1255000,0.0,0.0,SandP500,GPN
2024-08-20 00:00:00-04:00,109.10529641900646,109.16486554678102,107.59615377437308,107.87415313720703,1251700,0.0,0.0,SandP500,GPN
2024-08-21 00:00:00-04:00,108.60886047713811,108.7577908627898,107.22878688159953,108.56914520263672,1503900,0.0,0.0,SandP500,GPN
2024-08-22 00:00:00-04:00,108.76772684351742,110.26693876026332,108.33086637775601,108.45001220703125,1110000,0.0,0.0,SandP500,GPN
2024-08-23 00:00:00-04:00,109.03579780702096,109.77051149920652,108.43015308477291,109.70101165771484,1036600,0.0,0.0,SandP500,GPN
2024-08-26 00:00:00-04:00,110.35630826335513,111.31938295753606,109.2542338787682,109.61166381835938,980000,0.0,0.0,SandP500,GPN
2024-08-27 00:00:00-04:00,109.23436407349935,109.85987020726598,108.71808063086308,109.19465637207031,897800,0.0,0.0,SandP500,GPN
2024-08-28 00:00:00-04:00,108.98615066678634,109.4130804242777,106.87136330521166,107.62593841552734,1574700,0.0,0.0,SandP500,GPN
2024-08-29 00:00:00-04:00,108.45993782231125,111.04137024958892,107.86422381215712,110.08822631835938,1465500,0.0,0.0,SandP500,GPN
2024-08-30 00:00:00-04:00,110.3662308079979,110.65415330616001,109.46272531231824,110.21730041503906,2013500,0.0,0.0,SandP500,GPN
2024-09-03 00:00:00-04:00,109.29394053498245,110.42579939608035,108.22165080081147,108.80743408203125,1262700,0.0,0.0,SandP500,GPN
2024-09-04 00:00:00-04:00,108.68829724663559,110.55486980554505,108.41029788412933,109.25422668457031,1435900,0.0,0.0,SandP500,GPN
2024-09-05 00:00:00-04:00,109.85986490568715,109.85986490568715,107.49685531422767,108.18193054199219,1299000,0.0,0.0,SandP500,GPN
2024-09-06 00:00:00-04:00,107.96350547682687,109.48257881537062,106.91107716644532,107.17914581298828,2122900,0.0,0.0,SandP500,GPN
2024-09-09 00:00:00-04:00,107.97343410145153,110.30665162222418,107.59615034604317,109.21450805664062,1857100,0.0,0.0,SandP500,GPN
2024-09-10 00:00:00-04:00,109.35351529329937,109.3634460066034,106.89122863793692,108.57908630371094,1869600,0.0,0.0,SandP500,GPN
2024-09-11 00:00:00-04:00,107.51671152835578,108.82728522127357,105.22320945947808,108.54928588867188,1345600,0.0,0.0,SandP500,GPN
2024-09-12 00:00:00-04:00,108.80742927473099,109.2145051571847,106.42457340396004,108.56914520263672,1206600,0.0,0.0,SandP500,GPN
2024-09-13 00:00:00-04:00,109.00701128550156,110.68879066895218,109.00701128550156,109.90263366699219,1192200,0.25,0.0,SandP500,GPN
2024-09-16 00:00:00-04:00,110.3006891747899,110.98733431493756,109.20604289370465,110.50967407226562,984400,0.0,0.0,SandP500,GPN
2024-09-17 00:00:00-04:00,111.6242158939664,112.3307603566874,110.4599105508461,111.52470397949219,1255300,0.0,0.0,SandP500,GPN
2024-09-18 00:00:00-04:00,111.42518762303104,112.64919854758594,110.62907715442965,110.71864318847656,1058200,0.0,0.0,SandP500,GPN
2024-09-19 00:00:00-04:00,112.93779274279659,113.49507312914244,110.92762474112278,112.42032623291016,2046500,0.0,0.0,SandP500,GPN
2024-09-20 00:00:00-04:00,111.75358745995882,111.75358745995882,109.32545728339478,110.15142059326172,2684900,0.0,0.0,SandP500,GPN
2024-09-23 00:00:00-04:00,110.69873188005444,112.33075144320182,110.05189309889036,110.44000244140625,2112300,0.0,0.0,SandP500,GPN
2024-09-24 00:00:00-04:00,110.66888913436412,117.38604593507178,102.00126993667183,103.30489349365234,9982800,0.0,0.0,SandP500,GPN
2024-09-25 00:00:00-04:00,100.26973178460901,100.50856188503431,95.54284397318412,96.58773040771484,8009300,0.0,0.0,SandP500,GPN
2024-09-26 00:00:00-04:00,97.32414313843539,97.8714624793483,95.95085286690538,97.19477081298828,4561100,0.0,0.0,SandP500,GPN
2024-09-27 00:00:00-04:00,98.17000180091274,101.026032429042,97.37389131113036,100.5284652709961,2796700,0.0,0.0,SandP500,GPN
2024-09-30 00:00:00-04:00,99.73236131235902,102.07092541183862,99.73236131235902,101.9216537475586,2831800,0.0,0.0,SandP500,GPN
2024-10-01 00:00:00-04:00,100.65783258077276,101.38427634368765,99.40396127907383,99.93138122558594,2609500,0.0,0.0,SandP500,GPN
2024-10-02 00:00:00-04:00,99.53333211088123,99.53333211088123,96.10012171740017,97.18482208251953,3378000,0.0,0.0,SandP500,GPN
2024-10-03 00:00:00-04:00,96.84647252761549,98.15009606817681,96.77681342832456,97.71224212646484,1502800,0.0,0.0,SandP500,GPN
2024-10-04 00:00:00-04:00,98.85663565890016,99.00590731924584,97.05544504293924,98.16999816894531,1963600,0.0,0.0,SandP500,GPN
2024-10-07 00:00:00-04:00,98.23965894997421,98.5083418693877,95.80157536856487,97.09525299072266,2217100,0.0,0.0,SandP500,GPN
2024-10-08 00:00:00-04:00,97.27437895361795,99.12532938047524,97.21467332445233,98.33917236328125,2195100,0.0,0.0,SandP500,GPN
2024-10-09 00:00:00-04:00,98.259555354078,100.50856092233471,97.81174797103579,99.93138122558594,2247400,0.0,0.0,SandP500,GPN
2024-10-10 00:00:00-04:00,98.5879503134159,99.08551744078598,97.62266887155447,98.39887237548828,2125800,0.0,0.0,SandP500,GPN
2024-10-11 00:00:00-04:00,98.41878930238424,100.21002658737531,98.22971134526402,100.12046813964844,1833400,0.0,0.0,SandP500,GPN
2024-10-14 00:00:00-04:00,100.07070279550436,102.26994868780601,99.41391810537412,102.13063049316406,1194800,0.0,0.0,SandP500,GPN
2024-10-15 00:00:00-04:00,102.49883526553224,103.48401611943265,101.90175619020691,102.34956359863281,1698100,0.0,0.0,SandP500,GPN
2024-10-16 00:00:00-04:00,102.01122228531567,103.27503954370653,101.07579358566937,101.24496459960938,1553900,0.0,0.0,SandP500,GPN
2024-10-17 00:00:00-04:00,101.69277555820265,102.06097038657006,99.58308812948815,101.12554931640625,1981300,0.0,0.0,SandP500,GPN
2024-10-18 00:00:00-04:00,101.30467417129418,102.42917319035378,99.87167835833375,101.81218719482422,2207500,0.0,0.0,SandP500,GPN
2024-10-21 00:00:00-04:00,100.58817648078944,101.91170691686429,99.10542091303395,99.4935302734375,1931000,0.0,0.0,SandP500,GPN
2024-10-22 00:00:00-04:00,98.5282541063599,99.82192420582597,98.4685408826224,98.82678985595703,1709200,0.0,0.0,SandP500,GPN
2024-10-23 00:00:00-04:00,98.82678619644163,99.47362501835879,98.29936622530485,99.39401245117188,1946400,0.0,0.0,SandP500,GPN
2024-10-24 00:00:00-04:00,99.56318941796803,100.10055525696616,98.7770324125322,99.04571533203125,1784000,0.0,0.0,SandP500,GPN
2024-10-25 00:00:00-04:00,100.21998105098473,100.47871811188348,98.24961925872064,98.64766693115234,1336200,0.0,0.0,SandP500,GPN
2024-10-28 00:00:00-04:00,99.27460106643305,101.41414135515899,98.57800249284175,101.2648696899414,2142000,0.0,0.0,SandP500,GPN
2024-10-29 00:00:00-04:00,100.70758684320992,100.70758684320992,98.41878253766139,98.56805419921875,2360300,0.0,0.0,SandP500,GPN
2024-10-30 00:00:00-04:00,97.52316454845695,103.92187860772518,96.12997496502452,102.82723236083984,4764100,0.0,0.0,SandP500,GPN
2024-10-31 00:00:00-04:00,102.49883124089591,105.32500896285914,102.16048922866315,103.20537567138672,2906600,0.0,0.0,SandP500,GPN
2024-11-01 00:00:00-04:00,103.11582151683955,104.87720593195299,102.5087889710481,103.93183135986328,2469200,0.0,0.0,SandP500,GPN
2024-11-04 00:00:00-05:00,104.41944356541192,106.59879013620626,104.2502725546735,104.63837432861328,4156300,0.0,0.0,SandP500,GPN
2024-11-05 00:00:00-05:00,104.73788488134292,106.95703770683954,104.61846603234574,106.84757232666016,2893800,0.0,0.0,SandP500,GPN
2024-11-06 00:00:00-05:00,111.30576674213718,114.72903106541865,109.33540513635779,114.4802474975586,3846400,0.0,0.0,SandP500,GPN
2024-11-07 00:00:00-05:00,113.84336361107903,114.46034200812129,111.23610905371181,111.37542724609375,2139700,0.0,0.0,SandP500,GPN
2024-11-08 00:00:00-05:00,111.11670340675981,112.00237235686143,110.06185584970846,110.34049224853516,3813800,0.0,0.0,SandP500,GPN
2024-11-11 00:00:00-05:00,111.70382919107662,115.37587731962451,111.46499907632621,114.84845733642578,2500700,0.0,0.0,SandP500,GPN
2024-11-12 00:00:00-05:00,114.19166399808334,117.47561031336855,113.85332197126866,115.79383087158203,2747000,0.0,0.0,SandP500,GPN
2024-11-13 00:00:00-05:00,115.93314945968807,117.15716802634302,115.43558229462504,115.50524139404297,2034600,0.0,0.0,SandP500,GPN
2024-11-14 00:00:00-05:00,115.99284961884493,116.92827827456853,115.25645237512211,115.6445541381836,1486700,0.0,0.0,SandP500,GPN
2024-11-15 00:00:00-05:00,115.3261196356907,116.9183330830565,114.62952862505335,115.43558502197266,1780700,0.0,0.0,SandP500,GPN
2024-11-18 00:00:00-05:00,114.77878711965852,115.58485106963094,114.12200242619559,115.49528503417969,1428400,0.0,0.0,SandP500,GPN
2024-11-19 00:00:00-05:00,114.0523464446666,114.95791473917625,113.4453138945159,114.16181182861328,2797600,0.0,0.0,SandP500,GPN
2024-11-20 00:00:00-05:00,114.82855118366886,114.82855118366886,113.56473390918397,114.27127838134766,2087600,0.0,0.0,SandP500,GPN
2024-11-21 00:00:00-05:00,115.21665013889812,116.51032778938244,114.35088814117502,115.76397705078125,1573300,0.0,0.0,SandP500,GPN
2024-11-22 00:00:00-05:00,115.59480843071272,117.13726210037466,115.39577700760401,116.51033020019531,1041600,0.0,0.0,SandP500,GPN
2024-11-25 00:00:00-05:00,117.86371067294047,118.44088280539017,116.82877007448894,118.0030288696289,2202300,0.0,0.0,SandP500,GPN
2024-11-26 00:00:00-05:00,117.26662181004839,117.8537549927385,116.6894496884278,116.88847351074219,1937000,0.0,0.0,SandP500,GPN
2024-11-27 00:00:00-05:00,117.06760169651902,119.19718855029286,116.51032890256621,118.79913330078125,2782200,0.0,0.0,SandP500,GPN
2024-11-29 00:00:00-05:00,119.0280186470263,119.4161204310454,118.09258994078925,118.38117980957031,868700,0.0,0.0,SandP500,GPN
2024-12-02 00:00:00-05:00,118.77923247658994,118.77923247658994,117.31638381839696,117.55521392822266,2602600,0.0,0.0,SandP500,GPN
2024-12-03 00:00:00-05:00,117.62487708643103,118.03288581406001,116.91833260928401,117.67463684082031,1326700,0.0,0.0,SandP500,GPN
2024-12-04 00:00:00-05:00,117.59501769924582,117.69452961019088,115.87343962230683,116.28144073486328,1589300,0.0,0.0,SandP500,GPN
2024-12-05 00:00:00-05:00,115.4156806079212,116.56007899053915,114.68922922106218,115.28630828857422,2566900,0.0,0.0,SandP500,GPN
2024-12-06 00:00:00-05:00,116.58994515118789,117.78410334514497,115.67441577072998,117.25668334960938,3143400,0.0,0.0,SandP500,GPN
2024-12-09 00:00:00-05:00,117.42585236550097,118.28166850707203,115.98291060639323,116.22174072265625,1748000,0.0,0.0,SandP500,GPN
2024-12-10 00:00:00-05:00,116.87851860316051,116.87851860316051,114.84845134527316,115.19674682617188,1438900,0.0,0.0,SandP500,GPN
2024-12-11 00:00:00-05:00,115.66446466083372,116.69939766623003,114.97781955462276,116.50037384033203,1626400,0.0,0.0,SandP500,GPN
2024-12-12 00:00:00-05:00,116.67949767384847,116.98798687996224,115.19674967999146,115.20669555664062,2090800,0.0,0.0,SandP500,GPN
2024-12-13 00:00:00-05:00,115.49591245828627,115.615589748729,113.75065858502079,113.90025329589844,1156000,0.25,0.0,SandP500,GPN
2024-12-16 00:00:00-05:00,113.52128761942093,114.49862553615823,112.89299134995811,113.65093231201172,1767100,0.0,0.0,SandP500,GPN
2024-12-17 00:00:00-05:00,113.2719660220776,114.81775776345707,112.9328841660394,114.38892364501953,1386000,0.0,0.0,SandP500,GPN
2024-12-18 00:00:00-05:00,114.68811369633401,115.84497136492674,110.57928462303654,110.6690444946289,1783100,0.0,0.0,SandP500,GPN
2024-12-19 00:00:00-05:00,111.8657820724532,112.74340029524329,109.63185930378388,110.28009796142578,2637000,0.0,0.0,SandP500,GPN
2024-12-20 00:00:00-05:00,109.39251566347288,112.5439415711341,109.11327625998806,111.72616577148438,3300500,0.0,0.0,SandP500,GPN
2024-12-23 00:00:00-05:00,110.62914901510938,111.76605663259423,109.2927792488622,111.50675964355469,1053900,0.0,0.0,SandP500,GPN
2024-12-24 00:00:00-05:00,111.15770972708397,112.9029635725911,111.15770972708397,112.67359161376953,439200,0.0,0.0,SandP500,GPN
2024-12-26 00:00:00-05:00,111.88573530498046,113.7706088840431,111.42698377021048,113.45147705078125,821200,0.0,0.0,SandP500,GPN
2024-12-27 00:00:00-05:00,112.51402225271939,113.87033442565611,111.58654418753034,112.04529571533203,1038600,0.0,0.0,SandP500,GPN
2024-12-30 00:00:00-05:00,111.04801296674296,111.50676451588718,109.33267645594952,110.52942657470703,1043900,0.0,0.0,SandP500,GPN
2024-12-31 00:00:00-05:00,111.32724652230124,112.12507989283739,110.94827985608318,111.7560806274414,938400,0.0,0.0,SandP500,GPN
2025-01-02 00:00:00-05:00,112.18491568925813,113.18220360658141,111.40703233113847,111.59651947021484,959800,0.0,0.0,SandP500,GPN
2025-01-03 00:00:00-05:00,112.01537647781485,112.88301968881827,110.90838630155986,112.27467346191406,896600,0.0,0.0,SandP500,GPN
2025-01-06 00:00:00-05:00,112.863069403824,114.87759521532428,112.61374742973653,112.72344970703125,1173200,0.0,0.0,SandP500,GPN
2025-01-07 00:00:00-05:00,113.13234439800459,114.03987245123334,111.31728068284409,111.9754867553711,942000,0.0,0.0,SandP500,GPN
2025-01-08 00:00:00-05:00,111.24746797011525,111.24746797011525,109.38253686331925,111.08789825439453,1490500,0.0,0.0,SandP500,GPN
2025-01-10 00:00:00-05:00,108.6345777743872,109.32270890149141,104.75512821913917,105.42330932617188,2161700,0.0,0.0,SandP500,GPN
2025-01-13 00:00:00-05:00,105.05430684218258,106.78959331779251,104.86482730949417,106.5302963256836,2294500,0.0,0.0,SandP500,GPN
2025-01-14 00:00:00-05:00,107.29820475564127,108.03620330223899,106.67989110850107,107.80682373046875,2154200,0.0,0.0,SandP500,GPN
2025-01-15 00:00:00-05:00,110.58925826089505,110.87847267445508,108.38525284242354,108.72432708740234,1700100,0.0,0.0,SandP500,GPN
2025-01-16 00:00:00-05:00,108.44509101985619,109.75154342595107,108.27555389215108,108.80411529541016,1199000,0.0,0.0,SandP500,GPN
2025-01-17 00:00:00-05:00,109.44237341479891,109.82134769121396,107.88660670569313,108.1259536743164,2575000,0.0,0.0,SandP500,GPN
2025-01-21 00:00:00-05:00,108.8041122306559,109.3925160690689,107.81679930504444,108.27555084228516,2198200,0.0,0.0,SandP500,GPN
2025-01-22 00:00:00-05:00,107.89658587833755,108.90384123081331,107.68715632162368,108.2256851196289,1242400,0.0,0.0,SandP500,GPN
2025-01-23 00:00:00-05:00,108.27554786686777,108.75424941053554,107.02893798187174,107.56747436523438,1547300,0.0,0.0,SandP500,GPN
2025-01-24 00:00:00-05:00,107.63728437499833,109.01353895095374,107.60736695510627,108.7542495727539,1146300,0.0,0.0,SandP500,GPN
2025-01-27 00:00:00-05:00,108.75425023709663,110.52942150943029,108.51489565909213,110.49950408935547,1233400,0.0,0.0,SandP500,GPN
2025-01-28 00:00:00-05:00,110.41971691150252,110.82860099177788,109.40247899810012,110.08063507080078,1222800,0.0,0.0,SandP500,GPN
2025-01-29 00:00:00-05:00,110.10059022026425,110.74882890372628,109.49224396749102,110.02080535888672,1130500,0.0,0.0,SandP500,GPN
2025-01-30 00:00:00-05:00,111.05798333495295,113.69082283399123,110.89841361564008,112.6037826538086,1395600,0.0,0.0,SandP500,GPN
2025-01-31 00:00:00-05:00,113.07249905125637,113.8603574031295,112.05526874388896,112.54393768310547,1621600,0.0,0.0,SandP500,GPN
2025-02-03 00:00:00-05:00,110.33993273905898,111.25743578173326,108.91381073652495,110.3698501586914,1631300,0.0,0.0,SandP500,GPN
2025-02-04 00:00:00-05:00,109.51218655318085,110.24021009918177,108.7243281654029,109.75154113769531,1251100,0.0,0.0,SandP500,GPN
2025-02-05 00:00:00-05:00,110.31999557105105,111.8258948945945,110.23023569918573,111.49679565429688,1455700,0.0,0.0,SandP500,GPN
2025-02-06 00:00:00-05:00,111.89570429473318,112.19489372147171,110.58925952262817,110.84855651855469,1137500,0.0,0.0,SandP500,GPN
2025-02-07 00:00:00-05:00,111.26741573245842,111.48682029777687,108.44508902168593,109.3027572631836,1771100,0.0,0.0,SandP500,GPN
2025-02-10 00:00:00-05:00,109.72161722405777,110.18037637802483,108.97365125942484,109.32270812988281,1426400,0.0,0.0,SandP500,GPN
2025-02-11 00:00:00-05:00,108.23566105579366,109.72161798540508,106.59013440044241,106.78959655761719,3073500,0.0,0.0,SandP500,GPN
2025-02-12 00:00:00-05:00,106.13137596556653,108.6944055515074,106.13137596556653,108.53484344482422,2961700,0.0,0.0,SandP500,GPN
2025-02-13 00:00:00-05:00,108.25560594114185,108.48497790013428,103.02981180157917,103.84758758544922,3987000,0.0,0.0,SandP500,GPN
2025-02-14 00:00:00-05:00,104.9944718650296,106.70980831895102,104.42601805029545,105.34352111816406,1975800,0.0,0.0,SandP500,GPN
2025-02-18 00:00:00-05:00,105.35349862537123,106.79956311208113,105.17398648968903,106.76964569091797,2708300,0.0,0.0,SandP500,GPN
2025-02-19 00:00:00-05:00,106.2211362640165,106.97906958906958,105.72249231446443,106.27099609375,1655600,0.0,0.0,SandP500,GPN
2025-02-20 00:00:00-05:00,106.43057067313589,106.61008280752556,103.96726823239548,105.29366302490234,1806400,0.0,0.0,SandP500,GPN
2025-02-21 00:00:00-05:00,105.00444752277377,105.97181803650436,102.44141783579315,102.9001693725586,2189200,0.0,0.0,SandP500,GPN
2025-02-24 00:00:00-05:00,102.89019142668732,103.76780965345833,102.22201035581605,103.5583724975586,3019800,0.0,0.0,SandP500,GPN
2025-02-25 00:00:00-05:00,104.74514951423052,105.27371089693096,102.89019336558552,103.14949035644531,2185900,0.0,0.0,SandP500,GPN
2025-02-26 00:00:00-05:00,102.94006109521546,103.26916793738326,101.15491479192401,101.24466705322266,1909400,0.0,0.0,SandP500,GPN
2025-02-27 00:00:00-05:00,101.67350098557802,104.00715868833214,101.62364115451291,102.96997833251953,1661600,0.0,0.0,SandP500,GPN
2025-02-28 00:00:00-05:00,103.13951258990174,105.27370808302547,102.93008304435627,104.99446868896484,1997800,0.0,0.0,SandP500,GPN
2025-03-03 00:00:00-05:00,105.11414815862511,105.78232923810293,101.92282225338406,102.77052307128906,2744200,0.0,0.0,SandP500,GPN
2025-03-04 00:00:00-05:00,101.20478345701542,101.38429559048902,97.61454078754335,99.2700424194336,2551700,0.0,0.0,SandP500,GPN
2025-03-05 00:00:00-05:00,99.20023295302653,100.69616486821153,98.7813738428635,100.0080337524414,1884800,0.0,0.0,SandP500,GPN
2025-03-06 00:00:00-05:00,98.93096271414407,100.61638180346932,98.69161573387707,99.86841583251953,2119000,0.0,0.0,SandP500,GPN
2025-03-07 00:00:00-05:00,99.24012675372751,101.04521552151664,98.78137520644918,100.4967041015625,2108700,0.0,0.0,SandP500,GPN
2025-03-10 00:00:00-04:00,98.71156342029252,100.03795059480458,96.57736023363104,96.8067398071289,2728600,0.0,0.0,SandP500,GPN
2025-03-11 00:00:00-04:00,96.64717835933969,96.90646774665859,92.58820912063162,92.99710083007812,2568100,0.0,0.0,SandP500,GPN
2025-03-12 00:00:00-04:00,94.06419540760373,94.51297192381699,90.74322483977627,92.6480484008789,2159700,0.0,0.0,SandP500,GPN
2025-03-13 00:00:00-04:00,92.92728822013378,95.08142615991748,91.41141393722692,91.93000030517578,3096900,0.0,0.0,SandP500,GPN
2025-03-14 00:00:00-04:00,92.76000213623047,94.38999938964844,92.18000030517578,94.23999786376953,3081600,0.25,0.0,SandP500,GPN
